           0           0           1   0.0000000000000000        35.000000000000000        827.71900934518465        3.8087078825829283E-003   143.35617456893263        748.17325796680575     
           0           0           2  0.87500000000000000        35.000000000000000        828.07126319010592        3.8217509982123653E-003   143.35617456893263        748.17325796680598     
           0           0           3   0.0000000000000000        33.250000000000000        821.59010509345444        3.5803999670004417E-003   143.35617456893263        748.17325796680598     
           0           0           4   1.7500000000000000        35.000000000000000        828.53548289373111        3.8389241551397201E-003   286.71234913786520        748.17325796680575     
           0           0           5   1.7500000000000000        33.250000000000000        822.27605245438133        3.6059698333348097E-003   286.71234913786526        748.17325796680598     
           0           0           6   2.6250000000000000        35.000000000000000        829.01490794323752        3.8566518393069941E-003   143.35617456893263        748.17325796680598     
           0           0           7   0.0000000000000000        31.500000000000000        817.14695544401923        3.4139117483428928E-003   286.71234913786526        748.17325796680586     
           0           0           8   3.5000000000000000        35.000000000000000        829.62828733135677        3.8793122794256018E-003   286.71234913786520        748.17325796680575     
           0           0           9  0.87500000000000000        31.500000000000000        817.34014257840602        3.4211582134356330E-003   286.71234913786520        748.17325796680598     
           0           0          10   3.5000000000000000        33.250000000000000        823.13893711407763        3.6380913109816688E-003   286.71234913786526        748.17325796680598     
           0           0          11   1.7500000000000000        31.500000000000000        817.71410524397004        3.4351698759915654E-003   573.42469827573029        748.17325796680575     
           0           0          12   2.6250000000000000        31.500000000000000        817.98754466955677        3.4454101442482178E-003   286.71234913786520        748.17325796680598     
           0           0          13   4.3750000000000000        35.000000000000000        830.26367625881596        3.9027712077884360E-003   143.35617456893263        748.17325796680598     
           0           0          14   3.5000000000000000        31.500000000000000        818.40394975436186        3.4609930047944815E-003   573.42469827573029        748.17325796680575     
           0           0          15   0.0000000000000000        29.750000000000000        811.45517085810525        3.1994394083410395E-003   143.35617456893263        748.17325796680598     
           0           0          16   5.2500000000000000        35.000000000000000        831.07978494213330        3.9328705082250677E-003   286.71234913786520        748.17325796680575     
           0           0          17   1.7500000000000000        29.750000000000000        811.78521906395190        3.2118929676033304E-003   286.71234913786526        748.17325796680598     
           0           0          18   5.2500000000000000        33.250000000000000        824.21543012440043        3.6781113686927460E-003   286.71234913786526        748.17325796680598     
           0           0          19   4.3750000000000000        31.500000000000000        818.71004728411515        3.4724440975215562E-003   286.71234913786520        748.17325796680598     
           0           0          20   6.1250000000000000        35.000000000000000        831.95127635622100        3.9649916985973000E-003   143.35617456893263        748.17325796680598     
           0           0          21   3.5000000000000000        29.750000000000000        812.05843881862836        3.2221772291291511E-003   286.71234913786526        748.17325796680598     
           0           0          22   5.2500000000000000        31.500000000000000        819.20510933537946        3.4909512855695575E-003   573.42469827573029        748.17325796680575     
           0           0          23   0.0000000000000000        28.000000000000000        805.98880461430497        2.9924516646142375E-003   286.71234913786526        748.17325796680586     
           0           0          24   7.0000000000000000        35.000000000000000        833.09479047065838        4.0070768164729882E-003   286.71234913786520        748.17325796680575     
           0           0          25   6.1250000000000000        31.500000000000000        819.55872550718436        3.5041649731657049E-003   286.71234913786520        748.17325796680598     
           0           0          26  0.87500000000000000        28.000000000000000        805.83522719016253        2.9866668013469552E-003   286.71234913786520        748.17325796680598     
           0           0          27   7.0000000000000000        33.250000000000000        825.63234607677475        3.7307116419252320E-003   286.71234913786526        748.17325796680598     
           0           0          28   1.7500000000000000        28.000000000000000        806.06816500595846        2.9954824426808592E-003   573.42469827573029        748.17325796680575     
           0           0          29   5.2500000000000000        29.750000000000000        812.17307858803872        3.2264557432790525E-003   286.71234913786526        748.17325796680598     
           0           0          30   2.6250000000000000        28.000000000000000        805.82433737392444        2.9862909131322052E-003   286.71234913786520        748.17325796680598     
           0           0          31   7.0000000000000000        31.500000000000000        820.16600530165920        3.5268497791798329E-003   573.42469827573029        748.17325796680575     
           0           0          32   3.5000000000000000        28.000000000000000        805.67523034181954        2.9806564225439204E-003   573.42469827573029        748.17325796680575     
           0           0          33   7.8750000000000000        35.000000000000000        834.35927993600205        4.0535771792914533E-003   143.35617456893263        748.17325796680598     
           0           0          34   4.3750000000000000        28.000000000000000        806.02652254824784        2.9941490525500665E-003   286.71234913786520        748.17325796680598     
           0           0          35   7.8750000000000000        31.500000000000000        820.72707420261327        3.5478512129882055E-003   286.71234913786520        748.17325796680598     
           0           0          36   8.7500000000000000        35.000000000000000        836.08017046259260        4.1167191658026420E-003   286.71234913786520        748.17325796680575     
           0           0          37   0.0000000000000000        26.250000000000000        815.69393895877488        3.3597328271350014E-003   143.35617456893263        748.17325796680598     
           0           0          38   7.0000000000000000        29.750000000000000        812.04805180143376        3.2216736860014700E-003   286.71234913786526        748.17325796680598     
           0           0          39   5.2500000000000000        28.000000000000000        806.38399217849383        3.0078304721669336E-003   573.42469827573029        748.17325796680575     
           0           0          40   8.7500000000000000        33.250000000000000        827.62483017146656        3.8045526731989806E-003   286.71234913786526        748.17325796680598     
           0           0          41   1.7500000000000000        26.250000000000000        816.16672227138861        3.3775015806100546E-003   286.71234913786526        748.17325796680598     
           0           0          42   6.1250000000000000        28.000000000000000        806.96128437637276        3.0299465961583908E-003   286.71234913786520        748.17325796680598     
           0           0          43   8.7500000000000000        31.500000000000000        821.85897542785324        3.5902431658848552E-003   573.42469827573029        748.17325796680575     
           0           0          44   3.5000000000000000        26.250000000000000        817.47406891590742        3.4266266707892899E-003   286.71234913786526        748.17325796680598     
           0           0          45   9.6250000000000000        35.000000000000000        838.12060478534204        4.1914991064717650E-003   143.35617456893263        748.17325796680598     
           0           0          46   7.0000000000000000        28.000000000000000        807.55017084283850        3.0524372847626565E-003   573.42469827573029        748.17325796680575     
           0           0          47   8.7500000000000000        29.750000000000000        811.08325135106134        3.1852331656147276E-003   286.71234913786526        748.17325796680598     
           0           0          48   5.2500000000000000        26.250000000000000        820.10215871583910        3.5251930399444074E-003   286.71234913786526        748.17325796680598     
           0           0          49   9.6250000000000000        31.500000000000000        821.85978958608735        3.5900545917777267E-003   286.71234913786520        748.17325796680598     
           0           0          50   10.500000000000000        35.000000000000000        841.01858200337233        4.2973475079339987E-003   286.71234913786520        748.17325796680575     
           0           0          51   0.0000000000000000        24.500000000000000        815.67380868808789        3.3601002642556417E-003   286.71234913786526        748.17325796680586     
           0           0          52   7.8750000000000000        28.000000000000000        809.59878945158209        3.1302739735986958E-003   286.71234913786520        748.17325796680598     
           0           0          53  0.87500000000000000        24.500000000000000        816.11983049631010        3.3768490685430943E-003   286.71234913786520        748.17325796680598     
           0           0          54   1.7500000000000000        24.500000000000000        816.25233781063002        3.3818551173884883E-003   573.42469827573029        748.17325796680575     
           0           0          55   10.500000000000000        33.250000000000000        830.56071343781616        3.9130812611976179E-003   286.71234913786526        748.17325796680598     
           0           0          56   2.6250000000000000        24.500000000000000        816.99543616556161        3.4097806004013379E-003   286.71234913786520        748.17325796680598     
           0           0          57   3.5000000000000000        24.500000000000000        817.65672663259602        3.4346295394182139E-003   573.42469827573029        748.17325796680575     
           0           0          58   10.500000000000000        31.500000000000000        822.28961745800973        3.6058518198039120E-003   573.42469827573029        748.17325796680575     
           0           0          59   8.7500000000000000        28.000000000000000        812.49462751721364        3.2399364401515113E-003   573.42469827573029        748.17325796680575     
           0           0          60   7.0000000000000000        26.250000000000000        824.49454716100968        3.6892554203159251E-003   286.71234913786526        748.17325796680598     
           0           0          61   11.375000000000000        35.000000000000000        844.61974036061633        4.4286512835632254E-003   143.35617456893263        748.17325796680598     
           0           0          62   4.3750000000000000        24.500000000000000        819.08119880424556        3.4880808938401271E-003   286.71234913786520        748.17325796680598     
           0           0          63   10.500000000000000        29.750000000000000        815.74294443646147        3.3609707697232248E-003   286.71234913786526        748.17325796680598     
           0           0          64   5.2500000000000000        24.500000000000000        820.58480630901613        3.5443993718963173E-003   573.42469827573029        748.17325796680575     
           0           0          65   11.375000000000000        31.500000000000000        820.75902359768543        3.5483378778802988E-003   286.71234913786520        748.17325796680598     
           0           0          66   9.6250000000000000        28.000000000000000        816.78204885688342        3.4017746398584910E-003   286.71234913786520        748.17325796680598     
           0           0          67   6.1250000000000000        24.500000000000000        822.84928396969394        3.6290320580666694E-003   286.71234913786520        748.17325796680598     
           0           0          68   0.0000000000000000        22.750000000000000        827.60517201913785        3.8057057426832503E-003   143.35617456893263        748.17325796680598     
           0           0          69   12.250000000000000        35.000000000000000        848.64439071555671        4.5754292729385648E-003   286.71234913786520        748.17325796680575     
           0           0          70   12.250000000000000        33.250000000000000        834.84755357402264        4.0709440238558374E-003   286.71234913786526        748.17325796680598     
           0           0          71   1.7500000000000000        22.750000000000000        828.31503905570412        3.8320312278564634E-003   286.71234913786526        748.17325796680598     
           0           0          72   8.7500000000000000        26.250000000000000        831.53540560317924        3.9504480210459094E-003   286.71234913786526        748.17325796680598     
           0           0          73   7.0000000000000000        24.500000000000000        825.58014520079450        3.7307354154486796E-003   573.42469827573029        748.17325796680575     
           0           0          74   10.500000000000000        28.000000000000000        821.81843682559213        3.5905239106707411E-003   573.42469827573029        748.17325796680575     
           0           0          75   3.5000000000000000        22.750000000000000        830.08530184315464        3.8976195539882300E-003   286.71234913786526        748.17325796680598     
           0           0          76   12.250000000000000        31.500000000000000        820.83249084562294        3.5510377265758012E-003   573.42469827573029        748.17325796680575     
           0           0          77   7.8750000000000000        24.500000000000000        829.05351220717625        3.8596839958780008E-003   286.71234913786520        748.17325796680598     
           0           0          78   13.125000000000000        35.000000000000000        861.05606655449037        5.0209915477607212E-003   143.35617456893263        748.17325796680598     
           0           0          79   5.2500000000000000        22.750000000000000        833.26859434942207        4.0152150288370377E-003   286.71234913786526        748.17325796680598     
           0           0          80   12.250000000000000        29.750000000000000        828.18915127184107        3.8252161316201109E-003   286.71234913786526        748.17325796680598     
           0           0          81   11.375000000000000        28.000000000000000        827.78439091745747        3.8128722006360552E-003   286.71234913786520        748.17325796680598     
           0           0          82   13.125000000000000        31.500000000000000        816.23758286588759        3.3797294726120222E-003   286.71234913786520        748.17325796680598     
           0           0          83   10.500000000000000        26.250000000000000        842.82101224845337        4.3645868236174470E-003   286.71234913786526        748.17325796680598     
           0           0          84   8.7500000000000000        24.500000000000000        833.69982603702988        4.0312062479939603E-003   573.42469827573029        748.17325796680575     
           0           0          85   0.0000000000000000        21.000000000000000        828.56374706389170        3.8419235126158626E-003   286.71234913786526        748.17325796680586     
           0           0          86   14.000000000000000        35.000000000000000        845.26627529537768        4.4494024443512015E-003   286.71234913786520        748.17325796680575     
           0           0          87  0.87500000000000000        21.000000000000000        828.89018227248278        3.8540200212148854E-003   286.71234913786520        748.17325796680598     
           0           0          88   14.000000000000000        33.250000000000000        840.97466616000270        4.2953208757177015E-003   286.71234913786526        748.17325796680598     
           0           0          89   7.0000000000000000        22.750000000000000        838.24518486715806        4.1981674189974904E-003   286.71234913786526        748.17325796680598     
           0           0          90   12.250000000000000        28.000000000000000        838.98863091563931        4.2251598551279416E-003   573.42469827573029        748.17325796680575     
           0           0          91   1.7500000000000000        21.000000000000000        829.33038317668081        3.8703247393094475E-003   573.42469827573029        748.17325796680575     
           0           0          92   9.6250000000000000        24.500000000000000        839.06318603101920        4.2281989747616983E-003   286.71234913786520        748.17325796680598     
           0           0          93   2.6250000000000000        21.000000000000000        830.20027303470215        3.9025249956556058E-003   286.71234913786520        748.17325796680598     
           0           0          94   14.000000000000000        31.500000000000000        814.37189110757345        3.3110608074195507E-003   573.42469827573029        748.17325796680575     
           0           0          95   3.5000000000000000        21.000000000000000        831.30542868898863        3.9433796569349608E-003   573.42469827573029        748.17325796680575     
           0           0          96   4.3750000000000000        21.000000000000000        832.82248801615026        3.9993874162804113E-003   286.71234913786520        748.17325796680598     
           0           0          97   10.500000000000000        24.500000000000000        846.69190796875091        4.5060280760920437E-003   573.42469827573029        748.17325796680575     
           0           0          98   13.125000000000000        28.000000000000000        848.17414843921938        4.5589983476181191E-003   286.71234913786520        748.17325796680598     
           0           0          99   14.875000000000000        35.000000000000000        847.71946241427179        4.5393475575680855E-003   143.35617456893263        748.17325796680598     
           0           0         100   14.000000000000000        29.750000000000000        850.65780561919303        4.6463680486057866E-003   286.71234913786526        748.17325796680598     
           0           0         101   5.2500000000000000        21.000000000000000        834.73722358697239        4.0699123057208386E-003   573.42469827573029        748.17325796680575     
           0           0         102   8.7500000000000000        22.750000000000000        845.60628734082820        4.4668181722749608E-003   286.71234913786526        748.17325796680598     
           0           0         103   12.250000000000000        26.250000000000000        860.40981378260028        4.9994697479113122E-003   286.71234913786526        748.17325796680598     
           0           0         104   6.1250000000000000        21.000000000000000        837.01230807732929        4.1535325316802178E-003   286.71234913786520        748.17325796680598     
           0           0         105   14.875000000000000        31.500000000000000        805.56584314076588        2.9962982185576599E-003   286.71234913786520        748.17325796680598     
           0           0         106   11.375000000000000        24.500000000000000        855.17526256288875        4.8124329338800828E-003   286.71234913786520        748.17325796680598     
           0           0         107   14.000000000000000        28.000000000000000        877.07143158372298        5.5860724241492531E-003   573.42469827573029        748.17325796680575     
           0           0         108   7.0000000000000000        21.000000000000000        839.93811754798242        4.2606976800725989E-003   573.42469827573029        748.17325796680575     
           0           0         109   0.0000000000000000        19.250000000000000        836.96428899979014        4.1517166456687092E-003   143.35617456893263        748.17325796680598     
           0           0         110   15.750000000000000        35.000000000000000        808.69515579113568        3.1406498519303870E-003   286.71234913786520        748.17325796680575     
           0           0         111   15.750000000000000        33.250000000000000        877.28895303250602        5.5960295468283272E-003   286.71234913786526        748.17325796680598     
           0           0         112   1.7500000000000000        19.250000000000000        837.64625099135287        4.1767445400408424E-003   286.71234913786526        748.17325796680598     
           0           0         113   7.8750000000000000        21.000000000000000        843.11718084487211        4.3767792268846074E-003   286.71234913786520        748.17325796680598     
           0           0         114   3.5000000000000000        19.250000000000000        839.38220862095363        4.2403592915582367E-003   286.71234913786526        748.17325796680598     
           0           0         115   10.500000000000000        22.750000000000000        856.19283544130508        4.8491438484361028E-003   286.71234913786526        748.17325796680598     
           0           0         116   15.750000000000000        31.500000000000000        804.89845999686770        3.0084416965050500E-003   573.42469827573029        748.17325796680575     
           0           0         117   12.250000000000000        24.500000000000000        862.73251052944943        5.0857809872386518E-003   573.42469827573029        748.17325796680575     
           0           0         118   14.875000000000000        28.000000000000000        858.92226309555576        4.9463542733362937E-003   286.71234913786520        748.17325796680598     
           0           0         119   14.000000000000000        26.250000000000000        908.11110381407332        6.6861224881199196E-003   286.71234913786526        748.17325796680598     
           0           0         120   8.7500000000000000        21.000000000000000        847.28301849900652        4.5281620153265400E-003   573.42469827573029        748.17325796680575     
           0           0         121   15.750000000000000        29.750000000000000        889.12348600613655        6.0192104620263838E-003   286.71234913786526        748.17325796680598     
           0           0         122   5.2500000000000000        19.250000000000000        842.25274321266556        4.3452642459281959E-003   286.71234913786526        748.17325796680598     
           0           0         123   16.625000000000000        35.000000000000000        888.24770722530070        5.9844056324692679E-003   143.35617456893263        748.17325796680598     
           0           0         124   13.125000000000000        24.500000000000000        882.58727149621927        5.7815528248399113E-003   286.71234913786520        748.17325796680598     
           0           0         125   9.6250000000000000        21.000000000000000        851.46280955778150        4.6794170893907404E-003   286.71234913786520        748.17325796680598     
           0           0         126   16.625000000000000        31.500000000000000        897.82586343887374        6.3358583333048132E-003   286.71234913786520        748.17325796680598     
           0           0         127   7.0000000000000000        19.250000000000000        846.36127643315990        4.4947965428187133E-003   286.71234913786526        748.17325796680598     
           0           0         128   15.750000000000000        28.000000000000000        820.74594954054294        3.5387690887327757E-003   573.42469827573029        748.17325796680575     
           0           0         129   12.250000000000000        22.750000000000000        866.96706819819474        5.2349327035683055E-003   286.71234913786526        748.17325796680598     
           0           0         130   14.000000000000000        24.500000000000000        884.11750182261915        5.8579966708435759E-003   573.42469827573029        748.17325796680575     
           0           0         131   17.500000000000000        35.000000000000000        848.00087962130704        4.5372273168375523E-003   143.35617456893260        748.17325796680575     
           0           0         132   0.0000000000000000        17.500000000000000        838.90910266288302        4.2233563618051763E-003   286.71234913786526        748.17325796680586     
           0           0         133   10.500000000000000        21.000000000000000        856.99003846286587        4.8781917503946072E-003   573.42469827573029        748.17325796680575     
           0           0         134  0.87500000000000000        17.500000000000000        839.03355103376771        4.2279300473007965E-003   286.71234913786520        748.17325796680598     
           0           0         135   1.7500000000000000        17.500000000000000        839.56498284438157        4.2473753440220377E-003   573.42469827573029        748.17325796680575     
           0           0         136   17.500000000000000        33.250000000000000        897.82563767762986        6.3232598416351014E-003   143.35617456893263        748.17325796680598     
           0           0         137   2.6250000000000000        17.500000000000000        840.24446519998799        4.2722379438014501E-003   286.71234913786520        748.17325796680598     
           0           0         138   17.500000000000000        31.500000000000000        811.45547558861392        3.2214254411738778E-003   286.71234913786515        748.17325796680586     
           0           0         139   3.5000000000000000        17.500000000000000        841.30240693074813        4.3108858441270803E-003   573.42469827573029        748.17325796680575     
           0           0         140   8.7500000000000000        19.250000000000000        851.76688334859068        4.6904463284072224E-003   286.71234913786526        748.17325796680598     
           0           0         141   15.750000000000000        26.250000000000000        877.13861049229649        5.5942103848860012E-003   286.71234913786526        748.17325796680598     
           0           0         142   4.3750000000000000        17.500000000000000        842.46850829068342        4.3534518416705366E-003   286.71234913786520        748.17325796680598     
           0           0         143   11.375000000000000        21.000000000000000        862.07937123931072        5.0602312463040432E-003   286.71234913786520        748.17325796680598     
           0           0         144   16.625000000000000        28.000000000000000        826.14645447375881        3.7471275425993776E-003   286.71234913786520        748.17325796680598     
           0           0         145   14.875000000000000        24.500000000000000        811.89891572129295        3.2321991760386548E-003   286.71234913786520        748.17325796680598     
           0           0         146   17.500000000000000        29.750000000000000        866.45003116689281        5.2351954827931004E-003   143.35617456893263        748.17325796680598     
           0           0         147   5.2500000000000000        17.500000000000000        844.07811806665052        4.4120817584195711E-003   573.42469827573029        748.17325796680575     
           0           0         148   6.1250000000000000        17.500000000000000        845.71069883144310        4.4714664401332375E-003   286.71234913786520        748.17325796680598     
           0           0         149   14.000000000000000        22.750000000000000        836.08289797654436        4.1325650852494710E-003   286.71234913786526        748.17325796680598     
           0           0         150   12.250000000000000        21.000000000000000        866.69633007367565        5.2250043532731487E-003   573.42469827573029        748.17325796680575     
           0           0         151   7.0000000000000000        17.500000000000000        847.85140447409128        4.5491250971745117E-003   573.42469827573029        748.17325796680575     
           0           0         152   17.500000000000000        28.000000000000000        818.07668814499277        3.4472871768963654E-003   286.71234913786515        748.17325796680586     
           0           0         153   10.500000000000000        19.250000000000000        858.33569157117995        4.9265630365194256E-003   286.71234913786526        748.17325796680598     
           0           0         154   15.750000000000000        24.500000000000000        854.90471809889846        4.8026502003919247E-003   573.42469827573029        748.17325796680575     
           0           0         155   7.8750000000000000        17.500000000000000        849.88846346978642        4.6228818861520637E-003   286.71234913786520        748.17325796680598     
           0           0         156   13.125000000000000        21.000000000000000        874.33318904432213        5.4939316544614413E-003   286.71234913786520        748.17325796680598     
           0           0         157   0.0000000000000000        15.750000000000000        843.63202923329902        4.3958741039616250E-003   143.35617456893263        748.17325796680598     
           0           0         158   1.7500000000000000        15.750000000000000        844.13105258145856        4.4140585078301358E-003   286.71234913786526        748.17325796680598     
           0           0         159   3.5000000000000000        15.750000000000000        845.46359330347093        4.4625334848045328E-003   286.71234913786526        748.17325796680598     
           0           0         160   17.500000000000000        26.250000000000000        826.45257577901043        3.7624676890753569E-003   143.35617456893263        748.17325796680598     
           0           0         161   8.7500000000000000        17.500000000000000        852.43458415947896        4.7147894063285763E-003   573.42469827573029        748.17325796680575     
           0           0         162   16.625000000000000        24.500000000000000        810.15984426846353        3.1510721264033062E-003   286.71234913786520        748.17325796680598     
           0           0         163   14.000000000000000        21.000000000000000        846.58016156357348        4.5077111777921657E-003   573.42469827573029        748.17325796680575     
           0           0         164   12.250000000000000        19.250000000000000        865.04918947752196        5.1661877271353095E-003   286.71234913786526        748.17325796680598     
           0           0         165   15.750000000000000        22.750000000000000        815.61023086958824        3.3794390792528878E-003   286.71234913786526        748.17325796680598     
           0           0         166   5.2500000000000000        15.750000000000000        847.52291552337670        4.5372976227135440E-003   286.71234913786526        748.17325796680598     
           0           0         167   9.6250000000000000        17.500000000000000        854.70981371167579        4.7967244598118774E-003   286.71234913786520        748.17325796680598     
           0           0         168   17.500000000000000        24.500000000000000        824.10047522054879        3.6756579180760481E-003   286.71234913786515        748.17325796680586     
           0           0         169   10.500000000000000        17.500000000000000        857.31438784960119        4.8902425553495350E-003   573.42469827573029        748.17325796680575     
           0           0         170   14.875000000000000        21.000000000000000        869.69524725009740        5.3258876145234404E-003   286.71234913786520        748.17325796680598     
           0           0         171   7.0000000000000000        15.750000000000000        850.22168443830014        4.6350078610276667E-003   286.71234913786526        748.17325796680598     
           0           0         172   11.375000000000000        17.500000000000000        859.41214432589675        4.9653924515168967E-003   286.71234913786520        748.17325796680598     
           0           0         173   0.0000000000000000        14.000000000000000        845.68192817658883        4.4705887296743671E-003   286.71234913786526        748.17325796680586     
           0           0         174  0.87500000000000000        14.000000000000000        845.66577430145549        4.4700265087162109E-003   286.71234913786520        748.17325796680598     
           0           0         175   14.000000000000000        19.250000000000000        870.80850319049262        5.3689166585356787E-003   286.71234913786526        748.17325796680598     
           0           0         176   1.7500000000000000        14.000000000000000        846.09849251600860        4.4857357390664611E-003   573.42469827573029        748.17325796680575     
           0           0         177   15.750000000000000        21.000000000000000        830.32345222803247        3.9200866353129990E-003   573.42469827573029        748.17325796680575     
           0           0         178   8.7500000000000000        15.750000000000000        853.36597685739139        4.7484706935779627E-003   286.71234913786526        748.17325796680598     
           0           0         179   2.6250000000000000        14.000000000000000        846.50831308465308        4.5006275005352939E-003   286.71234913786520        748.17325796680598     
           0           0         180   3.5000000000000000        14.000000000000000        847.26795979391329        4.5281784078270455E-003   573.42469827573029        748.17325796680575     
           0           0         181   12.250000000000000        17.500000000000000        861.59853417403372        5.0435148212832339E-003   573.42469827573029        748.17325796680575     
           0           0         182   17.500000000000000        22.750000000000000        817.93548957296537        3.4454757988726182E-003   143.35617456893263        748.17325796680598     
           0           0         183   4.3750000000000000        14.000000000000000        847.97591127109308        4.5538549799020861E-003   286.71234913786520        748.17325796680598     
           0           0         184   5.2500000000000000        14.000000000000000        849.02045567929929        4.5916710428737040E-003   573.42469827573029        748.17325796680575     
           0           0         185   16.625000000000000        21.000000000000000        801.22776166940366        2.8106207488314012E-003   286.71234913786520        748.17325796680598     
           0           0         186   6.1250000000000000        14.000000000000000        849.96467270026119        4.6258391934401967E-003   286.71234913786520        748.17325796680598     
           0           0         187   13.125000000000000        17.500000000000000        863.13425235826833        5.0982731242264325E-003   286.71234913786520        748.17325796680598     
           0           0         188   10.500000000000000        15.750000000000000        856.57447790394599        4.8638477587483395E-003   286.71234913786526        748.17325796680598     
           0           0         189   7.0000000000000000        14.000000000000000        851.20023346501671        4.6704680503665977E-003   573.42469827573029        748.17325796680575     
           0           0         190   15.750000000000000        19.250000000000000        840.28512560214358        4.2795979310551024E-003   286.71234913786526        748.17325796680598     
           0           0         191   17.500000000000000        21.000000000000000        799.73378442926878        2.7506453737188045E-003   286.71234913786515        748.17325796680586     
           0           0         192   14.000000000000000        17.500000000000000        858.56932642716686        4.9370166130944361E-003   573.42469827573029        748.17325796680575     
           0           0         193   7.8750000000000000        14.000000000000000        852.28017550046411        4.7094458044084596E-003   286.71234913786520        748.17325796680598     
           0           0         194   0.0000000000000000        12.250000000000000        847.83149726537590        4.5486464223492458E-003   143.35617456893263        748.17325796680598     
           0           0         195   8.7500000000000000        14.000000000000000        853.54561454791371        4.7550423779774715E-003   573.42469827573029        748.17325796680575     
           0           0         196   12.250000000000000        15.750000000000000        859.26256977862340        4.9602041663098229E-003   286.71234913786526        748.17325796680598     
           0           0         197   1.7500000000000000        12.250000000000000        848.12274060752679        4.5592178501873077E-003   286.71234913786526        748.17325796680598     
           0           0         198   14.875000000000000        17.500000000000000        866.87232659261974        5.2308826627927869E-003   286.71234913786520        748.17325796680598     
           0           0         199   3.5000000000000000        12.250000000000000        848.97879779188827        4.5902260888972639E-003   286.71234913786526        748.17325796680598     
           0           0         200   9.6250000000000000        14.000000000000000        854.60435033130966        4.7931549567377463E-003   286.71234913786520        748.17325796680598     
           0           0         201   5.2500000000000000        12.250000000000000        850.24193679689665        4.6359221669966012E-003   286.71234913786526        748.17325796680598     
           0           0         202   10.500000000000000        14.000000000000000        855.64217645347912        4.8304830734443704E-003   573.42469827573029        748.17325796680575     
           0           0         203   15.750000000000000        17.500000000000000        847.98811059573438        4.5571805631662264E-003   573.42469827573029        748.17325796680575     
           0           0         204   17.500000000000000        19.250000000000000        812.34917912965955        3.2310636132926607E-003   143.35617456893263        748.17325796680598     
           0           0         205   7.0000000000000000        12.250000000000000        851.78693415013140        4.6917274120727801E-003   286.71234913786526        748.17325796680598     
           0           0         206   14.000000000000000        15.750000000000000        860.06231093965857        4.9890533710940498E-003   286.71234913786526        748.17325796680598     
           0           0         207   11.375000000000000        14.000000000000000        856.48838389250011        4.8608802907234251E-003   286.71234913786520        748.17325796680598     
           0           0         208   16.625000000000000        17.500000000000000        829.93048557748796        3.8933943447655465E-003   286.71234913786520        748.17325796680598     
           0           0         209   12.250000000000000        14.000000000000000        856.96700978545357        4.8781266565752273E-003   573.42469827573029        748.17325796680575     
           0           0         210   8.7500000000000000        12.250000000000000        853.41949166325753        4.7505973216982553E-003   286.71234913786526        748.17325796680598     
           0           0         211   0.0000000000000000        10.500000000000000        849.44133202462865        4.6069777301845994E-003   286.71234913786526        748.17325796680586     
           0           0         212  0.87500000000000000        10.500000000000000        849.36243772826447        4.6041473558044426E-003   286.71234913786520        748.17325796680598     
           0           0         213   1.7500000000000000        10.500000000000000        849.64779808480773        4.6144619138089593E-003   573.42469827573029        748.17325796680575     
           0           0         214   2.6250000000000000        10.500000000000000        849.84854952162959        4.6217340457782568E-003   286.71234913786520        748.17325796680598     
           0           0         215   3.5000000000000000        10.500000000000000        850.30987926373200        4.6384029074300823E-003   573.42469827573029        748.17325796680575     
           0           0         216   17.500000000000000        17.500000000000000        814.03779569649225        3.2963530012942188E-003   286.71234913786515        748.17325796680586     
           0           0         217   13.125000000000000        14.000000000000000        857.14333497061443        4.8844907308480141E-003   286.71234913786520        748.17325796680598     
           0           0         218   15.750000000000000        15.750000000000000        861.45189326738773        5.0388385369968475E-003   286.71234913786526        748.17325796680598     
           0           0         219   4.3750000000000000        10.500000000000000        850.67593619932723        4.6516403606175448E-003   286.71234913786520        748.17325796680598     
           0           0         220   5.2500000000000000        10.500000000000000        851.26294906028158        4.6728329372762289E-003   573.42469827573029        748.17325796680575     
           0           0         221   10.500000000000000        12.250000000000000        854.87301169684156        4.8029350314878431E-003   286.71234913786526        748.17325796680598     
           0           0         222   14.000000000000000        14.000000000000000        856.79124530512445        4.8719324606074921E-003   573.42469827573029        748.17325796680575     
           0           0         223   6.1250000000000000        10.500000000000000        851.74331500713151        4.6901797897881750E-003   286.71234913786520        748.17325796680598     
           0           0         224   7.0000000000000000        10.500000000000000        852.37573185643782        4.7129895613290543E-003   573.42469827573029        748.17325796680575     
           0           0         225   14.875000000000000        14.000000000000000        855.72395197940023        4.8337286675423103E-003   286.71234913786520        748.17325796680598     
           0           0         226   7.8750000000000000        10.500000000000000        852.90051332982898        4.7319146723260683E-003   286.71234913786520        748.17325796680598     
           0           0         227   12.250000000000000        12.250000000000000        855.75067055011095        4.8345465576627895E-003   286.71234913786526        748.17325796680598     
           0           0         228   17.500000000000000        15.750000000000000        832.81912102320609        3.9990491966998961E-003   143.35617456893263        748.17325796680598     
           0           0         229   8.7500000000000000        10.500000000000000        853.47250254734911        4.7525294367472088E-003   573.42469827573029        748.17325796680575     
           0           0         230   15.750000000000000        14.000000000000000        851.26094401904402        4.6739910225847212E-003   573.42469827573029        748.17325796680575     
           0           0         231   0.0000000000000000        8.7500000000000000        850.20329180879776        4.6345785365591030E-003   143.35617456893263        748.17325796680598     
           0           0         232   1.7500000000000000        8.7500000000000000        850.34621729348794        4.6397588561716968E-003   286.71234913786526        748.17325796680598     
           0           0         233   9.6250000000000000        10.500000000000000        853.95130018776376        4.7697770600213041E-003   286.71234913786520        748.17325796680598     
           0           0         234   3.5000000000000000        8.7500000000000000        850.84772015548447        4.6578822603688796E-003   286.71234913786526        748.17325796680598     
           0           0         235   10.500000000000000        10.500000000000000        854.32774759018514        4.7833535060074666E-003   573.42469827573029        748.17325796680575     
           0           0         236   14.000000000000000        12.250000000000000        855.70964448955851        4.8331680564764924E-003   286.71234913786526        748.17325796680598     
           0           0         237   5.2500000000000000        8.7500000000000000        851.57492521919414        4.6841416271617073E-003   286.71234913786526        748.17325796680598     
           0           0         238   16.625000000000000        14.000000000000000        852.57828065695969        4.7206559564533018E-003   286.71234913786520        748.17325796680598     
           0           0         239   11.375000000000000        10.500000000000000        854.66435882010239        4.7954745594554083E-003   286.71234913786520        748.17325796680598     
           0           0         240   7.0000000000000000        8.7500000000000000        852.43460026480761        4.7151575382737634E-003   286.71234913786526        748.17325796680598     
           0           0         241   17.500000000000000        14.000000000000000        852.85258026241513        4.7315763111371858E-003   286.71234913786515        748.17325796680586     
           0           0         242   12.250000000000000        10.500000000000000        854.72145556444377        4.7975827297726389E-003   573.42469827573029        748.17325796680575     
           0           0         243   15.750000000000000        12.250000000000000        854.40478748676242        4.7864356051930679E-003   286.71234913786526        748.17325796680598     
           0           0         244   8.7500000000000000        8.7500000000000000        853.30622985058221        4.7465782266067867E-003   286.71234913786526        748.17325796680598     
           0           0         245   13.125000000000000        10.500000000000000        854.90571438984853        4.8042193993018982E-003   286.71234913786520        748.17325796680598     
           0           0         246   0.0000000000000000        7.0000000000000000        851.29458114104682        4.6739908846328542E-003   286.71234913786526        748.17325796680586     
           0           0         247  0.87500000000000000        7.0000000000000000        851.20537358844456        4.6707887720421684E-003   286.71234913786520        748.17325796680598     
           0           0         248   1.7500000000000000        7.0000000000000000        851.37982139994551        4.6770806890635711E-003   573.42469827573029        748.17325796680575     
           0           0         249   2.6250000000000000        7.0000000000000000        851.46751153797300        4.6802556251187982E-003   286.71234913786520        748.17325796680598     
           0           0         250   3.5000000000000000        7.0000000000000000        851.73564921541561        4.6899270404238231E-003   573.42469827573029        748.17325796680575     
           0           0         251   14.000000000000000        10.500000000000000        854.59942318331434        4.7932854252961607E-003   573.42469827573029        748.17325796680575     
           0           0         252   10.500000000000000        8.7500000000000000        854.04841384791553        4.7733188990861314E-003   286.71234913786526        748.17325796680598     
           0           0         253   4.3750000000000000        7.0000000000000000        851.91939127333114        4.6965643159521996E-003   286.71234913786520        748.17325796680598     
           0           0         254   5.2500000000000000        7.0000000000000000        852.24500834967023        4.7083061536150441E-003   573.42469827573029        748.17325796680575     
           0           0         255   6.1250000000000000        7.0000000000000000        852.49606008933233        4.7173647775735359E-003   286.71234913786520        748.17325796680598     
           0           0         256   14.875000000000000        10.500000000000000        854.70826527126894        4.7971976067847687E-003   286.71234913786520        748.17325796680598     
           0           0         257   17.500000000000000        12.250000000000000        853.03504056900283        4.7371944800854377E-003   143.35617456893263        748.17325796680598     
           0           0         258   7.0000000000000000        7.0000000000000000        852.83083969056213        4.7294341446553669E-003   573.42469827573029        748.17325796680575     
           0           0         259   12.250000000000000        8.7500000000000000        854.55413423556797        4.7915388232174201E-003   286.71234913786526        748.17325796680598     
           0           0         260   7.8750000000000000        7.0000000000000000        853.11363613068067        4.7396290544550520E-003   286.71234913786520        748.17325796680598     
           0           0         261   15.750000000000000        10.500000000000000        854.38672841852804        4.7856623071080668E-003   573.42469827573029        748.17325796680575     
           0           0         262   8.7500000000000000        7.0000000000000000        853.40471927663600        4.7501236316903409E-003   573.42469827573029        748.17325796680575     
           0           0         263   16.625000000000000        10.500000000000000        854.60114361815295        4.7933947988863376E-003   286.71234913786520        748.17325796680598     
           0           0         264   9.6250000000000000        7.0000000000000000        853.68218341427928        4.7601187799414073E-003   286.71234913786520        748.17325796680598     
           0           0         265   14.000000000000000        8.7500000000000000        854.74707670188229        4.7985150005226754E-003   286.71234913786526        748.17325796680598     
           0           0         266   0.0000000000000000        5.2500000000000000        851.41962054146461        4.6785409661762945E-003   143.35617456893263        748.17325796680598     
           0           0         267   1.7500000000000000        5.2500000000000000        851.48490246874462        4.6809071635792003E-003   286.71234913786526        748.17325796680598     
           0           0         268   10.500000000000000        7.0000000000000000        853.88779322534901        4.7675368883572412E-003   573.42469827573029        748.17325796680575     
           0           0         269   3.5000000000000000        5.2500000000000000        851.78837656390590        4.6918598340193471E-003   286.71234913786526        748.17325796680598     
           0           0         270   17.500000000000000        10.500000000000000        854.74532548260288        4.7985720696097581E-003   286.71234913786515        748.17325796680586     
           0           0         271   5.2500000000000000        5.2500000000000000        852.23500141205352        4.7079702129562053E-003   286.71234913786526        748.17325796680598     
           0           0         272   11.375000000000000        7.0000000000000000        854.13071983572399        4.7762827361849591E-003   286.71234913786520        748.17325796680598     
           0           0         273   7.0000000000000000        5.2500000000000000        852.76709541723199        4.7271529766642929E-003   286.71234913786526        748.17325796680598     
           0           0         274   12.250000000000000        7.0000000000000000        854.22850123773594        4.7798226393297510E-003   573.42469827573029        748.17325796680575     
           0           0         275   15.750000000000000        8.7500000000000000        854.77655216925427        4.7995929474689766E-003   286.71234913786526        748.17325796680598     
           0           0         276   13.125000000000000        7.0000000000000000        854.42332566075902        4.7868328412728053E-003   286.71234913786520        748.17325796680598     
           0           0         277   8.7500000000000000        5.2500000000000000        853.31851328865991        4.7470213691042694E-003   286.71234913786526        748.17325796680598     
           0           0         278   14.000000000000000        7.0000000000000000        854.45386548708439        4.7879454478034064E-003   573.42469827573029        748.17325796680575     
           0           0         279   0.0000000000000000        3.5000000000000000        852.11601026037613        4.7036450246503428E-003   286.71234913786526        748.17325796680586     
           0           0         280  0.87500000000000000        3.5000000000000000        852.03393030859502        4.7006978168547334E-003   286.71234913786520        748.17325796680598     
           0           0         281   10.500000000000000        5.2500000000000000        853.82351940852095        4.7652082118108180E-003   286.71234913786526        748.17325796680598     
           0           0         282   17.500000000000000        8.7500000000000000        854.80943107511803        4.8008025983418837E-003   143.35617456893263        748.17325796680598     
           0           0         283   1.7500000000000000        3.5000000000000000        852.14961692012196        4.7048656675600506E-003   573.42469827573029        748.17325796680575     
           0           0         284   2.6250000000000000        3.5000000000000000        852.19159934568188        4.7063865738277630E-003   286.71234913786520        748.17325796680598     
           0           0         285   3.5000000000000000        3.5000000000000000        852.36708794139975        4.7127106924120055E-003   573.42469827573029        748.17325796680575     
           0           0         286   14.875000000000000        7.0000000000000000        854.62887243310206        4.7942357879789989E-003   286.71234913786520        748.17325796680598     
           0           0         287   4.3750000000000000        3.5000000000000000        852.47644166422390        4.7166585896178306E-003   286.71234913786520        748.17325796680598     
           0           0         288   5.2500000000000000        3.5000000000000000        852.68877206614752        4.7243104698933003E-003   573.42469827573029        748.17325796680575     
           0           0         289   6.1250000000000000        3.5000000000000000        852.85071082672266        4.7301501614744465E-003   286.71234913786520        748.17325796680598     
           0           0         290   15.750000000000000        7.0000000000000000        854.63531445143951        4.7944740153168892E-003   573.42469827573029        748.17325796680575     
           0           0         291   12.250000000000000        5.2500000000000000        854.22649929839383        4.7797164873048682E-003   286.71234913786526        748.17325796680598     
           0           0         292   7.0000000000000000        3.5000000000000000        853.07233919843134        4.7381366300454902E-003   573.42469827573029        748.17325796680575     
           0           0         293   7.8750000000000000        3.5000000000000000        853.26814409943074        4.7451916459465065E-003   286.71234913786520        748.17325796680598     
           0           0         294   16.625000000000000        7.0000000000000000        854.81736191690322        4.8010087253915921E-003   286.71234913786520        748.17325796680598     
           0           0         295   8.7500000000000000        3.5000000000000000        853.47136847606680        4.7525147326505533E-003   573.42469827573029        748.17325796680575     
           0           0         296   14.000000000000000        5.2500000000000000        854.51090873447708        4.7899505242108642E-003   286.71234913786526        748.17325796680598     
           0           0         297   9.6250000000000000        3.5000000000000000        853.68129542290603        4.7600726875823467E-003   286.71234913786520        748.17325796680598     
           0           0         298   17.500000000000000        7.0000000000000000        854.81359978450268        4.8008544703357654E-003   286.71234913786515        748.17325796680586     
           0           0         299   10.500000000000000        3.5000000000000000        853.84262318477749        4.7658868544648318E-003   573.42469827573029        748.17325796680575     
           0           0         300   0.0000000000000000        1.7500000000000000        851.92845253924099        4.6969069684779921E-003   143.35617456893263        748.17325796680598     
           0           0         301   1.7500000000000000        1.7500000000000000        851.96104189394021        4.6980881543849237E-003   286.71234913786526        748.17325796680598     
           0           0         302   3.5000000000000000        1.7500000000000000        852.18090053127162        4.7060160231642088E-003   286.71234913786526        748.17325796680598     
           0           0         303   11.375000000000000        3.5000000000000000        854.04918195541893        4.7733175111596580E-003   286.71234913786520        748.17325796680598     
           0           0         304   15.750000000000000        5.2500000000000000        854.65596083502578        4.7951709718240766E-003   286.71234913786526        748.17325796680598     
           0           0         305   5.2500000000000000        1.7500000000000000        852.51555582053413        4.7180790100902099E-003   286.71234913786526        748.17325796680598     
           0           0         306   12.250000000000000        3.5000000000000000        854.15525008617885        4.7771405746560094E-003   573.42469827573029        748.17325796680575     
           0           0         307   7.0000000000000000        1.7500000000000000        852.92536788631753        4.7328451200818310E-003   286.71234913786526        748.17325796680598     
           0           0         308   13.125000000000000        3.5000000000000000        854.34518357203842        4.7839671974216702E-003   286.71234913786520        748.17325796680598     
           0           0         309   8.7500000000000000        1.7500000000000000        853.36499129842650        4.7486782183561536E-003   286.71234913786526        748.17325796680598     
           0           0         310   14.000000000000000        3.5000000000000000        854.38721537293554        4.7854835320703618E-003   573.42469827573029        748.17325796680575     
           0           0         311   17.500000000000000        5.2500000000000000        854.72707277385996        4.7977116116769518E-003   143.35617456893263        748.17325796680598     
           0           0         312   14.875000000000000        3.5000000000000000        854.54508919813281        4.7911516938780648E-003   286.71234913786520        748.17325796680598     
           0           0         313   10.500000000000000        1.7500000000000000        853.78733665072207        4.7638819948147577E-003   286.71234913786526        748.17325796680598     
           0           0         314   0.0000000000000000        0.0000000000000000        852.34914884765124        4.7120543043553016E-003   143.35617456893266        748.17325796680552     
           0           0         315  0.87500000000000000        0.0000000000000000        852.26860310691393        4.7091600949356674E-003   143.35617456893263        748.17325796680598     
           0           0         316   1.7500000000000000        0.0000000000000000        852.36412167333549        4.7125986496517232E-003   286.71234913786526        748.17325796680586     
           0           0         317   2.6250000000000000        0.0000000000000000        852.39295025428692        4.7136424395722038E-003   143.35617456893263        748.17325796680598     
           0           0         318   3.5000000000000000        0.0000000000000000        852.54055355676564        4.7189587015127382E-003   286.71234913786526        748.17325796680586     
           0           0         319   15.750000000000000        3.5000000000000000        854.54075624492464        4.7909915209392974E-003   573.42469827573029        748.17325796680575     
           0           0         320   4.3750000000000000        0.0000000000000000        852.63065468057869        4.7222094422882232E-003   143.35617456893263        748.17325796680598     
           0           0         321   5.2500000000000000        0.0000000000000000        852.81236591318509        4.7287550789032106E-003   286.71234913786526        748.17325796680586     
           0           0         322   12.250000000000000        1.7500000000000000        854.15091677419196        4.7769637196479770E-003   286.71234913786526        748.17325796680598     
           0           0         323   6.1250000000000000        0.0000000000000000        852.95321767957671        4.7338318597535279E-003   143.35617456893263        748.17325796680598     
           0           0         324   16.625000000000000        3.5000000000000000        854.65829006881563        4.7952060044017773E-003   286.71234913786520        748.17325796680598     
           0           0         325   7.0000000000000000        0.0000000000000000        853.14728583993542        4.7408225836143006E-003   286.71234913786526        748.17325796680586     
           0           0         326   7.8750000000000000        0.0000000000000000        853.32404450324111        4.7471888974995107E-003   143.35617456893263        748.17325796680598     
           0           0         327   17.500000000000000        3.5000000000000000        854.56283192807564        4.7917680242930555E-003   286.71234913786515        748.17325796680586     
           0           0         328   8.7500000000000000        0.0000000000000000        853.50791884625130        4.7538119935964821E-003   286.71234913786526        748.17325796680586     
           0           0         329   14.000000000000000        1.7500000000000000        854.41974766947897        4.7866309105996895E-003   286.71234913786526        748.17325796680598     
           0           0         330   9.6250000000000000        0.0000000000000000        853.70253826689805        4.7608168182582677E-003   143.35617456893263        748.17325796680598     
           0           0         331   10.500000000000000        0.0000000000000000        853.85579775130304        4.7663365735647698E-003   286.71234913786526        748.17325796680586     
           0           0         332   15.750000000000000        1.7500000000000000        854.56536754471654        4.7918591437116935E-003   286.71234913786526        748.17325796680598     
           0           0         333   11.375000000000000        0.0000000000000000        854.04891080296409        4.7732824810134966E-003   143.35617456893263        748.17325796680598     
           0           0         334   12.250000000000000        0.0000000000000000        854.15355427056261        4.7770511532866100E-003   286.71234913786526        748.17325796680586     
           0           0         335   13.125000000000000        0.0000000000000000        854.32525897956862        4.7832223923431217E-003   143.35617456893263        748.17325796680598     
           0           0         336   17.500000000000000        1.7500000000000000        854.56515312333886        4.7918364800766892E-003   143.35617456893263        748.17325796680598     
           0           0         337   14.000000000000000        0.0000000000000000        854.37026971914736        4.7848424685794271E-003   286.71234913786526        748.17325796680586     
           0           0         338   14.875000000000000        0.0000000000000000        854.50397309314076        4.7896430729851506E-003   143.35617456893263        748.17325796680598     
           0           0         339   15.750000000000000        0.0000000000000000        854.48451908390405        4.7889424302848052E-003   286.71234913786526        748.17325796680586     
           0           0         340   16.625000000000000        0.0000000000000000        854.57320305013161        4.7921192700759434E-003   143.35617456893263        748.17325796680598     
           0           0         341   17.500000000000000        0.0000000000000000        854.46450064352348        4.7882050507602981E-003   143.35617456893260        748.17325796680564     
