           0           0           1   0.0000000000000000        35.000000000000000        870.33333833750135        5.3633913133297965E-003   238.79470359133620        776.46748146368896     
           0           0           2  0.87500000000000000        35.000000000000000        870.04110670267357        5.3530244251368611E-003   238.79470359133626        776.46748146368907     
           0           0           3   0.0000000000000000        33.250000000000000        885.07096646276182        5.8814209991296497E-003   238.79470359133626        776.46748146368907     
           0           0           4   1.7500000000000000        35.000000000000000        869.67595143805261        5.3400756778768030E-003   477.58940718267246        776.46748146368896     
           0           0           5   1.7500000000000000        33.250000000000000        884.68853096264661        5.8680793165186724E-003   477.58940718267252        776.46748146368907     
           0           0           6   2.6250000000000000        35.000000000000000        869.49341756592128        5.3334832100827316E-003   238.79470359133626        776.46748146368907     
           0           0           7   0.0000000000000000        31.500000000000000        904.22601425341179        6.5439254569967104E-003   477.58940718267252        776.46748146368896     
           0           0           8   3.5000000000000000        35.000000000000000        869.14560640127092        5.3210423155279404E-003   477.58940718267246        776.46748146368896     
           0           0           9  0.87500000000000000        31.500000000000000        899.82032206285987        6.3912862097847151E-003   477.58940718267263        776.46748146368907     
           0           0          10   3.5000000000000000        33.250000000000000        884.36790008384514        5.8568304781988524E-003   477.58940718267252        776.46748146368907     
           0           0          11   1.7500000000000000        31.500000000000000        905.42996857986634        6.5853734484471772E-003   955.17881436534492        776.46748146368918     
           0           0          12   2.6250000000000000        31.500000000000000        903.83221269572834        6.5301106912159868E-003   477.58940718267263        776.46748146368907     
           0           0          13   4.3750000000000000        35.000000000000000        868.60786597810522        5.3018109637193913E-003   238.79470359133626        776.46748146368907     
           0           0          14   3.5000000000000000        31.500000000000000        906.92411526677597        6.6387719204332981E-003   955.17881436534492        776.46748146368918     
           0           0          15   0.0000000000000000        29.750000000000000        882.53660188779145        5.7959352888853882E-003   238.79470359133626        776.46748146368907     
           0           0          16   5.2500000000000000        35.000000000000000        867.59386362913733        5.2656890352468198E-003   477.58940718267246        776.46748146368896     
           0           0          17   1.7500000000000000        29.750000000000000        879.65901078796139        5.6946339391362871E-003   477.58940718267252        776.46748146368907     
           0           0          18   5.2500000000000000        33.250000000000000        884.17997663796677        5.8502082473813550E-003   477.58940718267252        776.46748146368907     
           0           0          19   4.3750000000000000        31.500000000000000        905.77227831463063        6.5979592129322504E-003   477.58940718267263        776.46748146368907     
           0           0          20   6.1250000000000000        35.000000000000000        866.54222761232063        5.2282622423568603E-003   238.79470359133626        776.46748146368907     
           0           0          21   3.5000000000000000        29.750000000000000        873.11066592758391        5.4636800600182155E-003   477.58940718267252        776.46748146368907     
           0           0          22   5.2500000000000000        31.500000000000000        902.87669155130197        6.4976976203853058E-003   955.17881436534492        776.46748146368918     
           0           0          23   0.0000000000000000        28.000000000000000        883.58146831511726        5.8256100933736111E-003   477.58940718267252        776.46748146368896     
           0           0          24   7.0000000000000000        35.000000000000000        864.38409535690835        5.1513276476504713E-003   477.58940718267246        776.46748146368896     
           0           0          25   6.1250000000000000        31.500000000000000        903.38677111086020        6.5143044113328595E-003   477.58940718267263        776.46748146368907     
           0           0          26  0.87500000000000000        28.000000000000000        868.71695050926610        5.3194838147420575E-003   477.58940718267263        776.46748146368907     
           0           0          27   7.0000000000000000        33.250000000000000        881.55087400204616        5.7581817731938312E-003   477.58940718267252        776.46748146368907     
           0           0          28   1.7500000000000000        28.000000000000000        874.45556373280078        5.5257660307465499E-003   955.17881436534492        776.46748146368918     
           0           0          29   5.2500000000000000        29.750000000000000        887.02255893782149        5.9508231414002084E-003   477.58940718267252        776.46748146368907     
           0           0          30   2.6250000000000000        28.000000000000000        879.86461910534183        5.7033171628059461E-003   477.58940718267263        776.46748146368907     
           0           0          31   7.0000000000000000        31.500000000000000        899.41521971979978        6.3780351797510845E-003   955.17881436534492        776.46748146368918     
           0           0          32   3.5000000000000000        28.000000000000000        885.16636865967382        5.8959937936994937E-003   955.17881436534492        776.46748146368918     
           0           0          33   7.8750000000000000        35.000000000000000        862.67502974749266        5.0902734336085156E-003   238.79470359133626        776.46748146368907     
           0           0          34   4.3750000000000000        28.000000000000000        892.99995472366834        6.1549683132564176E-003   477.58940718267263        776.46748146368907     
           0           0          35   7.8750000000000000        31.500000000000000        900.85117743835303        6.4261568081235305E-003   477.58940718267263        776.46748146368907     
           0           0          36   8.7500000000000000        35.000000000000000        854.33157823797956        4.7934846278751189E-003   477.58940718267246        776.46748146368896     
           0           0          37   0.0000000000000000        26.250000000000000        874.24510635242314        5.5174993506698694E-003   238.79470359133626        776.46748146368907     
           0           0          38   7.0000000000000000        29.750000000000000        897.84598329222456        6.3249900305693690E-003   477.58940718267252        776.46748146368907     
           0           0          39   5.2500000000000000        28.000000000000000        889.01350713904105        6.0177095907771525E-003   955.17881436534492        776.46748146368918     
           0           0          40   8.7500000000000000        33.250000000000000        876.77252812172583        5.5907812731437702E-003   477.58940718267252        776.46748146368907     
           0           0          41   1.7500000000000000        26.250000000000000        936.17923408352146        7.6125791475117480E-003   477.58940718267252        776.46748146368907     
           0           0          42   6.1250000000000000        28.000000000000000        868.93034142164583        5.3249756686328149E-003   477.58940718267263        776.46748146368907     
           0           0          43   8.7500000000000000        31.500000000000000        898.82433280034513        6.3544307600648508E-003   955.17881436534492        776.46748146368918     
           0           0          44   3.5000000000000000        26.250000000000000        956.63250759624225        8.2972575758500991E-003   477.58940718267252        776.46748146368907     
           0           0          45   9.6250000000000000        35.000000000000000        874.27101709409487        5.5008849833225312E-003   238.79470359133626        776.46748146368907     
           0           0          46   7.0000000000000000        28.000000000000000        866.55496680105102        5.2496717130841534E-003   955.17881436534492        776.46748146368918     
           0           0          47   8.7500000000000000        29.750000000000000        887.50804103493965        5.9687915002122477E-003   477.58940718267252        776.46748146368907     
           0           0          48   5.2500000000000000        26.250000000000000        894.16149087654844        6.1950785148893990E-003   477.58940718267252        776.46748146368907     
           0           0          49   9.6250000000000000        31.500000000000000        892.88448970270849        6.1536501712431968E-003   477.58940718267263        776.46748146368907     
           0           0          50   10.500000000000000        35.000000000000000        874.14507999147702        5.5044451813226576E-003   477.58940718267246        776.46748146368896     
           0           0          51   0.0000000000000000        24.500000000000000        887.17096695776581        5.9523595655897295E-003   477.58940718267252        776.46748146368896     
           0           0          52   7.8750000000000000        28.000000000000000        918.62385605134625        7.0319913547739494E-003   477.58940718267263        776.46748146368907     
           0           0          53  0.87500000000000000        24.500000000000000        874.19926071828854        5.5138937621278172E-003   477.58940718267263        776.46748146368907     
           0           0          54   1.7500000000000000        24.500000000000000        868.41542589417702        5.3208458047075552E-003   955.17881436534492        776.46748146368918     
           0           0          55   10.500000000000000        33.250000000000000        869.24649253172902        5.3225851641169252E-003   477.58940718267252        776.46748146368907     
           0           0          56   2.6250000000000000        24.500000000000000        885.67528632364701        5.9108478888215948E-003   477.58940718267263        776.46748146368907     
           0           0          57   3.5000000000000000        24.500000000000000        884.12561752215390        5.8670897838695186E-003   955.17881436534492        776.46748146368918     
           0           0          58   10.500000000000000        31.500000000000000        887.43172424902514        5.9703410042529137E-003   955.17881436534492        776.46748146368918     
           0           0          59   8.7500000000000000        28.000000000000000        923.01799249630767        7.1766355277588460E-003   955.17881436534492        776.46748146368918     
           0           0          60   7.0000000000000000        26.250000000000000        915.43745490181209        6.9222685863943034E-003   477.58940718267252        776.46748146368907     
           0           0          61   11.375000000000000        35.000000000000000        921.68643052181312        7.1446889229887980E-003   238.79470359133626        776.46748146368907     
           0           0          62   4.3750000000000000        24.500000000000000        916.65694406916737        6.9702292982830550E-003   477.58940718267263        776.46748146368907     
           0           0          63   10.500000000000000        29.750000000000000        922.80500656794561        7.1731361528817005E-003   477.58940718267252        776.46748146368907     
           0           0          64   5.2500000000000000        24.500000000000000        917.03785116381039        6.9832179360016242E-003   955.17881436534492        776.46748146368918     
           0           0          65   11.375000000000000        31.500000000000000        890.81630496157300        6.0793246242271835E-003   477.58940718267263        776.46748146368907     
           0           0          66   9.6250000000000000        28.000000000000000        924.34809155546486        7.2208770837377569E-003   477.58940718267263        776.46748146368907     
           0           0          67   6.1250000000000000        24.500000000000000        907.44792074138013        6.6575476364302772E-003   477.58940718267263        776.46748146368907     
           0           0          68   0.0000000000000000        22.750000000000000        892.47585121711359        6.1391585734620275E-003   238.79470359133626        776.46748146368907     
           0           0          69   12.250000000000000        35.000000000000000        918.19537696614725        7.0153122081116834E-003   477.58940718267246        776.46748146368896     
           0           0          70   12.250000000000000        33.250000000000000        899.94007161137824        6.4005210996714388E-003   477.58940718267252        776.46748146368907     
           0           0          71   1.7500000000000000        22.750000000000000        889.66749102797837        6.0421004949097181E-003   477.58940718267252        776.46748146368907     
           0           0          72   8.7500000000000000        26.250000000000000        873.72516284702442        5.4867074299813322E-003   477.58940718267252        776.46748146368907     
           0           0          73   7.0000000000000000        24.500000000000000        896.73937569364602        6.2953104184419635E-003   955.17881436534492        776.46748146368918     
           0           0          74   10.500000000000000        28.000000000000000        901.35751232886400        6.4518076671119407E-003   955.17881436534492        776.46748146368918     
           0           0          75   3.5000000000000000        22.750000000000000        884.22336566807189        5.8535908474902929E-003   477.58940718267252        776.46748146368907     
           0           0          76   12.250000000000000        31.500000000000000        883.74349143008158        5.8503498508326833E-003   955.17881436534492        776.46748146368918     
           0           0          77   7.8750000000000000        24.500000000000000        887.67266512337801        5.9732772545785318E-003   477.58940718267263        776.46748146368907     
           0           0          78   13.125000000000000        35.000000000000000        852.16418921484706        4.7617328726761079E-003   238.79470359133626        776.46748146368907     
           0           0          79   5.2500000000000000        22.750000000000000        880.53588261912807        5.7244877711528676E-003   477.58940718267252        776.46748146368907     
           0           0          80   12.250000000000000        29.750000000000000        945.69972557009532        7.9335745183385896E-003   477.58940718267252        776.46748146368907     
           0           0          81   11.375000000000000        28.000000000000000        871.32230283170645        5.4146073783689890E-003   477.58940718267263        776.46748146368907     
           0           0          82   13.125000000000000        31.500000000000000        860.50031917237141        5.0414282722293985E-003   477.58940718267263        776.46748146368907     
           0           0          83   10.500000000000000        26.250000000000000        891.24589294648126        6.0860811610760016E-003   477.58940718267252        776.46748146368907     
           0           0          84   8.7500000000000000        24.500000000000000        874.38917841237890        5.5253468564966110E-003   955.17881436534492        776.46748146368918     
           0           0          85   0.0000000000000000        21.000000000000000        894.46237556302037        6.2086028505719398E-003   477.58940718267252        776.46748146368896     
           0           0          86   14.000000000000000        35.000000000000000        885.78903789731203        5.9295850709452716E-003   477.58940718267246        776.46748146368896     
           0           0          87  0.87500000000000000        21.000000000000000        895.28331084752017        6.2371305310302107E-003   477.58940718267263        776.46748146368907     
           0           0          88   14.000000000000000        33.250000000000000        859.39191361881853        4.9964750937829556E-003   477.58940718267252        776.46748146368907     
           0           0          89   7.0000000000000000        22.750000000000000        868.72156076656211        5.3049897053316407E-003   477.58940718267252        776.46748146368907     
           0           0          90   12.250000000000000        28.000000000000000        910.31772754209715        6.7395388123574814E-003   955.17881436534492        776.46748146368918     
           0           0          91   1.7500000000000000        21.000000000000000        895.63543414264620        6.2493639034054719E-003   955.17881436534492        776.46748146368918     
           0           0          92   9.6250000000000000        24.500000000000000        868.11151458138397        5.2993577180216363E-003   477.58940718267263        776.46748146368907     
           0           0          93   2.6250000000000000        21.000000000000000        897.22405644139815        6.3042919800177077E-003   477.58940718267263        776.46748146368907     
           0           0          94   14.000000000000000        31.500000000000000        901.61908605656947        6.4486049995219584E-003   955.17881436534492        776.46748146368918     
           0           0          95   3.5000000000000000        21.000000000000000        899.62736473834218        6.3862441989616355E-003   955.17881436534492        776.46748146368918     
           0           0          96   4.3750000000000000        21.000000000000000        895.76531896991776        6.2530331373722601E-003   477.58940718267263        776.46748146368907     
           0           0          97   10.500000000000000        24.500000000000000        940.78309077175572        7.7653367650359888E-003   955.17881436534492        776.46748146368918     
           0           0          98   13.125000000000000        28.000000000000000        902.48252482116061        6.4830389286572995E-003   477.58940718267263        776.46748146368907     
           0           0          99   14.875000000000000        35.000000000000000        961.93671860733957        8.4635234703589295E-003   238.79470359133626        776.46748146368907     
           0           0         100   14.000000000000000        29.750000000000000        862.47016181362324        5.0994683335650031E-003   477.58940718267252        776.46748146368907     
           0           0         101   5.2500000000000000        21.000000000000000        889.51652699481849        6.0354814088725891E-003   955.17881436534492        776.46748146368918     
           0           0         102   8.7500000000000000        22.750000000000000        942.17388831870312        7.8123360793964178E-003   477.58940718267252        776.46748146368907     
           0           0         103   12.250000000000000        26.250000000000000        905.26922055597424        6.5786394867028402E-003   477.58940718267252        776.46748146368907     
           0           0         104   6.1250000000000000        21.000000000000000        878.57676000589345        5.6516557137560597E-003   477.58940718267263        776.46748146368907     
           0           0         105   14.875000000000000        31.500000000000000        919.36924200731278        7.0422003006885463E-003   477.58940718267263        776.46748146368907     
           0           0         106   11.375000000000000        24.500000000000000        905.00675481492453        6.5716118291828784E-003   477.58940718267263        776.46748146368907     
           0           0         107   14.000000000000000        28.000000000000000        906.76744206448643        6.6248232433200691E-003   955.17881436534492        776.46748146368918     
           0           0         108   7.0000000000000000        21.000000000000000        862.15073408254034        5.0759238740176009E-003   955.17881436534492        776.46748146368918     
           0           0         109   0.0000000000000000        19.250000000000000        875.05855341416827        5.5311626267222245E-003   238.79470359133626        776.46748146368907     
           0           0         110   15.750000000000000        35.000000000000000        817.66637954912858        3.5988743246753510E-003   477.58940718267246        776.46748146368896     
           0           0         111   15.750000000000000        33.250000000000000        913.09767741313681        6.8078996102116374E-003   477.58940718267252        776.46748146368907     
           0           0         112   1.7500000000000000        19.250000000000000        873.50899016186304        5.4763767205787458E-003   477.58940718267252        776.46748146368907     
           0           0         113   7.8750000000000000        21.000000000000000        867.31219650071523        5.2649651420495847E-003   477.58940718267263        776.46748146368907     
           0           0         114   3.5000000000000000        19.250000000000000        869.38237220162546        5.3303671458701119E-003   477.58940718267252        776.46748146368907     
           0           0         115   10.500000000000000        22.750000000000000        902.72136042570514        6.4912607904599705E-003   477.58940718267252        776.46748146368907     
           0           0         116   15.750000000000000        31.500000000000000        891.42048544164902        6.1068940709835783E-003   955.17881436534492        776.46748146368918     
           0           0         117   12.250000000000000        24.500000000000000        878.63225578289439        5.6591241567161736E-003   955.17881436534492        776.46748146368918     
           0           0         118   14.875000000000000        28.000000000000000        922.36944538546868        7.1573073589299317E-003   477.58940718267263        776.46748146368907     
           0           0         119   14.000000000000000        26.250000000000000        881.92332856860753        5.7750577177592913E-003   477.58940718267252        776.46748146368907     
           0           0         120   8.7500000000000000        21.000000000000000        908.71319730787661        6.6964030129644117E-003   955.17881436534492        776.46748146368918     
           0           0         121   15.750000000000000        29.750000000000000        892.49637065903391        6.1437099817742164E-003   477.58940718267252        776.46748146368907     
           0           0         122   5.2500000000000000        19.250000000000000        865.19880072799197        5.1804251450848007E-003   477.58940718267252        776.46748146368907     
           0           0         123   16.625000000000000        35.000000000000000        862.50040507733070        5.0949652279444896E-003   238.79470359133626        776.46748146368907     
           0           0         124   13.125000000000000        24.500000000000000        882.44486313070547        5.7885737269267870E-003   477.58940718267263        776.46748146368907     
           0           0         125   9.6250000000000000        21.000000000000000        901.15404234927178        6.4401852350455310E-003   477.58940718267263        776.46748146368907     
           0           0         126   16.625000000000000        31.500000000000000        884.01158545612145        5.8495296784122613E-003   477.58940718267263        776.46748146368907     
           0           0         127   7.0000000000000000        19.250000000000000        903.25501654357254        6.5089332945974798E-003   477.58940718267252        776.46748146368907     
           0           0         128   15.750000000000000        28.000000000000000        923.26139096005659        7.1793475453783492E-003   955.17881436534492        776.46748146368918     
           0           0         129   12.250000000000000        22.750000000000000        867.03194963539624        5.2476800719466095E-003   477.58940718267252        776.46748146368907     
           0           0         130   14.000000000000000        24.500000000000000        893.82329612525587        6.1885796820850894E-003   955.17881436534492        776.46748146368918     
           0           0         131   17.500000000000000        35.000000000000000        949.29661939964569        8.1033611225522374E-003   238.79470359133620        776.46748146368884     
           0           0         132   0.0000000000000000        17.500000000000000        879.56912257487943        5.6881314226124276E-003   477.58940718267252        776.46748146368896     
           0           0         133   10.500000000000000        21.000000000000000        899.65204143528524        6.3816520765281092E-003   955.17881436534492        776.46748146368918     
           0           0         134  0.87500000000000000        17.500000000000000        878.99514160147282        5.6680597401960022E-003   477.58940718267263        776.46748146368907     
           0           0         135   1.7500000000000000        17.500000000000000        876.79950006729746        5.5908609850152564E-003   955.17881436534492        776.46748146368918     
           0           0         136   17.500000000000000        33.250000000000000        870.65350618336299        5.3795710452969134E-003   238.79470359133626        776.46748146368907     
           0           0         137   2.6250000000000000        17.500000000000000        874.71919342024103        5.5176145535112730E-003   477.58940718267263        776.46748146368907     
           0           0         138   17.500000000000000        31.500000000000000        879.37828000695163        5.6840587874361177E-003   477.58940718267252        776.46748146368907     
           0           0         139   3.5000000000000000        17.500000000000000        868.46342944517164        5.2959574969556325E-003   955.17881436534492        776.46748146368918     
           0           0         140   8.7500000000000000        19.250000000000000        900.27576432073067        6.4073942722475026E-003   477.58940718267252        776.46748146368907     
           0           0         141   15.750000000000000        26.250000000000000        882.85610208860260        5.8059325842006147E-003   477.58940718267252        776.46748146368907     
           0           0         142   4.3750000000000000        17.500000000000000        862.32063441984178        5.0780041128866598E-003   477.58940718267263        776.46748146368907     
           0           0         143   11.375000000000000        21.000000000000000        882.66603354051529        5.7971029386908223E-003   477.58940718267263        776.46748146368907     
           0           0         144   16.625000000000000        28.000000000000000        879.91329979325701        5.7109939023860714E-003   477.58940718267263        776.46748146368907     
           0           0         145   14.875000000000000        24.500000000000000        900.99458898123726        6.4245598807204140E-003   477.58940718267263        776.46748146368907     
           0           0         146   17.500000000000000        29.750000000000000        906.35034469533753        6.6176652960272409E-003   238.79470359133626        776.46748146368907     
           0           0         147   5.2500000000000000        17.500000000000000        857.19146707780214        4.8992701732823952E-003   955.17881436534492        776.46748146368918     
           0           0         148   6.1250000000000000        17.500000000000000        870.32157237486763        5.3640741361777617E-003   477.58940718267263        776.46748146368907     
           0           0         149   14.000000000000000        22.750000000000000        888.25293025024791        5.9860126775426277E-003   477.58940718267252        776.46748146368907     
           0           0         150   12.250000000000000        21.000000000000000        866.03349964641734        5.2122286491798377E-003   955.17881436534492        776.46748146368918     
           0           0         151   7.0000000000000000        17.500000000000000        899.64862755681281        6.3829390295913691E-003   955.17881436534492        776.46748146368918     
           0           0         152   17.500000000000000        28.000000000000000        891.97807348150684        6.1193796462384511E-003   477.58940718267252        776.46748146368907     
           0           0         153   10.500000000000000        19.250000000000000        883.74658003349282        5.8354099302515648E-003   477.58940718267252        776.46748146368907     
           0           0         154   15.750000000000000        24.500000000000000        905.63252206264826        6.5890184455194159E-003   955.17881436534492        776.46748146368918     
           0           0         155   7.8750000000000000        17.500000000000000        893.87751249226972        6.1882968998592976E-003   477.58940718267263        776.46748146368907     
           0           0         156   13.125000000000000        21.000000000000000        873.99391242311424        5.4939316544614413E-003   477.58940718267263        776.46748146368907     
           0           0         157   0.0000000000000000        15.750000000000000        861.89121788414332        5.0627591676058806E-003   238.79470359133626        776.46748146368907     
           0           0         158   1.7500000000000000        15.750000000000000        860.92396721378827        5.0280098050206083E-003   477.58940718267252        776.46748146368907     
           0           0         159   3.5000000000000000        15.750000000000000        868.94404826541563        5.3135197396328073E-003   477.58940718267252        776.46748146368907     
           0           0         160   17.500000000000000        26.250000000000000        906.69050464310862        6.6290097443652100E-003   238.79470359133626        776.46748146368907     
           0           0         161   8.7500000000000000        17.500000000000000        896.96862414322152        6.2904657196960357E-003   955.17881436534492        776.46748146368918     
           0           0         162   16.625000000000000        24.500000000000000        896.70352827650993        6.2832106637919416E-003   477.58940718267263        776.46748146368907     
           0           0         163   14.000000000000000        21.000000000000000        897.48941905837887        6.3080708555030380E-003   955.17881436534492        776.46748146368918     
           0           0         164   12.250000000000000        19.250000000000000        864.88960277726824        5.1709875225633087E-003   477.58940718267252        776.46748146368907     
           0           0         165   15.750000000000000        22.750000000000000        908.28696564735537        6.6817765594077774E-003   477.58940718267252        776.46748146368907     
           0           0         166   5.2500000000000000        15.750000000000000        894.45457812216227        6.2056312241965880E-003   477.58940718267252        776.46748146368907     
           0           0         167   9.6250000000000000        17.500000000000000        889.71286927168387        6.0416464702943672E-003   477.58940718267263        776.46748146368907     
           0           0         168   17.500000000000000        24.500000000000000        852.20592524839878        4.7463840423542323E-003   477.58940718267252        776.46748146368907     
           0           0         169   10.500000000000000        17.500000000000000        881.52812338244246        5.7572872070737989E-003   955.17881436534492        776.46748146368918     
           0           0         170   14.875000000000000        21.000000000000000        879.46443478995297        5.6876789634672364E-003   477.58940718267263        776.46748146368907     
           0           0         171   7.0000000000000000        15.750000000000000        893.45448608844163        6.1715762364266472E-003   477.58940718267252        776.46748146368907     
           0           0         172   11.375000000000000        17.500000000000000        875.63732081607077        5.5506127809070074E-003   477.58940718267263        776.46748146368907     
           0           0         173   0.0000000000000000        14.000000000000000        854.93348249844917        4.8155950376686180E-003   477.58940718267252        776.46748146368896     
           0           0         174  0.87500000000000000        14.000000000000000        859.10296691906467        4.9636544278324375E-003   477.58940718267263        776.46748146368907     
           0           0         175   14.000000000000000        19.250000000000000        876.59201129926009        5.5823171651104824E-003   477.58940718267252        776.46748146368907     
           0           0         176   1.7500000000000000        14.000000000000000        854.03929346657765        4.7845094878697664E-003   955.17881436534492        776.46748146368918     
           0           0         177   15.750000000000000        21.000000000000000        922.23600869830545        7.1482485061930782E-003   955.17881436534492        776.46748146368918     
           0           0         178   8.7500000000000000        15.750000000000000        887.39698015707154        5.9616830856898655E-003   477.58940718267252        776.46748146368907     
           0           0         179   2.6250000000000000        14.000000000000000        859.08405722611633        4.9652252664560883E-003   477.58940718267263        776.46748146368907     
           0           0         180   3.5000000000000000        14.000000000000000        872.58103935684187        5.4431858133366191E-003   955.17881436534492        776.46748146368918     
           0           0         181   12.250000000000000        17.500000000000000        868.06728461096031        5.2833675095577039E-003   955.17881436534492        776.46748146368918     
           0           0         182   17.500000000000000        22.750000000000000        932.68865337603529        7.5122018480582109E-003   238.79470359133626        776.46748146368907     
           0           0         183   4.3750000000000000        14.000000000000000        883.46420894624021        5.8238316199436171E-003   477.58940718267263        776.46748146368907     
           0           0         184   5.2500000000000000        14.000000000000000        885.98420209167455        5.9123987603208758E-003   955.17881436534492        776.46748146368918     
           0           0         185   16.625000000000000        21.000000000000000        865.97020614915255        5.2303824418594982E-003   477.58940718267263        776.46748146368907     
           0           0         186   6.1250000000000000        14.000000000000000        886.21068443812442        5.9212602555455841E-003   477.58940718267263        776.46748146368907     
           0           0         187   13.125000000000000        17.500000000000000        862.28078478456723        5.0771878598021543E-003   477.58940718267263        776.46748146368907     
           0           0         188   10.500000000000000        15.750000000000000        878.47806829495778        5.6503452318727564E-003   477.58940718267252        776.46748146368907     
           0           0         189   7.0000000000000000        14.000000000000000        889.80804453026292        6.0444713042879603E-003   955.17881436534492        776.46748146368918     
           0           0         190   15.750000000000000        19.250000000000000        888.01276736901480        5.9888760136021929E-003   477.58940718267252        776.46748146368907     
           0           0         191   17.500000000000000        21.000000000000000        874.22814733858547        5.5119132778067501E-003   477.58940718267252        776.46748146368907     
           0           0         192   14.000000000000000        17.500000000000000        865.28045287760574        5.1816828424247341E-003   955.17881436534492        776.46748146368918     
           0           0         193   7.8750000000000000        14.000000000000000        887.29963528579083        5.9578482823384677E-003   477.58940718267263        776.46748146368907     
           0           0         194   0.0000000000000000        12.250000000000000        878.61957883003390        5.6547946741613347E-003   238.79470359133626        776.46748146368907     
           0           0         195   8.7500000000000000        14.000000000000000        883.48895803438961        5.8254128197390972E-003   955.17881436534492        776.46748146368918     
           0           0         196   12.250000000000000        15.750000000000000        868.91636517575603        5.3130643581120723E-003   477.58940718267252        776.46748146368907     
           0           0         197   1.7500000000000000        12.250000000000000        884.12489502113704        5.8474159304838296E-003   477.58940718267252        776.46748146368907     
           0           0         198   14.875000000000000        17.500000000000000        868.33036217020458        5.2930530942674010E-003   477.58940718267263        776.46748146368907     
           0           0         199   3.5000000000000000        12.250000000000000        885.39849968830595        5.8919962152330675E-003   477.58940718267252        776.46748146368907     
           0           0         200   9.6250000000000000        14.000000000000000        880.39137667611271        5.7170824404526571E-003   477.58940718267263        776.46748146368907     
           0           0         201   5.2500000000000000        12.250000000000000        886.81766217275003        5.9413172495955333E-003   477.58940718267252        776.46748146368907     
           0           0         202   10.500000000000000        14.000000000000000        876.63999519633649        5.5855697359586164E-003   955.17881436534492        776.46748146368918     
           0           0         203   15.750000000000000        17.500000000000000        933.13481480943130        7.5399750335397517E-003   955.17881436534492        776.46748146368918     
           0           0         204   17.500000000000000        19.250000000000000        903.80889562300558        6.5278346569083018E-003   238.79470359133626        776.46748146368907     
           0           0         205   7.0000000000000000        12.250000000000000        885.13985582076680        5.8829052393251724E-003   477.58940718267252        776.46748146368907     
           0           0         206   14.000000000000000        15.750000000000000        863.57102437098717        5.1227803576670439E-003   477.58940718267252        776.46748146368907     
           0           0         207   11.375000000000000        14.000000000000000        872.88050007605102        5.4531523521553068E-003   477.58940718267263        776.46748146368907     
           0           0         208   16.625000000000000        17.500000000000000        851.22733919655332        4.7156407317311289E-003   477.58940718267263        776.46748146368907     
           0           0         209   12.250000000000000        14.000000000000000        870.03608048393926        5.3525562655190109E-003   955.17881436534492        776.46748146368918     
           0           0         210   8.7500000000000000        12.250000000000000        881.41672776784230        5.7528722521364758E-003   477.58940718267252        776.46748146368907     
           0           0         211   0.0000000000000000        10.500000000000000        876.75202917629883        5.5897466516584421E-003   477.58940718267252        776.46748146368896     
           0           0         212  0.87500000000000000        10.500000000000000        879.38992399817585        5.6823633320716264E-003   477.58940718267263        776.46748146368907     
           0           0         213   1.7500000000000000        10.500000000000000        877.43715536407217        5.6139922768385780E-003   955.17881436534492        776.46748146368918     
           0           0         214   2.6250000000000000        10.500000000000000        880.04786283113367        5.7055335414295666E-003   477.58940718267263        776.46748146368907     
           0           0         215   3.5000000000000000        10.500000000000000        883.54907216490119        5.8277202687434474E-003   955.17881436534492        776.46748146368918     
           0           0         216   17.500000000000000        17.500000000000000        918.21366559855994        7.0349860029891723E-003   477.58940718267252        776.46748146368907     
           0           0         217   13.125000000000000        14.000000000000000        867.78313154551552        5.2726365472792677E-003   477.58940718267263        776.46748146368907     
           0           0         218   15.750000000000000        15.750000000000000        850.66434461286553        4.6754696535783076E-003   477.58940718267252        776.46748146368907     
           0           0         219   4.3750000000000000        10.500000000000000        884.70494307390015        5.8678252841476101E-003   477.58940718267263        776.46748146368907     
           0           0         220   5.2500000000000000        10.500000000000000        884.44300634600677        5.8585425475202796E-003   955.17881436534492        776.46748146368918     
           0           0         221   10.500000000000000        12.250000000000000        876.09620724112528        5.5663060898030504E-003   477.58940718267252        776.46748146368907     
           0           0         222   14.000000000000000        14.000000000000000        865.39739532987437        5.1876471827762526E-003   955.17881436534492        776.46748146368918     
           0           0         223   6.1250000000000000        10.500000000000000        884.15367024334910        5.8483357485731467E-003   477.58940718267263        776.46748146368907     
           0           0         224   7.0000000000000000        10.500000000000000        882.35387171597108        5.7856066711064061E-003   955.17881436534492        776.46748146368918     
           0           0         225   14.875000000000000        14.000000000000000        868.69621457563289        5.3050104307196151E-003   477.58940718267263        776.46748146368907     
           0           0         226   7.8750000000000000        10.500000000000000        880.94166311524316        5.7362084894257946E-003   477.58940718267263        776.46748146368907     
           0           0         227   12.250000000000000        12.250000000000000        871.31520652164204        5.3976810507222238E-003   477.58940718267252        776.46748146368907     
           0           0         228   17.500000000000000        15.750000000000000        831.88773277985433        4.0190324358239313E-003   238.79470359133626        776.46748146368907     
           0           0         229   8.7500000000000000        10.500000000000000        878.88341114963271        5.6641672488519229E-003   955.17881436534492        776.46748146368918     
           0           0         230   15.750000000000000        14.000000000000000        880.92645901641947        5.7323741779174648E-003   955.17881436534492        776.46748146368918     
           0           0         231   0.0000000000000000        8.7500000000000000        883.70856322331883        5.8330998997612390E-003   238.79470359133626        776.46748146368907     
           0           0         232   1.7500000000000000        8.7500000000000000        884.21067561398672        5.8505402236599582E-003   477.58940718267252        776.46748146368907     
           0           0         233   9.6250000000000000        10.500000000000000        877.08145060129959        5.6008925742890778E-003   477.58940718267263        776.46748146368907     
           0           0         234   3.5000000000000000        8.7500000000000000        884.18689551987791        5.8496556720994825E-003   477.58940718267252        776.46748146368907     
           0           0         235   10.500000000000000        10.500000000000000        875.23853696809329        5.5360670323868818E-003   955.17881436534492        776.46748146368918     
           0           0         236   14.000000000000000        12.250000000000000        868.71724949107011        5.3054349386667818E-003   477.58940718267252        776.46748146368907     
           0           0         237   5.2500000000000000        8.7500000000000000        883.53414138244068        5.8267700599320699E-003   477.58940718267252        776.46748146368907     
           0           0         238   16.625000000000000        14.000000000000000        860.63853606502619        5.0279003496104951E-003   477.58940718267263        776.46748146368907     
           0           0         239   11.375000000000000        10.500000000000000        873.44225430609811        5.4727628579797514E-003   477.58940718267263        776.46748146368907     
           0           0         240   7.0000000000000000        8.7500000000000000        881.60640243108674        5.7593587302675981E-003   477.58940718267252        776.46748146368907     
           0           0         241   17.500000000000000        14.000000000000000        898.64637815017454        6.3529810197631370E-003   477.58940718267252        776.46748146368907     
           0           0         242   12.250000000000000        10.500000000000000        872.40776304751546        5.4361516818481380E-003   955.17881436534492        776.46748146368918     
           0           0         243   15.750000000000000        12.250000000000000        869.68463838995888        5.3395038468471521E-003   477.58940718267252        776.46748146368907     
           0           0         244   8.7500000000000000        8.7500000000000000        878.61012467739761        5.6544392234337904E-003   477.58940718267252        776.46748146368907     
           0           0         245   13.125000000000000        10.500000000000000        870.62779692927825        5.3732488286195156E-003   477.58940718267263        776.46748146368907     
           0           0         246   0.0000000000000000        7.0000000000000000        884.51040546641173        5.8607887672240530E-003   477.58940718267252        776.46748146368896     
           0           0         247  0.87500000000000000        7.0000000000000000        884.60315981448105        5.8640497177986015E-003   477.58940718267263        776.46748146368907     
           0           0         248   1.7500000000000000        7.0000000000000000        884.03059191752811        5.8441055744035755E-003   955.17881436534492        776.46748146368918     
           0           0         249   2.6250000000000000        7.0000000000000000        883.91188752536368        5.8399304173275190E-003   477.58940718267263        776.46748146368907     
           0           0         250   3.5000000000000000        7.0000000000000000        883.12679244296487        5.8125445389833981E-003   955.17881436534492        776.46748146368918     
           0           0         251   14.000000000000000        10.500000000000000        870.81073672664229        5.3795514166694314E-003   955.17881436534492        776.46748146368918     
           0           0         252   10.500000000000000        8.7500000000000000        875.35454616879554        5.5400410578299655E-003   477.58940718267252        776.46748146368907     
           0           0         253   4.3750000000000000        7.0000000000000000        882.77609529270876        5.8002496936872799E-003   477.58940718267263        776.46748146368907     
           0           0         254   5.2500000000000000        7.0000000000000000        881.65520931379092        5.7611202880959419E-003   955.17881436534492        776.46748146368918     
           0           0         255   6.1250000000000000        7.0000000000000000        880.90448353151351        5.7348147429347436E-003   477.58940718267263        776.46748146368907     
           0           0         256   14.875000000000000        10.500000000000000        869.53514826128469        5.3343859269246452E-003   477.58940718267263        776.46748146368907     
           0           0         257   17.500000000000000        12.250000000000000        871.14945668967107        5.3909797187385615E-003   238.79470359133626        776.46748146368907     
           0           0         258   7.0000000000000000        7.0000000000000000        879.65864183919814        5.6912193847259021E-003   955.17881436534492        776.46748146368918     
           0           0         259   12.250000000000000        8.7500000000000000        872.41673087633853        5.4364267040039908E-003   477.58940718267252        776.46748146368907     
           0           0         260   7.8750000000000000        7.0000000000000000        878.59859784935520        5.6540274622767176E-003   477.58940718267263        776.46748146368907     
           0           0         261   15.750000000000000        10.500000000000000        870.32596186476462        5.3621977526339612E-003   955.17881436534492        776.46748146368918     
           0           0         262   8.7500000000000000        7.0000000000000000        877.30878641080392        5.6087567771033924E-003   955.17881436534492        776.46748146368918     
           0           0         263   16.625000000000000        10.500000000000000        870.38312374937414        5.3640160218193190E-003   477.58940718267263        776.46748146368907     
           0           0         264   9.6250000000000000        7.0000000000000000        876.05085054617916        5.5645297744825227E-003   477.58940718267263        776.46748146368907     
           0           0         265   14.000000000000000        8.7500000000000000        870.59571621311784        5.3719838586000299E-003   477.58940718267252        776.46748146368907     
           0           0         266   0.0000000000000000        5.2500000000000000        884.28479037802481        5.8528418738085881E-003   238.79470359133626        776.46748146368907     
           0           0         267   1.7500000000000000        5.2500000000000000        884.22115637323850        5.8505954927373371E-003   477.58940718267252        776.46748146368907     
           0           0         268   10.500000000000000        7.0000000000000000        874.91559775231212        5.5245572119870931E-003   955.17881436534492        776.46748146368918     
           0           0         269   3.5000000000000000        5.2500000000000000        883.37211372136608        5.8209452655543607E-003   477.58940718267252        776.46748146368907     
           0           0         270   17.500000000000000        10.500000000000000        869.92601676722836        5.3477819896359914E-003   477.58940718267252        776.46748146368907     
           0           0         271   5.2500000000000000        5.2500000000000000        881.88588511964554        5.7690244727136662E-003   477.58940718267252        776.46748146368907     
           0           0         272   11.375000000000000        7.0000000000000000        873.66920881408294        5.4806328288807471E-003   477.58940718267263        776.46748146368907     
           0           0         273   7.0000000000000000        5.2500000000000000        879.85218042365750        5.6978733248552339E-003   477.58940718267252        776.46748146368907     
           0           0         274   12.250000000000000        7.0000000000000000        872.92119770073339        5.4541973790417963E-003   955.17881436534492        776.46748146368918     
           0           0         275   15.750000000000000        8.7500000000000000        870.01238790265654        5.3511612760989528E-003   477.58940718267252        776.46748146368907     
           0           0         276   13.125000000000000        7.0000000000000000        871.95641486945215        5.4201227709009892E-003   477.58940718267263        776.46748146368907     
           0           0         277   8.7500000000000000        5.2500000000000000        877.49337270306592        5.6151521086877853E-003   477.58940718267252        776.46748146368907     
           0           0         278   14.000000000000000        7.0000000000000000        871.59220377768736        5.4071754664222768E-003   955.17881436534492        776.46748146368918     
           0           0         279   0.0000000000000000        3.5000000000000000        882.96686163119330        5.8068090355038295E-003   477.58940718267252        776.46748146368896     
           0           0         280  0.87500000000000000        3.5000000000000000        883.27557844586454        5.8175479219429683E-003   477.58940718267263        776.46748146368907     
           0           0         281   10.500000000000000        5.2500000000000000        875.08940641731851        5.5306324076428992E-003   477.58940718267252        776.46748146368907     
           0           0         282   17.500000000000000        8.7500000000000000        870.22825350190340        5.3586467851938603E-003   238.79470359133626        776.46748146368907     
           0           0         283   1.7500000000000000        3.5000000000000000        882.78354943346733        5.8003917910929874E-003   955.17881436534492        776.46748146368918     
           0           0         284   2.6250000000000000        3.5000000000000000        882.58006359776459        5.7932697978775984E-003   477.58940718267263        776.46748146368907     
           0           0         285   3.5000000000000000        3.5000000000000000        881.83019333295283        5.7670981164350049E-003   955.17881436534492        776.46748146368918     
           0           0         286   14.875000000000000        7.0000000000000000        870.80094140271694        5.3792014077020172E-003   477.58940718267263        776.46748146368907     
           0           0         287   4.3750000000000000        3.5000000000000000        881.32992650387610        5.7495920145192439E-003   477.58940718267263        776.46748146368907     
           0           0         288   5.2500000000000000        3.5000000000000000        880.39945115469050        5.7170574518430588E-003   955.17881436534492        776.46748146368918     
           0           0         289   6.1250000000000000        3.5000000000000000        879.66520514250510        5.6913293843446249E-003   477.58940718267263        776.46748146368907     
           0           0         290   15.750000000000000        7.0000000000000000        870.76235079222022        5.3777759993049127E-003   955.17881436534492        776.46748146368918     
           0           0         291   12.250000000000000        5.2500000000000000        873.01560079005515        5.4575288462989993E-003   477.58940718267252        776.46748146368907     
           0           0         292   7.0000000000000000        3.5000000000000000        878.62835100436496        5.6549978061775199E-003   955.17881436534492        776.46748146368918     
           0           0         293   7.8750000000000000        3.5000000000000000        877.70151582569599        5.6224680158204841E-003   477.58940718267263        776.46748146368907     
           0           0         294   16.625000000000000        7.0000000000000000        870.01485473957746        5.3513206019937826E-003   477.58940718267263        776.46748146368907     
           0           0         295   8.7500000000000000        3.5000000000000000        876.68840900775479        5.5868847497619230E-003   955.17881436534492        776.46748146368918     
           0           0         296   14.000000000000000        5.2500000000000000        871.47915624740563        5.4032382666103261E-003   477.58940718267252        776.46748146368907     
           0           0         297   9.6250000000000000        3.5000000000000000        875.66629617358319        5.5509414693569806E-003   477.58940718267263        776.46748146368907     
           0           0         298   17.500000000000000        7.0000000000000000        870.25936463376740        5.3599381316696143E-003   477.58940718267252        776.46748146368907     
           0           0         299   10.500000000000000        3.5000000000000000        874.80476553547828        5.5206023109577486E-003   955.17881436534492        776.46748146368918     
           0           0         300   0.0000000000000000        1.7500000000000000        883.72311433382970        5.8330882723798766E-003   238.79470359133626        776.46748146368907     
           0           0         301   1.7500000000000000        1.7500000000000000        883.54731054847321        5.8269394653456749E-003   477.58940718267252        776.46748146368907     
           0           0         302   3.5000000000000000        1.7500000000000000        882.58091381592021        5.7932145876747080E-003   477.58940718267252        776.46748146368907     
           0           0         303   11.375000000000000        3.5000000000000000        873.78633081344026        5.4847248261199423E-003   477.58940718267263        776.46748146368907     
           0           0         304   15.750000000000000        5.2500000000000000        870.63974390624298        5.3735225825723067E-003   477.58940718267252        776.46748146368907     
           0           0         305   5.2500000000000000        1.7500000000000000        881.09649407999768        5.7413435811223146E-003   477.58940718267252        776.46748146368907     
           0           0         306   12.250000000000000        3.5000000000000000        873.16500028931739        5.4627866007689908E-003   955.17881436534492        776.46748146368918     
           0           0         307   7.0000000000000000        1.7500000000000000        879.21893279648566        5.6756188551288344E-003   477.58940718267252        776.46748146368907     
           0           0         308   13.125000000000000        3.5000000000000000        872.22130850358587        5.4294930960986573E-003   477.58940718267263        776.46748146368907     
           0           0         309   8.7500000000000000        1.7500000000000000        877.12990998860141        5.6023390851777741E-003   477.58940718267252        776.46748146368907     
           0           0         310   14.000000000000000        3.5000000000000000        871.89292460084198        5.4178675807755212E-003   955.17881436534492        776.46748146368918     
           0           0         311   17.500000000000000        5.2500000000000000        870.23103135298618        5.3590417430251225E-003   238.79470359133626        776.46748146368907     
           0           0         312   14.875000000000000        3.5000000000000000        871.13390537528812        5.3910601050302731E-003   477.58940718267263        776.46748146368907     
           0           0         313   10.500000000000000        1.7500000000000000        875.05828105986939        5.5295037970510925E-003   477.58940718267252        776.46748146368907     
           0           0         314   0.0000000000000000        0.0000000000000000        882.37121228260253        5.7859481043253339E-003   238.79470359133626        776.46748146368918     
           0           0         315  0.87500000000000000        0.0000000000000000        882.67754725439204        5.7966111061858450E-003   238.79470359133626        776.46748146368907     
           0           0         316   1.7500000000000000        0.0000000000000000        882.24931027113428        5.7816755603004814E-003   477.58940718267263        776.46748146368896     
           0           0         317   2.6250000000000000        0.0000000000000000        882.06578226047259        5.7752489313224395E-003   238.79470359133626        776.46748146368907     
           0           0         318   3.5000000000000000        0.0000000000000000        881.37889809443436        5.7512596740532359E-003   477.58940718267263        776.46748146368896     
           0           0         319   15.750000000000000        3.5000000000000000        871.02133137018086        5.3870638485990618E-003   955.17881436534492        776.46748146368918     
           0           0         320   4.3750000000000000        0.0000000000000000        880.91271878473049        5.7349435357788320E-003   238.79470359133626        776.46748146368907     
           0           0         321   5.2500000000000000        0.0000000000000000        880.04004342234737        5.7044187995508224E-003   477.58940718267263        776.46748146368896     
           0           0         322   12.250000000000000        1.7500000000000000        873.21879873566741        5.4646898721250206E-003   477.58940718267252        776.46748146368907     
           0           0         323   6.1250000000000000        0.0000000000000000        879.33396511287708        5.6796750383212346E-003   238.79470359133626        776.46748146368907     
           0           0         324   16.625000000000000        3.5000000000000000        870.47548628735990        5.3677830227069259E-003   477.58940718267263        776.46748146368907     
           0           0         325   7.0000000000000000        0.0000000000000000        878.38075135395650        5.6462680928632530E-003   477.58940718267263        776.46748146368896     
           0           0         326   7.8750000000000000        0.0000000000000000        877.50278729684862        5.6154504775343464E-003   238.79470359133626        776.46748146368907     
           0           0         327   17.500000000000000        3.5000000000000000        870.67989211497320        5.3750071656069156E-003   477.58940718267252        776.46748146368907     
           0           0         328   8.7500000000000000        0.0000000000000000        876.57147471884775        5.5827362026999380E-003   477.58940718267263        776.46748146368896     
           0           0         329   14.000000000000000        1.7500000000000000        871.79989770484030        5.4146044834201563E-003   477.58940718267252        776.46748146368907     
           0           0         330   9.6250000000000000        0.0000000000000000        875.60535698976139        5.5487652784669541E-003   238.79470359133626        776.46748146368907     
           0           0         331   10.500000000000000        0.0000000000000000        874.79175253533117        5.5201201123072701E-003   477.58940718267263        776.46748146368896     
           0           0         332   15.750000000000000        1.7500000000000000        870.91546288289089        5.3833473447625624E-003   477.58940718267252        776.46748146368907     
           0           0         333   11.375000000000000        0.0000000000000000        873.82951032899587        5.4862286053092204E-003   238.79470359133626        776.46748146368907     
           0           0         334   12.250000000000000        0.0000000000000000        873.21784395462464        5.4646464767535673E-003   477.58940718267263        776.46748146368896     
           0           0         335   13.125000000000000        0.0000000000000000        872.35654486480075        5.4342692193167083E-003   238.79470359133626        776.46748146368907     
           0           0         336   17.500000000000000        1.7500000000000000        870.62193521590893        5.3729838750702112E-003   238.79470359133626        776.46748146368907     
           0           0         337   14.000000000000000        0.0000000000000000        871.99095914406678        5.4213449747653490E-003   477.58940718267263        776.46748146368896     
           0           0         338   14.875000000000000        0.0000000000000000        871.27925127909043        5.3962250961751704E-003   238.79470359133626        776.46748146368907     
           0           0         339   15.750000000000000        0.0000000000000000        871.17806686714823        5.3926406766351817E-003   477.58940718267263        776.46748146368896     
           0           0         340   16.625000000000000        0.0000000000000000        870.63093094199803        5.3733281494913110E-003   238.79470359133626        776.46748146368907     
           0           0         341   17.500000000000000        0.0000000000000000        870.88087741614243        5.3821645861056051E-003   238.79470359133626        776.46748146368907     
