           0           0           1   0.0000000000000000        35.000000000000000        1172.8502460319471        1.4744697232281230E-002   580.68297801702590        892.08361415925901     
           0           0           2  0.87500000000000000        35.000000000000000        1140.9045121226959        1.3884263281843038E-002   580.68297801702602        892.08361415925913     
           0           0           3   0.0000000000000000        33.250000000000000        1156.3444392533684        1.4308044306732102E-002   580.68297801702602        892.08361415925913     
           0           0           4   1.7500000000000000        35.000000000000000        1151.6952895231364        1.4174938746474981E-002   1161.3659560340518        892.08361415925924     
           0           0           5   1.7500000000000000        33.250000000000000        1166.0171174776426        1.4566141642278449E-002   1161.3659560340520        892.08361415925924     
           0           0           6   2.6250000000000000        35.000000000000000        1170.5462695598014        1.4683460489642218E-002   580.68297801702602        892.08361415925913     
           0           0           7   0.0000000000000000        31.500000000000000        1211.8360867248007        1.5780655316157972E-002   1161.3659560340523        892.08361415925901     
           0           0           8   3.5000000000000000        35.000000000000000        1160.7077707006108        1.4427162362342157E-002   1161.3659560340518        892.08361415925924     
           0           0           9  0.87500000000000000        31.500000000000000        1185.2338735818532        1.5079026762218801E-002   1161.3659560340518        892.08361415925924     
           0           0          10   3.5000000000000000        33.250000000000000        1179.8968461417144        1.4935831283289659E-002   1161.3659560340520        892.08361415925924     
           0           0          11   1.7500000000000000        31.500000000000000        1187.5721272207722        1.5142094049827441E-002   2322.7319120681041        892.08361415925901     
           0           0          12   2.6250000000000000        31.500000000000000        1208.3734861867574        1.5686103064321753E-002   1161.3659560340518        892.08361415925924     
           0           0          13   4.3750000000000000        35.000000000000000        1201.4360180872063        1.5502593982773028E-002   580.68297801702602        892.08361415925913     
           0           0          14   3.5000000000000000        31.500000000000000        1191.0610645117256        1.5226333633267915E-002   2322.7319120681041        892.08361415925901     
           0           0          15   0.0000000000000000        29.750000000000000        1220.0051707957873        1.5991175275702180E-002   580.68297801702602        892.08361415925913     
           0           0          16   5.2500000000000000        35.000000000000000        1153.4679784741477        1.4231899411317556E-002   1161.3659560340518        892.08361415925924     
           0           0          17   1.7500000000000000        29.750000000000000        1214.8184020318652        1.5855492376063329E-002   1161.3659560340520        892.08361415925924     
           0           0          18   5.2500000000000000        33.250000000000000        1187.9864506738950        1.5150068363947881E-002   1161.3659560340520        892.08361415925924     
           0           0          19   4.3750000000000000        31.500000000000000        1199.7141919337989        1.5461517280783509E-002   1161.3659560340518        892.08361415925924     
           0           0          20   6.1250000000000000        35.000000000000000        1157.3603225144984        1.4335302460472944E-002   580.68297801702602        892.08361415925913     
           0           0          21   3.5000000000000000        29.750000000000000        1222.6752623336838        1.6057974135148374E-002   1161.3659560340520        892.08361415925924     
           0           0          22   5.2500000000000000        31.500000000000000        1201.2643228471134        1.5495335757406834E-002   2322.7319120681041        892.08361415925901     
           0           0          23   0.0000000000000000        28.000000000000000        1208.9004431447624        1.5709790424101151E-002   1161.3659560340523        892.08361415925901     
           0           0          24   7.0000000000000000        35.000000000000000        1177.4221163309221        1.4873008684685694E-002   1161.3659560340518        892.08361415925924     
           0           0          25   6.1250000000000000        31.500000000000000        1213.0007027544862        1.5802311411098252E-002   1161.3659560340518        892.08361415925924     
           0           0          26  0.87500000000000000        28.000000000000000        1240.0936840445086        1.6507532590460800E-002   1161.3659560340518        892.08361415925924     
           0           0          27   7.0000000000000000        33.250000000000000        1199.7961458431912        1.5459053478181155E-002   1161.3659560340520        892.08361415925924     
           0           0          28   1.7500000000000000        28.000000000000000        1237.8072510732363        1.6445245510853485E-002   2322.7319120681041        892.08361415925901     
           0           0          29   5.2500000000000000        29.750000000000000        1222.5379602741962        1.6052168758988482E-002   1161.3659560340520        892.08361415925924     
           0           0          30   2.6250000000000000        28.000000000000000        1227.8472750238318        1.6197254177693694E-002   1161.3659560340518        892.08361415925924     
           0           0          31   7.0000000000000000        31.500000000000000        1195.0450397193804        1.5336955081794706E-002   2322.7319120681041        892.08361415925901     
           0           0          32   3.5000000000000000        28.000000000000000        1240.9659899832559        1.6528966623356785E-002   2322.7319120681041        892.08361415925901     
           0           0          33   7.8750000000000000        35.000000000000000        1168.4607917353535        1.4636383681408613E-002   580.68297801702602        892.08361415925913     
           0           0          34   4.3750000000000000        28.000000000000000        1239.2378898796796        1.6481503717756061E-002   1161.3659560340518        892.08361415925924     
           0           0          35   7.8750000000000000        31.500000000000000        1205.2842569209959        1.5603695884982203E-002   1161.3659560340518        892.08361415925924     
           0           0          36   8.7500000000000000        35.000000000000000        1175.1146272847668        1.4810115651487571E-002   1161.3659560340518        892.08361415925924     
           0           0          37   0.0000000000000000        26.250000000000000        1231.0177408509821        1.6276900893789185E-002   580.68297801702602        892.08361415925913     
           0           0          38   7.0000000000000000        29.750000000000000        1214.9670582222943        1.5857993057360999E-002   1161.3659560340520        892.08361415925924     
           0           0          39   5.2500000000000000        28.000000000000000        1241.6162242021051        1.6543756436362477E-002   2322.7319120681041        892.08361415925901     
           0           0          40   8.7500000000000000        33.250000000000000        1207.5652638490683        1.5656872102827332E-002   1161.3659560340520        892.08361415925924     
           0           0          41   1.7500000000000000        26.250000000000000        1249.8448355665728        1.6754054990430096E-002   1161.3659560340520        892.08361415925924     
           0           0          42   6.1250000000000000        28.000000000000000        1228.5936886901547        1.6212914090515396E-002   1161.3659560340518        892.08361415925924     
           0           0          43   8.7500000000000000        31.500000000000000        1223.4444192369588        1.6072655772098453E-002   2322.7319120681041        892.08361415925901     
           0           0          44   3.5000000000000000        26.250000000000000        1254.0552701128179        1.6857516340578992E-002   1161.3659560340520        892.08361415925924     
           0           0          45   9.6250000000000000        35.000000000000000        1170.5157725085742        1.4684299428481786E-002   580.68297801702602        892.08361415925913     
           0           0          46   7.0000000000000000        28.000000000000000        1256.2798978308917        1.6909926289700932E-002   2322.7319120681041        892.08361415925901     
           0           0          47   8.7500000000000000        29.750000000000000        1250.2313242262214        1.6751599561475296E-002   1161.3659560340520        892.08361415925924     
           0           0          48   5.2500000000000000        26.250000000000000        1241.6201569462046        1.6542248770480019E-002   1161.3659560340520        892.08361415925924     
           0           0          49   9.6250000000000000        31.500000000000000        1219.1190632748073        1.5963775672693699E-002   1161.3659560340518        892.08361415925924     
           0           0          50   10.500000000000000        35.000000000000000        1232.3635698893706        1.6298364435078802E-002   1161.3659560340518        892.08361415925924     
           0           0          51   0.0000000000000000        24.500000000000000        1262.0031572432774        1.7059609223195656E-002   1161.3659560340523        892.08361415925901     
           0           0          52   7.8750000000000000        28.000000000000000        1254.5952341109494        1.6863584379899179E-002   1161.3659560340518        892.08361415925924     
           0           0          53  0.87500000000000000        24.500000000000000        1256.4805957215694        1.6925072057100816E-002   1161.3659560340518        892.08361415925924     
           0           0          54   1.7500000000000000        24.500000000000000        1258.8121636950189        1.6980463743946753E-002   2322.7319120681041        892.08361415925901     
           0           0          55   10.500000000000000        33.250000000000000        1211.6497934483893        1.5766429566829165E-002   1161.3659560340520        892.08361415925924     
           0           0          56   2.6250000000000000        24.500000000000000        1252.5407783194134        1.6823201239276810E-002   1161.3659560340518        892.08361415925924     
           0           0          57   3.5000000000000000        24.500000000000000        1251.4250851496995        1.6793268248430641E-002   2322.7319120681041        892.08361415925901     
           0           0          58   10.500000000000000        31.500000000000000        1251.6499164692200        1.6786512309757525E-002   2322.7319120681041        892.08361415925901     
           0           0          59   8.7500000000000000        28.000000000000000        1257.9486486174014        1.6948141561672410E-002   2322.7319120681041        892.08361415925901     
           0           0          60   7.0000000000000000        26.250000000000000        1235.8151459606092        1.6397612410085225E-002   1161.3659560340520        892.08361415925924     
           0           0          61   11.375000000000000        35.000000000000000        1171.9341386277561        1.4735443977678316E-002   580.68297801702602        892.08361415925913     
           0           0          62   4.3750000000000000        24.500000000000000        1251.9927630841389        1.6808182848624870E-002   1161.3659560340518        892.08361415925924     
           0           0          63   10.500000000000000        29.750000000000000        1232.6818678527457        1.6310577981275949E-002   1161.3659560340520        892.08361415925924     
           0           0          64   5.2500000000000000        24.500000000000000        1268.7423515665887        1.7222891849117083E-002   2322.7319120681041        892.08361415925901     
           0           0          65   11.375000000000000        31.500000000000000        1217.4754495331424        1.5922634815650209E-002   1161.3659560340518        892.08361415925924     
           0           0          66   9.6250000000000000        28.000000000000000        1241.0064247024020        1.6525329066791251E-002   1161.3659560340518        892.08361415925924     
           0           0          67   6.1250000000000000        24.500000000000000        1259.0054001750630        1.6981056498376515E-002   1161.3659560340518        892.08361415925924     
           0           0          68   0.0000000000000000        22.750000000000000        1239.5297451596985        1.6498774704295699E-002   580.68297801702602        892.08361415925913     
           0           0          69   12.250000000000000        35.000000000000000        1238.1343456114964        1.6445695660813164E-002   1161.3659560340518        892.08361415925924     
           0           0          70   12.250000000000000        33.250000000000000        1228.4960808423489        1.6199006905857984E-002   1161.3659560340520        892.08361415925924     
           0           0          71   1.7500000000000000        22.750000000000000        1252.7813462920390        1.6827155746443681E-002   1161.3659560340520        892.08361415925924     
           0           0          72   8.7500000000000000        26.250000000000000        1248.5476451531285        1.6715836007380754E-002   1161.3659560340520        892.08361415925924     
           0           0          73   7.0000000000000000        24.500000000000000        1267.7056588658299        1.7198875667080605E-002   2322.7319120681041        892.08361415925901     
           0           0          74   10.500000000000000        28.000000000000000        1259.4436447397138        1.6988008624735974E-002   2322.7319120681041        892.08361415925901     
           0           0          75   3.5000000000000000        22.750000000000000        1258.4600431132228        1.6968074906664132E-002   1161.3659560340520        892.08361415925924     
           0           0          76   12.250000000000000        31.500000000000000        1263.6989194226219        1.7091182981495433E-002   2322.7319120681041        892.08361415925901     
           0           0          77   7.8750000000000000        24.500000000000000        1265.0550468692779        1.7131598403203427E-002   1161.3659560340518        892.08361415925924     
           0           0          78   13.125000000000000        35.000000000000000        1246.0497323797199        1.6643554021791119E-002   580.68297801702602        892.08361415925913     
           0           0          79   5.2500000000000000        22.750000000000000        1240.8446994631252        1.6529838233959329E-002   1161.3659560340520        892.08361415925924     
           0           0          80   12.250000000000000        29.750000000000000        1230.9459035964524        1.6265808961661483E-002   1161.3659560340520        892.08361415925924     
           0           0          81   11.375000000000000        28.000000000000000        1247.1240606774836        1.6677460654259766E-002   1161.3659560340518        892.08361415925924     
           0           0          82   13.125000000000000        31.500000000000000        1297.2255409361680        1.7920810121700746E-002   1161.3659560340518        892.08361415925924     
           0           0          83   10.500000000000000        26.250000000000000        1256.8366527810526        1.6920083558453553E-002   1161.3659560340520        892.08361415925924     
           0           0          84   8.7500000000000000        24.500000000000000        1254.4267857187599        1.6866261493134450E-002   2322.7319120681041        892.08361415925901     
           0           0          85   0.0000000000000000        21.000000000000000        1271.8689387517716        1.7302489040863379E-002   1161.3659560340523        892.08361415925901     
           0           0          86   14.000000000000000        35.000000000000000        1192.6079959668969        1.5306562535395484E-002   1161.3659560340518        892.08361415925924     
           0           0          87  0.87500000000000000        21.000000000000000        1273.1287753853094        1.7333981460183025E-002   1161.3659560340518        892.08361415925924     
           0           0          88   14.000000000000000        33.250000000000000        1242.3492738436653        1.6555330869489251E-002   1161.3659560340520        892.08361415925924     
           0           0          89   7.0000000000000000        22.750000000000000        1256.4999394107831        1.6917985387022171E-002   1161.3659560340520        892.08361415925924     
           0           0          90   12.250000000000000        28.000000000000000        1242.6165649253039        1.6562474959176787E-002   2322.7319120681041        892.08361415925901     
           0           0          91   1.7500000000000000        21.000000000000000        1265.8935712701730        1.7153109605817854E-002   2322.7319120681041        892.08361415925901     
           0           0          92   9.6250000000000000        24.500000000000000        1262.9963020929156        1.7078266975233368E-002   1161.3659560340518        892.08361415925924     
           0           0          93   2.6250000000000000        21.000000000000000        1259.7973106545498        1.7003530015293644E-002   1161.3659560340518        892.08361415925924     
           0           0          94   14.000000000000000        31.500000000000000        1266.7963167443074        1.7166832254126907E-002   2322.7319120681041        892.08361415925901     
           0           0          95   3.5000000000000000        21.000000000000000        1260.7913822833600        1.7029611266282090E-002   2322.7319120681041        892.08361415925901     
           0           0          96   4.3750000000000000        21.000000000000000        1262.7017480477821        1.7075020677096441E-002   1161.3659560340518        892.08361415925924     
           0           0          97   10.500000000000000        24.500000000000000        1250.0593501739581        1.6751344452235317E-002   2322.7319120681041        892.08361415925901     
           0           0          98   13.125000000000000        28.000000000000000        1245.3360186320024        1.6626462795763162E-002   1161.3659560340518        892.08361415925924     
           0           0          99   14.875000000000000        35.000000000000000        1303.2061444936678        1.8069782384475097E-002   580.68297801702602        892.08361415925913     
           0           0         100   14.000000000000000        29.750000000000000        1240.1509139821364        1.6495373812257016E-002   1161.3659560340520        892.08361415925924     
           0           0         101   5.2500000000000000        21.000000000000000        1255.2971781275169        1.6891606959870246E-002   2322.7319120681041        892.08361415925901     
           0           0         102   8.7500000000000000        22.750000000000000        1262.8548767278794        1.7071770133200260E-002   1161.3659560340520        892.08361415925924     
           0           0         103   12.250000000000000        26.250000000000000        1228.4871967134197        1.6204917990634185E-002   1161.3659560340520        892.08361415925924     
           0           0         104   6.1250000000000000        21.000000000000000        1272.8371849293658        1.7324927211475986E-002   1161.3659560340518        892.08361415925924     
           0           0         105   14.875000000000000        31.500000000000000        1270.9391630316454        1.7268816627090126E-002   1161.3659560340518        892.08361415925924     
           0           0         106   11.375000000000000        24.500000000000000        1248.0026806491958        1.6698041283315691E-002   1161.3659560340518        892.08361415925924     
           0           0         107   14.000000000000000        28.000000000000000        1241.1535991706025        1.6517764444415932E-002   2322.7319120681041        892.08361415925901     
           0           0         108   7.0000000000000000        21.000000000000000        1247.5536199860258        1.6697130337229322E-002   2322.7319120681041        892.08361415925901     
           0           0         109   0.0000000000000000        19.250000000000000        1256.4863581895179        1.6917889481047905E-002   580.68297801702602        892.08361415925913     
           0           0         110   15.750000000000000        35.000000000000000        1228.8335668221353        1.6292013601390050E-002   1161.3659560340518        892.08361415925924     
           0           0         111   15.750000000000000        33.250000000000000        1290.4573060558132        1.7743552467683932E-002   1161.3659560340520        892.08361415925924     
           0           0         112   1.7500000000000000        19.250000000000000        1267.7897911222049        1.7198977590837054E-002   1161.3659560340520        892.08361415925924     
           0           0         113   7.8750000000000000        21.000000000000000        1257.6589870438711        1.6945266944726804E-002   1161.3659560340518        892.08361415925924     
           0           0         114   3.5000000000000000        19.250000000000000        1250.6144421081681        1.6771798526317126E-002   1161.3659560340520        892.08361415925924     
           0           0         115   10.500000000000000        22.750000000000000        1251.3849850548213        1.6781394274271111E-002   1161.3659560340520        892.08361415925924     
           0           0         116   15.750000000000000        31.500000000000000        1289.8033624589325        1.7745374560508280E-002   2322.7319120681041        892.08361415925901     
           0           0         117   12.250000000000000        24.500000000000000        1248.8277308172208        1.6715821637999072E-002   2322.7319120681041        892.08361415925901     
           0           0         118   14.875000000000000        28.000000000000000        1237.8017762359423        1.6428322664490635E-002   1161.3659560340518        892.08361415925924     
           0           0         119   14.000000000000000        26.250000000000000        1236.4744668902927        1.6399233847343042E-002   1161.3659560340520        892.08361415925924     
           0           0         120   8.7500000000000000        21.000000000000000        1252.3320353086101        1.6809479119512378E-002   2322.7319120681041        892.08361415925901     
           0           0         121   15.750000000000000        29.750000000000000        1213.3581097078104        1.5803981961455757E-002   1161.3659560340520        892.08361415925924     
           0           0         122   5.2500000000000000        19.250000000000000        1265.4452528634579        1.7138891858803004E-002   1161.3659560340520        892.08361415925924     
           0           0         123   16.625000000000000        35.000000000000000        1451.0951724171293        2.1606269338550255E-002   580.68297801702602        892.08361415925913     
           0           0         124   13.125000000000000        24.500000000000000        1223.3249045802645        1.6071774749787920E-002   1161.3659560340518        892.08361415925924     
           0           0         125   9.6250000000000000        21.000000000000000        1255.6911849753194        1.6890225836605842E-002   1161.3659560340518        892.08361415925924     
           0           0         126   16.625000000000000        31.500000000000000        1233.6503571716660        1.6315706631812855E-002   1161.3659560340518        892.08361415925924     
           0           0         127   7.0000000000000000        19.250000000000000        1265.0419960836095        1.7127149764034622E-002   1161.3659560340520        892.08361415925924     
           0           0         128   15.750000000000000        28.000000000000000        1239.7742935069612        1.6476912527284983E-002   2322.7319120681041        892.08361415925901     
           0           0         129   12.250000000000000        22.750000000000000        1230.5944729568871        1.6256432452214229E-002   1161.3659560340520        892.08361415925924     
           0           0         130   14.000000000000000        24.500000000000000        1207.1049504672467        1.5653294766490761E-002   2322.7319120681041        892.08361415925901     
           0           0         131   17.500000000000000        35.000000000000000        1493.1334543016844        2.2466820970111219E-002   580.68297801702579        892.08361415925924     
           0           0         132   0.0000000000000000        17.500000000000000        1274.2008799134148        1.7357574344188456E-002   1161.3659560340523        892.08361415925901     
           0           0         133   10.500000000000000        21.000000000000000        1235.0879749460341        1.6372207866552208E-002   2322.7319120681041        892.08361415925901     
           0           0         134  0.87500000000000000        17.500000000000000        1261.9247887466415        1.7052288876323738E-002   1161.3659560340518        892.08361415925924     
           0           0         135   1.7500000000000000        17.500000000000000        1271.8438038464417        1.7298853211659963E-002   2322.7319120681041        892.08361415925901     
           0           0         136   17.500000000000000        33.250000000000000        1334.1839049340906        1.8831745740838506E-002   580.68297801702602        892.08361415925913     
           0           0         137   2.6250000000000000        17.500000000000000        1271.8370591203748        1.7297525612750539E-002   1161.3659560340518        892.08361415925924     
           0           0         138   17.500000000000000        31.500000000000000        1175.2276026989935        1.4793862186629987E-002   1161.3659560340520        892.08361415925890     
           0           0         139   3.5000000000000000        17.500000000000000        1276.2296034159056        1.7404260863835661E-002   2322.7319120681041        892.08361415925901     
           0           0         140   8.7500000000000000        19.250000000000000        1240.1236763165962        1.6501745011846845E-002   1161.3659560340520        892.08361415925924     
           0           0         141   15.750000000000000        26.250000000000000        1221.9816848379733        1.6023324817836068E-002   1161.3659560340520        892.08361415925924     
           0           0         142   4.3750000000000000        17.500000000000000        1248.5874487891308        1.6719523963399704E-002   1161.3659560340518        892.08361415925924     
           0           0         143   11.375000000000000        21.000000000000000        1260.9093822548161        1.7019815827376921E-002   1161.3659560340518        892.08361415925924     
           0           0         144   16.625000000000000        28.000000000000000        1196.7879801823626        1.5370125893849130E-002   1161.3659560340518        892.08361415925924     
           0           0         145   14.875000000000000        24.500000000000000        1238.8581807843786        1.6456550516503365E-002   1161.3659560340518        892.08361415925924     
           0           0         146   17.500000000000000        29.750000000000000        1176.1580761805462        1.4824894491427650E-002   580.68297801702602        892.08361415925913     
           0           0         147   5.2500000000000000        17.500000000000000        1241.8207538732486        1.6550375591869365E-002   2322.7319120681041        892.08361415925901     
           0           0         148   6.1250000000000000        17.500000000000000        1265.8059391795332        1.7145177905752131E-002   1161.3659560340518        892.08361415925924     
           0           0         149   14.000000000000000        22.750000000000000        1240.3247764447426        1.6497797101864029E-002   1161.3659560340520        892.08361415925924     
           0           0         150   12.250000000000000        21.000000000000000        1244.1247804992863        1.6599862543652501E-002   2322.7319120681041        892.08361415925901     
           0           0         151   7.0000000000000000        17.500000000000000        1228.8853362558539        1.6223292728877684E-002   2322.7319120681041        892.08361415925901     
           0           0         152   17.500000000000000        28.000000000000000        1216.1764708718270        1.5860138092297714E-002   1161.3659560340520        892.08361415925890     
           0           0         153   10.500000000000000        19.250000000000000        1258.7229880810683        1.6964287493789837E-002   1161.3659560340520        892.08361415925924     
           0           0         154   15.750000000000000        24.500000000000000        1212.9760766055310        1.5793597678259538E-002   2322.7319120681041        892.08361415925901     
           0           0         155   7.8750000000000000        17.500000000000000        1244.5102015407185        1.6610713293611495E-002   1161.3659560340518        892.08361415925924     
           0           0         156   13.125000000000000        21.000000000000000        1215.7209091299203        1.5878771603530246E-002   1161.3659560340518        892.08361415925924     
           0           0         157   0.0000000000000000        15.750000000000000        1268.8989123426156        1.7219749528614367E-002   580.68297801702602        892.08361415925913     
           0           0         158   1.7500000000000000        15.750000000000000        1259.0672449297235        1.6977051424570708E-002   1161.3659560340520        892.08361415925924     
           0           0         159   3.5000000000000000        15.750000000000000        1249.0303395832423        1.6726724245127035E-002   1161.3659560340520        892.08361415925924     
           0           0         160   17.500000000000000        26.250000000000000        1203.9677214126050        1.5548936009620018E-002   580.68297801702602        892.08361415925913     
           0           0         161   8.7500000000000000        17.500000000000000        1254.8835856785061        1.6868571498686782E-002   2322.7319120681041        892.08361415925901     
           0           0         162   16.625000000000000        24.500000000000000        1215.5210183254387        1.5853733725726554E-002   1161.3659560340518        892.08361415925924     
           0           0         163   14.000000000000000        21.000000000000000        1210.9370600589928        1.5752812817815254E-002   2322.7319120681041        892.08361415925901     
           0           0         164   12.250000000000000        19.250000000000000        1238.7520554383980        1.6461114634303241E-002   1161.3659560340520        892.08361415925924     
           0           0         165   15.750000000000000        22.750000000000000        1238.0538371403873        1.6434337748675584E-002   1161.3659560340520        892.08361415925924     
           0           0         166   5.2500000000000000        15.750000000000000        1254.6215019314377        1.6863839608286153E-002   1161.3659560340520        892.08361415925924     
           0           0         167   9.6250000000000000        17.500000000000000        1255.3057629303428        1.6878583260232304E-002   1161.3659560340518        892.08361415925924     
           0           0         168   17.500000000000000        24.500000000000000        1223.4123155715738        1.6052238216507034E-002   1161.3659560340520        892.08361415925890     
           0           0         169   10.500000000000000        17.500000000000000        1264.2075517251465        1.7103462641071873E-002   2322.7319120681041        892.08361415925901     
           0           0         170   14.875000000000000        21.000000000000000        1247.3396815174624        1.6673369663947293E-002   1161.3659560340518        892.08361415925924     
           0           0         171   7.0000000000000000        15.750000000000000        1256.8831083950674        1.6918162438064419E-002   1161.3659560340520        892.08361415925924     
           0           0         172   11.375000000000000        17.500000000000000        1228.0608309694094        1.6192701186603150E-002   1161.3659560340518        892.08361415925924     
           0           0         173   0.0000000000000000        14.000000000000000        1269.3772870849559        1.7228339121112071E-002   1161.3659560340523        892.08361415925901     
           0           0         174  0.87500000000000000        14.000000000000000        1255.2156853136910        1.6879535075879748E-002   1161.3659560340518        892.08361415925924     
           0           0         175   14.000000000000000        19.250000000000000        1243.3284174247740        1.6573853628977016E-002   1161.3659560340520        892.08361415925924     
           0           0         176   1.7500000000000000        14.000000000000000        1265.2895659941789        1.7129436895515240E-002   2322.7319120681041        892.08361415925901     
           0           0         177   15.750000000000000        21.000000000000000        1219.4750192765491        1.5963707928421479E-002   2322.7319120681041        892.08361415925901     
           0           0         178   8.7500000000000000        15.750000000000000        1239.5974692163290        1.6485326777451494E-002   1161.3659560340520        892.08361415925924     
           0           0         179   2.6250000000000000        14.000000000000000        1261.3977029988478        1.7033644742991339E-002   1161.3659560340518        892.08361415925924     
           0           0         180   3.5000000000000000        14.000000000000000        1253.3302586825346        1.6830473790755536E-002   2322.7319120681041        892.08361415925901     
           0           0         181   12.250000000000000        17.500000000000000        1266.4222135334089        1.7157763156941307E-002   2322.7319120681041        892.08361415925901     
           0           0         182   17.500000000000000        22.750000000000000        1206.8058026417666        1.5626952964431992E-002   580.68297801702602        892.08361415925913     
           0           0         183   4.3750000000000000        14.000000000000000        1267.7178362106331        1.7188537267290027E-002   1161.3659560340518        892.08361415925924     
           0           0         184   5.2500000000000000        14.000000000000000        1248.8942854802060        1.6717320612054904E-002   2322.7319120681041        892.08361415925901     
           0           0         185   16.625000000000000        21.000000000000000        1224.6232983837533        1.6090669359685381E-002   1161.3659560340518        892.08361415925924     
           0           0         186   6.1250000000000000        14.000000000000000        1240.4106964189341        1.6506690781404348E-002   1161.3659560340518        892.08361415925924     
           0           0         187   13.125000000000000        17.500000000000000        1221.4002677069334        1.6020966808788135E-002   1161.3659560340518        892.08361415925924     
           0           0         188   10.500000000000000        15.750000000000000        1229.5766651883364        1.6231030921579827E-002   1161.3659560340520        892.08361415925924     
           0           0         189   7.0000000000000000        14.000000000000000        1260.6213284891596        1.7011849990821941E-002   2322.7319120681041        892.08361415925901     
           0           0         190   15.750000000000000        19.250000000000000        1218.5041623568684        1.5939900314724698E-002   1161.3659560340520        892.08361415925924     
           0           0         191   17.500000000000000        21.000000000000000        1227.0042723375350        1.6148050620100489E-002   1161.3659560340520        892.08361415925890     
           0           0         192   14.000000000000000        17.500000000000000        1249.0446312546042        1.6717087007672698E-002   2322.7319120681041        892.08361415925901     
           0           0         193   7.8750000000000000        14.000000000000000        1231.7378383053942        1.6288147999613652E-002   1161.3659560340518        892.08361415925924     
           0           0         194   0.0000000000000000        12.250000000000000        1268.5020191062135        1.7204976783792687E-002   580.68297801702602        892.08361415925913     
           0           0         195   8.7500000000000000        14.000000000000000        1259.7615191860893        1.6988184041077381E-002   2322.7319120681041        892.08361415925901     
           0           0         196   12.250000000000000        15.750000000000000        1219.1990865675020        1.5967025833536264E-002   1161.3659560340520        892.08361415925924     
           0           0         197   1.7500000000000000        12.250000000000000        1258.1978780645004        1.6951057315690785E-002   1161.3659560340520        892.08361415925924     
           0           0         198   14.875000000000000        17.500000000000000        1224.0869144744916        1.6085555960219877E-002   1161.3659560340518        892.08361415925924     
           0           0         199   3.5000000000000000        12.250000000000000        1260.8675056024304        1.7015474894197895E-002   1161.3659560340520        892.08361415925924     
           0           0         200   9.6250000000000000        14.000000000000000        1257.7992315827823        1.6938474844088138E-002   1161.3659560340518        892.08361415925924     
           0           0         201   5.2500000000000000        12.250000000000000        1254.7694002845574        1.6862430924457963E-002   1161.3659560340520        892.08361415925924     
           0           0         202   10.500000000000000        14.000000000000000        1255.1539808520974        1.6872726349479207E-002   2322.7319120681041        892.08361415925901     
           0           0         203   15.750000000000000        17.500000000000000        1240.4319537022477        1.6497328809060095E-002   2322.7319120681041        892.08361415925901     
           0           0         204   17.500000000000000        19.250000000000000        1204.4717981664746        1.5576624183554773E-002   580.68297801702602        892.08361415925913     
           0           0         205   7.0000000000000000        12.250000000000000        1247.8512346995042        1.6689079884592527E-002   1161.3659560340520        892.08361415925924     
           0           0         206   14.000000000000000        15.750000000000000        1219.4476676845593        1.5970960226317360E-002   1161.3659560340520        892.08361415925924     
           0           0         207   11.375000000000000        14.000000000000000        1227.5587664070190        1.6178248275253177E-002   1161.3659560340518        892.08361415925924     
           0           0         208   16.625000000000000        17.500000000000000        1239.3868617470487        1.6468907218844468E-002   1161.3659560340518        892.08361415925924     
           0           0         209   12.250000000000000        14.000000000000000        1260.4614962308026        1.7006101792475845E-002   2322.7319120681041        892.08361415925901     
           0           0         210   8.7500000000000000        12.250000000000000        1227.6374790203363        1.6182944890899765E-002   1161.3659560340520        892.08361415925924     
           0           0         211   0.0000000000000000        10.500000000000000        1228.2242177113212        1.6201260419211824E-002   1161.3659560340523        892.08361415925901     
           0           0         212  0.87500000000000000        10.500000000000000        1256.1965089680043        1.6898813472567800E-002   1161.3659560340518        892.08361415925924     
           0           0         213   1.7500000000000000        10.500000000000000        1244.9066937644873        1.6616553062318594E-002   2322.7319120681041        892.08361415925901     
           0           0         214   2.6250000000000000        10.500000000000000        1268.2177300798114        1.7197618064960264E-002   1161.3659560340518        892.08361415925924     
           0           0         215   3.5000000000000000        10.500000000000000        1241.5931745513799        1.6531585633182987E-002   2322.7319120681041        892.08361415925901     
           0           0         216   17.500000000000000        17.500000000000000        1214.1382982560801        1.5826947296417058E-002   1161.3659560340520        892.08361415925890     
           0           0         217   13.125000000000000        14.000000000000000        1233.1987200135363        1.6318124540046521E-002   1161.3659560340518        892.08361415925924     
           0           0         218   15.750000000000000        15.750000000000000        1216.7034203619910        1.5899168981555360E-002   1161.3659560340520        892.08361415925924     
           0           0         219   4.3750000000000000        10.500000000000000        1236.1864092733904        1.6396483993266389E-002   1161.3659560340518        892.08361415925924     
           0           0         220   5.2500000000000000        10.500000000000000        1239.9816319252213        1.6492168651188202E-002   2322.7319120681041        892.08361415925901     
           0           0         221   10.500000000000000        12.250000000000000        1223.0482110411599        1.6065372221300632E-002   1161.3659560340520        892.08361415925924     
           0           0         222   14.000000000000000        14.000000000000000        1248.9900119907213        1.6716368653284380E-002   2322.7319120681041        892.08361415925901     
           0           0         223   6.1250000000000000        10.500000000000000        1257.0394646739148        1.6918080949709542E-002   1161.3659560340518        892.08361415925924     
           0           0         224   7.0000000000000000        10.500000000000000        1234.8353456787656        1.6362465943169147E-002   2322.7319120681041        892.08361415925901     
           0           0         225   14.875000000000000        14.000000000000000        1239.2128577152407        1.6469129321222031E-002   1161.3659560340518        892.08361415925924     
           0           0         226   7.8750000000000000        10.500000000000000        1250.4779002749599        1.6753684279051557E-002   1161.3659560340518        892.08361415925924     
           0           0         227   12.250000000000000        12.250000000000000        1220.3912376815103        1.5996581462777149E-002   1161.3659560340520        892.08361415925924     
           0           0         228   17.500000000000000        15.750000000000000        1217.1581210202144        1.5907789241680903E-002   580.68297801702602        892.08361415925913     
           0           0         229   8.7500000000000000        10.500000000000000        1259.1231962692534        1.6970213225396817E-002   2322.7319120681041        892.08361415925901     
           0           0         230   15.750000000000000        14.000000000000000        1243.2685853979310        1.6570904612861054E-002   2322.7319120681041        892.08361415925901     
           0           0         231   0.0000000000000000        8.7500000000000000        1250.6951109473594        1.6760362433148494E-002   580.68297801702602        892.08361415925913     
           0           0         232   1.7500000000000000        8.7500000000000000        1236.4437332400130        1.6402063856515131E-002   1161.3659560340520        892.08361415925924     
           0           0         233   9.6250000000000000        10.500000000000000        1226.3236905970541        1.6147370065380692E-002   1161.3659560340518        892.08361415925924     
           0           0         234   3.5000000000000000        8.7500000000000000        1250.8993466521765        1.6764747640933254E-002   1161.3659560340520        892.08361415925924     
           0           0         235   10.500000000000000        10.500000000000000        1259.5088690666898        1.6980790320329973E-002   2322.7319120681041        892.08361415925901     
           0           0         236   14.000000000000000        12.250000000000000        1226.1436700202189        1.6140723288224124E-002   1161.3659560340520        892.08361415925924     
           0           0         237   5.2500000000000000        8.7500000000000000        1226.5548144892855        1.6154379584580124E-002   1161.3659560340520        892.08361415925924     
           0           0         238   16.625000000000000        14.000000000000000        1245.3159731510991        1.6620900889224757E-002   1161.3659560340518        892.08361415925924     
           0           0         239   11.375000000000000        10.500000000000000        1242.4325676068142        1.6552182436247675E-002   1161.3659560340518        892.08361415925924     
           0           0         240   7.0000000000000000        8.7500000000000000        1226.1102104600238        1.6142960478558691E-002   1161.3659560340520        892.08361415925924     
           0           0         241   17.500000000000000        14.000000000000000        1217.4617130557472        1.5916694206183652E-002   1161.3659560340520        892.08361415925890     
           0           0         242   12.250000000000000        10.500000000000000        1237.9683240267573        1.6440889805936089E-002   2322.7319120681041        892.08361415925901     
           0           0         243   15.750000000000000        12.250000000000000        1228.1863621359098        1.6192186327124613E-002   1161.3659560340520        892.08361415925924     
           0           0         244   8.7500000000000000        8.7500000000000000        1226.5158261824249        1.6152933298047151E-002   1161.3659560340520        892.08361415925924     
           0           0         245   13.125000000000000        10.500000000000000        1244.1200999655459        1.6594670068664132E-002   1161.3659560340518        892.08361415925924     
           0           0         246   0.0000000000000000        7.0000000000000000        1261.7512121154507        1.7034852534343368E-002   1161.3659560340523        892.08361415925901     
           0           0         247  0.87500000000000000        7.0000000000000000        1230.5691213043194        1.6253171042177314E-002   1161.3659560340518        892.08361415925924     
           0           0         248   1.7500000000000000        7.0000000000000000        1249.3520208615596        1.6724481185534060E-002   2322.7319120681041        892.08361415925901     
           0           0         249   2.6250000000000000        7.0000000000000000        1263.8124368028016        1.7086953662623555E-002   1161.3659560340518        892.08361415925924     
           0           0         250   3.5000000000000000        7.0000000000000000        1242.1006889287301        1.6543161109760708E-002   2322.7319120681041        892.08361415925901     
           0           0         251   14.000000000000000        10.500000000000000        1230.3395544131929        1.6247464080146178E-002   2322.7319120681041        892.08361415925901     
           0           0         252   10.500000000000000        8.7500000000000000        1240.2270366707221        1.6496306375818341E-002   1161.3659560340520        892.08361415925924     
           0           0         253   4.3750000000000000        7.0000000000000000        1224.1041228273116        1.6091811957699386E-002   1161.3659560340518        892.08361415925924     
           0           0         254   5.2500000000000000        7.0000000000000000        1274.1369441428576        1.7345701554937049E-002   2322.7319120681041        892.08361415925901     
           0           0         255   6.1250000000000000        7.0000000000000000        1230.2429304050604        1.6246034130669707E-002   1161.3659560340518        892.08361415925924     
           0           0         256   14.875000000000000        10.500000000000000        1248.2737538866643        1.6698412414618620E-002   1161.3659560340518        892.08361415925924     
           0           0         257   17.500000000000000        12.250000000000000        1219.4888494022332        1.5970097765754299E-002   580.68297801702602        892.08361415925913     
           0           0         258   7.0000000000000000        7.0000000000000000        1267.2062677816789        1.7172345025221431E-002   2322.7319120681041        892.08361415925901     
           0           0         259   12.250000000000000        8.7500000000000000        1239.6610413297656        1.6483008560155919E-002   1161.3659560340520        892.08361415925924     
           0           0         260   7.8750000000000000        7.0000000000000000        1238.7946664915135        1.6460528678150163E-002   1161.3659560340518        892.08361415925924     
           0           0         261   15.750000000000000        10.500000000000000        1235.4541526710059        1.6375060578907679E-002   2322.7319120681041        892.08361415925901     
           0           0         262   8.7500000000000000        7.0000000000000000        1253.0592422072191        1.6818600620954461E-002   2322.7319120681041        892.08361415925901     
           0           0         263   16.625000000000000        10.500000000000000        1248.4759778728285        1.6702458915543061E-002   1161.3659560340518        892.08361415925924     
           0           0         264   9.6250000000000000        7.0000000000000000        1240.1636769310996        1.6494779479864552E-002   1161.3659560340518        892.08361415925924     
           0           0         265   14.000000000000000        8.7500000000000000        1243.2317149125611        1.6571271026096481E-002   1161.3659560340520        892.08361415925924     
           0           0         266   0.0000000000000000        5.2500000000000000        1253.9771022642697        1.6840600837570503E-002   580.68297801702602        892.08361415925913     
           0           0         267   1.7500000000000000        5.2500000000000000        1248.0874102866674        1.6692764612620013E-002   1161.3659560340520        892.08361415925924     
           0           0         268   10.500000000000000        7.0000000000000000        1246.8452407433210        1.6662572537653627E-002   2322.7319120681041        892.08361415925901     
           0           0         269   3.5000000000000000        5.2500000000000000        1243.3700381467522        1.6573934575313129E-002   1161.3659560340520        892.08361415925924     
           0           0         270   17.500000000000000        10.500000000000000        1219.7752332061082        1.5978654478844036E-002   1161.3659560340520        892.08361415925890     
           0           0         271   5.2500000000000000        5.2500000000000000        1228.1595098910534        1.6193667824479351E-002   1161.3659560340520        892.08361415925924     
           0           0         272   11.375000000000000        7.0000000000000000        1234.5585812639076        1.6353158650369574E-002   1161.3659560340518        892.08361415925924     
           0           0         273   7.0000000000000000        5.2500000000000000        1236.7133399800434        1.6408269028186373E-002   1161.3659560340520        892.08361415925924     
           0           0         274   12.250000000000000        7.0000000000000000        1249.8844827910664        1.6739375546937434E-002   2322.7319120681041        892.08361415925901     
           0           0         275   15.750000000000000        8.7500000000000000        1240.7320457305566        1.6508290971744444E-002   1161.3659560340520        892.08361415925924     
           0           0         276   13.125000000000000        7.0000000000000000        1235.1133856079032        1.6367672356965266E-002   1161.3659560340518        892.08361415925924     
           0           0         277   8.7500000000000000        5.2500000000000000        1222.1358678610306        1.6042197689812771E-002   1161.3659560340520        892.08361415925924     
           0           0         278   14.000000000000000        7.0000000000000000        1249.0223116646503        1.6716878447305291E-002   2322.7319120681041        892.08361415925901     
           0           0         279   0.0000000000000000        3.5000000000000000        1239.5791904451371        1.6478624434174055E-002   1161.3659560340523        892.08361415925901     
           0           0         280  0.87500000000000000        3.5000000000000000        1245.4688972627521        1.6626263191216857E-002   1161.3659560340518        892.08361415925924     
           0           0         281   10.500000000000000        5.2500000000000000        1241.5519399202215        1.6528843769562845E-002   1161.3659560340520        892.08361415925924     
           0           0         282   17.500000000000000        8.7500000000000000        1220.8324699055456        1.6006206010914053E-002   580.68297801702602        892.08361415925913     
           0           0         283   1.7500000000000000        3.5000000000000000        1239.1651403750564        1.6469363007424312E-002   2322.7319120681041        892.08361415925901     
           0           0         284   2.6250000000000000        3.5000000000000000        1264.6623304955344        1.7107769179731346E-002   1161.3659560340518        892.08361415925924     
           0           0         285   3.5000000000000000        3.5000000000000000        1236.1596527884810        1.6393698878314756E-002   2322.7319120681041        892.08361415925901     
           0           0         286   14.875000000000000        7.0000000000000000        1236.1663959822799        1.6392830215633303E-002   1161.3659560340518        892.08361415925924     
           0           0         287   4.3750000000000000        3.5000000000000000        1231.6935540361419        1.6281945827835001E-002   1161.3659560340518        892.08361415925924     
           0           0         288   5.2500000000000000        3.5000000000000000        1251.9395078653495        1.6789305479370541E-002   2322.7319120681041        892.08361415925901     
           0           0         289   6.1250000000000000        3.5000000000000000        1235.9279186275774        1.6388786319585482E-002   1161.3659560340518        892.08361415925924     
           0           0         290   15.750000000000000        7.0000000000000000        1230.8508380410426        1.6258936207667905E-002   2322.7319120681041        892.08361415925901     
           0           0         291   12.250000000000000        5.2500000000000000        1229.5827262464691        1.6228654666051681E-002   1161.3659560340520        892.08361415925924     
           0           0         292   7.0000000000000000        3.5000000000000000        1241.0574097850322        1.6517221705410121E-002   2322.7319120681041        892.08361415925901     
           0           0         293   7.8750000000000000        3.5000000000000000        1236.7904620511649        1.6410215824521346E-002   1161.3659560340518        892.08361415925924     
           0           0         294   16.625000000000000        7.0000000000000000        1252.0123736183780        1.6790898860162634E-002   1161.3659560340518        892.08361415925924     
           0           0         295   8.7500000000000000        3.5000000000000000        1243.5452124190952        1.6579857401039188E-002   2322.7319120681041        892.08361415925901     
           0           0         296   14.000000000000000        5.2500000000000000        1221.9719737938806        1.6037120936349698E-002   1161.3659560340520        892.08361415925924     
           0           0         297   9.6250000000000000        3.5000000000000000        1235.5587258084731        1.6379425285295134E-002   1161.3659560340518        892.08361415925924     
           0           0         298   17.500000000000000        7.0000000000000000        1233.2788248919717        1.6320521451058511E-002   1161.3659560340520        892.08361415925890     
           0           0         299   10.500000000000000        3.5000000000000000        1235.3345702430800        1.6373607785706859E-002   2322.7319120681041        892.08361415925901     
           0           0         300   0.0000000000000000        1.7500000000000000        1233.4981363865222        1.6326208846620643E-002   580.68297801702602        892.08361415925913     
           0           0         301   1.7500000000000000        1.7500000000000000        1236.8512321763324        1.6410424415801289E-002   1161.3659560340520        892.08361415925924     
           0           0         302   3.5000000000000000        1.7500000000000000        1251.3114922457949        1.6773723560560127E-002   1161.3659560340520        892.08361415925924     
           0           0         303   11.375000000000000        3.5000000000000000        1245.4075934053969        1.6626292009403708E-002   1161.3659560340518        892.08361415925924     
           0           0         304   15.750000000000000        5.2500000000000000        1229.3033602350620        1.6221643883471207E-002   1161.3659560340520        892.08361415925924     
           0           0         305   5.2500000000000000        1.7500000000000000        1258.3188709236852        1.6950006881737169E-002   1161.3659560340520        892.08361415925924     
           0           0         306   12.250000000000000        3.5000000000000000        1247.8773592933255        1.6687378554146121E-002   2322.7319120681041        892.08361415925901     
           0           0         307   7.0000000000000000        1.7500000000000000        1249.1763361416847        1.6721104788856307E-002   1161.3659560340520        892.08361415925924     
           0           0         308   13.125000000000000        3.5000000000000000        1231.8240794428718        1.6285822789229611E-002   1161.3659560340518        892.08361415925924     
           0           0         309   8.7500000000000000        1.7500000000000000        1234.7799486256986        1.6359328513496866E-002   1161.3659560340520        892.08361415925924     
           0           0         310   14.000000000000000        3.5000000000000000        1265.7987308743714        1.7139579128400612E-002   2322.7319120681041        892.08361415925901     
           0           0         311   17.500000000000000        5.2500000000000000        1228.1566338107482        1.6191412780101416E-002   580.68297801702602        892.08361415925913     
           0           0         312   14.875000000000000        3.5000000000000000        1242.4538969657633        1.6551695962420725E-002   1161.3659560340518        892.08361415925924     
           0           0         313   10.500000000000000        1.7500000000000000        1242.9910257375700        1.6564844185124956E-002   1161.3659560340520        892.08361415925924     
           0           0         314   0.0000000000000000        0.0000000000000000        1240.3459495708394        1.6500960305310324E-002   580.68297801702590        892.08361415925913     
           0           0         315  0.87500000000000000        0.0000000000000000        1263.9235837874835        1.7089578317614464E-002   580.68297801702602        892.08361415925913     
           0           0         316   1.7500000000000000        0.0000000000000000        1237.6290462723116        1.6428566835728280E-002   1161.3659560340523        892.08361415925901     
           0           0         317   2.6250000000000000        0.0000000000000000        1260.4536804110858        1.7001923814472932E-002   580.68297801702602        892.08361415925913     
           0           0         318   3.5000000000000000        0.0000000000000000        1233.4770246315597        1.6325084774435138E-002   1161.3659560340523        892.08361415925901     
           0           0         319   15.750000000000000        3.5000000000000000        1245.8258580406437        1.6637349022811443E-002   2322.7319120681041        892.08361415925901     
           0           0         320   4.3750000000000000        0.0000000000000000        1240.1397505357220        1.6493205541612502E-002   580.68297801702602        892.08361415925913     
           0           0         321   5.2500000000000000        0.0000000000000000        1235.0114744393377        1.6364481132554669E-002   1161.3659560340523        892.08361415925901     
           0           0         322   12.250000000000000        1.7500000000000000        1263.1808715195916        1.7072420705186504E-002   1161.3659560340520        892.08361415925924     
           0           0         323   6.1250000000000000        0.0000000000000000        1221.1111901277766        1.6015203425066328E-002   580.68297801702602        892.08361415925913     
           0           0         324   16.625000000000000        3.5000000000000000        1258.1885439850228        1.6947187924042335E-002   1161.3659560340518        892.08361415925924     
           0           0         325   7.0000000000000000        0.0000000000000000        1248.1692233380172        1.6694990551780253E-002   1161.3659560340523        892.08361415925901     
           0           0         326   7.8750000000000000        0.0000000000000000        1224.8347303766870        1.6108183345044717E-002   580.68297801702602        892.08361415925913     
           0           0         327   17.500000000000000        3.5000000000000000        1245.5549931181038        1.6630991257477350E-002   1161.3659560340520        892.08361415925890     
           0           0         328   8.7500000000000000        0.0000000000000000        1249.7123035839545        1.6732626665172626E-002   1161.3659560340523        892.08361415925901     
           0           0         329   14.000000000000000        1.7500000000000000        1246.6512560681322        1.6657454342252687E-002   1161.3659560340520        892.08361415925924     
           0           0         330   9.6250000000000000        0.0000000000000000        1221.9288028060289        1.6035496431074339E-002   580.68297801702602        892.08361415925913     
           0           0         331   10.500000000000000        0.0000000000000000        1246.9637247028611        1.6664544339765320E-002   1161.3659560340523        892.08361415925901     
           0           0         332   15.750000000000000        1.7500000000000000        1233.4572456813221        1.6325459223013594E-002   1161.3659560340520        892.08361415925924     
           0           0         333   11.375000000000000        0.0000000000000000        1241.1575523197257        1.6519417736605143E-002   580.68297801702602        892.08361415925913     
           0           0         334   12.250000000000000        0.0000000000000000        1240.3952896329158        1.6499870600881195E-002   1161.3659560340523        892.08361415925901     
           0           0         335   13.125000000000000        0.0000000000000000        1233.6554062242926        1.6330635137426355E-002   580.68297801702602        892.08361415925913     
           0           0         336   17.500000000000000        1.7500000000000000        1249.1407464171173        1.6720892337561025E-002   580.68297801702602        892.08361415925913     
           0           0         337   14.000000000000000        0.0000000000000000        1255.4802448165665        1.6879779266305586E-002   1161.3659560340523        892.08361415925901     
           0           0         338   14.875000000000000        0.0000000000000000        1261.3147662437891        1.7025455101602690E-002   580.68297801702602        892.08361415925913     
           0           0         339   15.750000000000000        0.0000000000000000        1239.6680997961760        1.6481874262161723E-002   1161.3659560340523        892.08361415925901     
           0           0         340   16.625000000000000        0.0000000000000000        1262.3667651217011        1.7051367584260280E-002   580.68297801702602        892.08361415925913     
           0           0         341   17.500000000000000        0.0000000000000000        1241.5717976748463        1.6529430459403711E-002   580.68297801702579        892.08361415925901     
