           0           0           1   0.0000000000000000        35.000000000000000        1199.7293811479922        1.5503534142268897E-002   717.06995454223170        934.20511238365884     
           0           0           2  0.87500000000000000        35.000000000000000        1214.1584331434174        1.5875985599752881E-002   717.06995454223170        934.20511238365884     
           0           0           3   0.0000000000000000        33.250000000000000        1238.8008320337294        1.6513361078905043E-002   717.06995454223170        934.20511238365884     
           0           0           4   1.7500000000000000        35.000000000000000        1230.7187283210881        1.6293810075835760E-002   1434.1399090844632        934.20511238365862     
           0           0           5   1.7500000000000000        33.250000000000000        1250.4310780476674        1.6804990084493047E-002   1434.1399090844634        934.20511238365884     
           0           0           6   2.6250000000000000        35.000000000000000        1214.1279249744862        1.5870287862736192E-002   717.06995454223170        934.20511238365884     
           0           0           7   0.0000000000000000        31.500000000000000        1275.5848206875323        1.7436747142993821E-002   1434.1399090844634        934.20511238365884     
           0           0           8   3.5000000000000000        35.000000000000000        1213.4541860030049        1.5862703344531329E-002   1434.1399090844632        934.20511238365862     
           0           0           9  0.87500000000000000        31.500000000000000        1261.9336058093884        1.7100784389151857E-002   1434.1399090844634        934.20511238365862     
           0           0          10   3.5000000000000000        33.250000000000000        1259.7962794198975        1.7038036336468314E-002   1434.1399090844634        934.20511238365884     
           0           0          11   1.7500000000000000        31.500000000000000        1280.2730843492145        1.7554470615733331E-002   2868.2798181689272        934.20511238365896     
           0           0          12   2.6250000000000000        31.500000000000000        1294.2823371312795        1.7892906792420400E-002   1434.1399090844634        934.20511238365862     
           0           0          13   4.3750000000000000        35.000000000000000        1245.3020356826885        1.6668180082321328E-002   717.06995454223170        934.20511238365884     
           0           0          14   3.5000000000000000        31.500000000000000        1292.3417155038135        1.7844447683627883E-002   2868.2798181689272        934.20511238365896     
           0           0          15   0.0000000000000000        29.750000000000000        1306.4790885833509        1.8196679047909239E-002   717.06995454223170        934.20511238365884     
           0           0          16   5.2500000000000000        35.000000000000000        1246.7097739534049        1.6697652703058129E-002   1434.1399090844632        934.20511238365862     
           0           0          17   1.7500000000000000        29.750000000000000        1314.4676405886662        1.8385647567840224E-002   1434.1399090844634        934.20511238365884     
           0           0          18   5.2500000000000000        33.250000000000000        1262.9519579927553        1.7115337892502538E-002   1434.1399090844634        934.20511238365884     
           0           0          19   4.3750000000000000        31.500000000000000        1282.4805010862726        1.7601955936922743E-002   1434.1399090844634        934.20511238365862     
           0           0          20   6.1250000000000000        35.000000000000000        1235.0717278676618        1.6407584311968159E-002   717.06995454223170        934.20511238365884     
           0           0          21   3.5000000000000000        29.750000000000000        1327.8623502855733        1.8704869919448683E-002   1434.1399090844634        934.20511238365884     
           0           0          22   5.2500000000000000        31.500000000000000        1300.9094562124778        1.8057730155562408E-002   2868.2798181689272        934.20511238365896     
           0           0          23   0.0000000000000000        28.000000000000000        1344.2846093989433        1.9100825693410949E-002   1434.1399090844634        934.20511238365884     
           0           0          24   7.0000000000000000        35.000000000000000        1233.4910418546324        1.6373890289235651E-002   1434.1399090844632        934.20511238365862     
           0           0          25   6.1250000000000000        31.500000000000000        1320.0686201549056        1.8507828973453162E-002   1434.1399090844634        934.20511238365862     
           0           0          26  0.87500000000000000        28.000000000000000        1317.7332336382306        1.8477681462258914E-002   1434.1399090844634        934.20511238365862     
           0           0          27   7.0000000000000000        33.250000000000000        1289.3344964667565        1.7765545935446117E-002   1434.1399090844634        934.20511238365884     
           0           0          28   1.7500000000000000        28.000000000000000        1341.6137332191561        1.9037285261239149E-002   2868.2798181689272        934.20511238365896     
           0           0          29   5.2500000000000000        29.750000000000000        1337.5454265854571        1.8930473821252260E-002   1434.1399090844634        934.20511238365884     
           0           0          30   2.6250000000000000        28.000000000000000        1336.7262385446743        1.8923816224579920E-002   1434.1399090844634        934.20511238365862     
           0           0          31   7.0000000000000000        31.500000000000000        1300.5092556238260        1.8043256967772318E-002   2868.2798181689272        934.20511238365896     
           0           0          32   3.5000000000000000        28.000000000000000        1361.7392452706806        1.9503467881950214E-002   2868.2798181689272        934.20511238365896     
           0           0          33   7.8750000000000000        35.000000000000000        1257.9052291215842        1.6980500740938757E-002   717.06995454223170        934.20511238365884     
           0           0          34   4.3750000000000000        28.000000000000000        1354.0268625908811        1.9326624886776812E-002   1434.1399090844634        934.20511238365862     
           0           0          35   7.8750000000000000        31.500000000000000        1325.4928027739709        1.8637669905805673E-002   1434.1399090844634        934.20511238365862     
           0           0          36   8.7500000000000000        35.000000000000000        1246.3648767307213        1.6695692902105239E-002   1434.1399090844632        934.20511238365862     
           0           0          37   0.0000000000000000        26.250000000000000        1358.5863358592230        1.9440080998674097E-002   717.06995454223170        934.20511238365884     
           0           0          38   7.0000000000000000        29.750000000000000        1343.6075836515133        1.9070822111350923E-002   1434.1399090844634        934.20511238365884     
           0           0          39   5.2500000000000000        28.000000000000000        1346.8159601822961        1.9153925744456572E-002   2868.2798181689272        934.20511238365896     
           0           0          40   8.7500000000000000        33.250000000000000        1288.0622132603580        1.7735317075958407E-002   1434.1399090844634        934.20511238365884     
           0           0          41   1.7500000000000000        26.250000000000000        1360.7995542150638        1.9489765039420959E-002   1434.1399090844634        934.20511238365884     
           0           0          42   6.1250000000000000        28.000000000000000        1373.9537578652000        1.9786443115205606E-002   1434.1399090844634        934.20511238365862     
           0           0          43   8.7500000000000000        31.500000000000000        1317.0137913387823        1.8436054875972201E-002   2868.2798181689272        934.20511238365896     
           0           0          44   3.5000000000000000        26.250000000000000        1356.2559891054607        1.9384080711040669E-002   1434.1399090844634        934.20511238365884     
           0           0          45   9.6250000000000000        35.000000000000000        1243.1603326894517        1.6628968852728142E-002   717.06995454223170        934.20511238365884     
           0           0          46   7.0000000000000000        28.000000000000000        1339.1725075165377        1.8981203749220354E-002   2868.2798181689272        934.20511238365896     
           0           0          47   8.7500000000000000        29.750000000000000        1354.1148846416868        1.9315896627162758E-002   1434.1399090844634        934.20511238365884     
           0           0          48   5.2500000000000000        26.250000000000000        1372.4259805439510        1.9753925416769437E-002   1434.1399090844634        934.20511238365884     
           0           0          49   9.6250000000000000        31.500000000000000        1331.0453071373820        1.8764715983325585E-002   1434.1399090844634        934.20511238365862     
           0           0          50   10.500000000000000        35.000000000000000        1254.3710164643553        1.6901962642450342E-002   1434.1399090844632        934.20511238365862     
           0           0          51   0.0000000000000000        24.500000000000000        1369.5499702706961        1.9701356260971498E-002   1434.1399090844634        934.20511238365884     
           0           0          52   7.8750000000000000        28.000000000000000        1366.6172354026712        1.9616008003046227E-002   1434.1399090844634        934.20511238365862     
           0           0          53  0.87500000000000000        24.500000000000000        1372.4314637855423        1.9765717240368949E-002   1434.1399090844634        934.20511238365862     
           0           0          54   1.7500000000000000        24.500000000000000        1377.1589862545952        1.9874317369341005E-002   2868.2798181689272        934.20511238365896     
           0           0          55   10.500000000000000        33.250000000000000        1304.3813502588443        1.8130462736496898E-002   1434.1399090844634        934.20511238365884     
           0           0          56   2.6250000000000000        24.500000000000000        1384.9485417150902        2.0050899557203905E-002   1434.1399090844634        934.20511238365862     
           0           0          57   3.5000000000000000        24.500000000000000        1383.3228749413831        2.0015473891269914E-002   2868.2798181689272        934.20511238365896     
           0           0          58   10.500000000000000        31.500000000000000        1329.4109548009762        1.8735148145725748E-002   2868.2798181689272        934.20511238365896     
           0           0          59   8.7500000000000000        28.000000000000000        1357.1946417148736        1.9399093995828239E-002   2868.2798181689272        934.20511238365896     
           0           0          60   7.0000000000000000        26.250000000000000        1385.8980746716647        2.0060191334379883E-002   1434.1399090844634        934.20511238365884     
           0           0          61   11.375000000000000        35.000000000000000        1263.4323588916841        1.7127833574692750E-002   717.06995454223170        934.20511238365884     
           0           0          62   4.3750000000000000        24.500000000000000        1395.0143095504611        2.0277603232516872E-002   1434.1399090844634        934.20511238365862     
           0           0          63   10.500000000000000        29.750000000000000        1366.1216714373766        1.9592545820750620E-002   1434.1399090844634        934.20511238365884     
           0           0          64   5.2500000000000000        24.500000000000000        1377.6049442200076        1.9883089047077439E-002   2868.2798181689272        934.20511238365896     
           0           0          65   11.375000000000000        31.500000000000000        1362.2701166290167        1.9494659734058589E-002   1434.1399090844634        934.20511238365862     
           0           0          66   9.6250000000000000        28.000000000000000        1392.1828608601945        2.0199719224924039E-002   1434.1399090844634        934.20511238365862     
           0           0          67   6.1250000000000000        24.500000000000000        1387.3628939776711        2.0103976372913057E-002   1434.1399090844634        934.20511238365862     
           0           0          68   0.0000000000000000        22.750000000000000        1399.3192087365069        2.0377271558392848E-002   717.06995454223170        934.20511238365884     
           0           0          69   12.250000000000000        35.000000000000000        1256.1773407130834        1.6968363738318004E-002   1434.1399090844632        934.20511238365862     
           0           0          70   12.250000000000000        33.250000000000000        1322.3340718676077        1.8564157063300436E-002   1434.1399090844634        934.20511238365884     
           0           0          71   1.7500000000000000        22.750000000000000        1393.6343877722084        2.0248668018841197E-002   1434.1399090844634        934.20511238365884     
           0           0          72   8.7500000000000000        26.250000000000000        1373.1166411482109        1.9767093636274220E-002   1434.1399090844634        934.20511238365884     
           0           0          73   7.0000000000000000        24.500000000000000        1374.5896065991869        1.9812954614083368E-002   2868.2798181689272        934.20511238365896     
           0           0          74   10.500000000000000        28.000000000000000        1383.9189490821193        2.0010575107826490E-002   2868.2798181689272        934.20511238365896     
           0           0          75   3.5000000000000000        22.750000000000000        1390.5104581044866        2.0177132044194926E-002   1434.1399090844634        934.20511238365884     
           0           0          76   12.250000000000000        31.500000000000000        1353.0256053158500        1.9287819001899728E-002   2868.2798181689272        934.20511238365896     
           0           0          77   7.8750000000000000        24.500000000000000        1377.7224413580104        1.9884388425971268E-002   1434.1399090844634        934.20511238365862     
           0           0          78   13.125000000000000        35.000000000000000        1331.3143001651508        1.8777183932361195E-002   717.06995454223170        934.20511238365884     
           0           0          79   5.2500000000000000        22.750000000000000        1401.6356852847425        2.0426393439869319E-002   1434.1399090844634        934.20511238365884     
           0           0          80   12.250000000000000        29.750000000000000        1386.1768037130391        2.0049198443566296E-002   1434.1399090844634        934.20511238365884     
           0           0          81   11.375000000000000        28.000000000000000        1384.1417332956962        2.0016038355052595E-002   1434.1399090844634        934.20511238365862     
           0           0          82   13.125000000000000        31.500000000000000        1380.8776359102092        1.9928550157679092E-002   1434.1399090844634        934.20511238365862     
           0           0          83   10.500000000000000        26.250000000000000        1361.3822516283083        1.9496428739617013E-002   1434.1399090844634        934.20511238365884     
           0           0          84   8.7500000000000000        24.500000000000000        1385.0728784686094        2.0049884204440396E-002   2868.2798181689272        934.20511238365896     
           0           0          85   0.0000000000000000        21.000000000000000        1398.8282564588426        2.0370650576111860E-002   1434.1399090844634        934.20511238365884     
           0           0          86   14.000000000000000        35.000000000000000        1324.8186999918148        1.8630464215449352E-002   1434.1399090844632        934.20511238365862     
           0           0          87  0.87500000000000000        21.000000000000000        1394.0317962814004        2.0263938807796707E-002   1434.1399090844634        934.20511238365862     
           0           0          88   14.000000000000000        33.250000000000000        1375.8519356185177        1.9812320438242492E-002   1434.1399090844634        934.20511238365884     
           0           0          89   7.0000000000000000        22.750000000000000        1383.6335003405543        2.0016471921597789E-002   1434.1399090844634        934.20511238365884     
           0           0          90   12.250000000000000        28.000000000000000        1370.1137359541203        1.9693252667027178E-002   2868.2798181689272        934.20511238365896     
           0           0          91   1.7500000000000000        21.000000000000000        1394.4943025130774        2.0272749240373891E-002   2868.2798181689272        934.20511238365896     
           0           0          92   9.6250000000000000        24.500000000000000        1372.5912381210217        1.9762935349235022E-002   1434.1399090844634        934.20511238365862     
           0           0          93   2.6250000000000000        21.000000000000000        1396.1070556050668        2.0309037704152492E-002   1434.1399090844634        934.20511238365862     
           0           0          94   14.000000000000000        31.500000000000000        1376.1405666814992        1.9827238807655211E-002   2868.2798181689272        934.20511238365896     
           0           0          95   3.5000000000000000        21.000000000000000        1399.0627742597217        2.0375123729637980E-002   2868.2798181689272        934.20511238365896     
           0           0          96   4.3750000000000000        21.000000000000000        1394.3466453172532        2.0268081121814104E-002   1434.1399090844634        934.20511238365862     
           0           0          97   10.500000000000000        24.500000000000000        1382.5226194190495        1.9984921926938379E-002   2868.2798181689272        934.20511238365896     
           0           0          98   13.125000000000000        28.000000000000000        1372.4939548101843        1.9744908630008724E-002   1434.1399090844634        934.20511238365862     
           0           0          99   14.875000000000000        35.000000000000000        1340.4192797194903        1.9012635326595091E-002   717.06995454223170        934.20511238365884     
           0           0         100   14.000000000000000        29.750000000000000        1377.8220793618111        1.9858377462934836E-002   1434.1399090844634        934.20511238365884     
           0           0         101   5.2500000000000000        21.000000000000000        1392.9830194488457        2.0235792011458621E-002   2868.2798181689272        934.20511238365896     
           0           0         102   8.7500000000000000        22.750000000000000        1374.8225807633919        1.9811953662993702E-002   1434.1399090844634        934.20511238365884     
           0           0         103   12.250000000000000        26.250000000000000        1375.4759340293540        1.9812188096382244E-002   1434.1399090844634        934.20511238365884     
           0           0         104   6.1250000000000000        21.000000000000000        1381.7943835024003        1.9981120339833285E-002   1434.1399090844634        934.20511238365862     
           0           0         105   14.875000000000000        31.500000000000000        1383.3602219982233        1.9986947674557155E-002   1434.1399090844634        934.20511238365862     
           0           0         106   11.375000000000000        24.500000000000000        1369.5707910008723        1.9683224384588076E-002   1434.1399090844634        934.20511238365862     
           0           0         107   14.000000000000000        28.000000000000000        1348.4557255674590        1.9182451823282015E-002   2868.2798181689272        934.20511238365896     
           0           0         108   7.0000000000000000        21.000000000000000        1391.2309628601124        2.0194310486917996E-002   2868.2798181689272        934.20511238365896     
           0           0         109   0.0000000000000000        19.250000000000000        1394.6152406929834        2.0271235830454204E-002   717.06995454223170        934.20511238365884     
           0           0         110   15.750000000000000        35.000000000000000        1413.2969826736376        2.0663564435478319E-002   1434.1399090844632        934.20511238365862     
           0           0         111   15.750000000000000        33.250000000000000        1395.2836751148911        2.0258922922315639E-002   1434.1399090844634        934.20511238365884     
           0           0         112   1.7500000000000000        19.250000000000000        1390.9106466293219        2.0187447349126433E-002   1434.1399090844634        934.20511238365884     
           0           0         113   7.8750000000000000        21.000000000000000        1379.8837744257378        1.9933220740480529E-002   1434.1399090844634        934.20511238365862     
           0           0         114   3.5000000000000000        19.250000000000000        1395.4982206442376        2.0289099665901117E-002   1434.1399090844634        934.20511238365884     
           0           0         115   10.500000000000000        22.750000000000000        1367.0621858967081        1.9626040687049050E-002   1434.1399090844634        934.20511238365884     
           0           0         116   15.750000000000000        31.500000000000000        1385.8454560593516        2.0043599168764178E-002   2868.2798181689272        934.20511238365896     
           0           0         117   12.250000000000000        24.500000000000000        1353.6600528319329        1.9313740768360243E-002   2868.2798181689272        934.20511238365896     
           0           0         118   14.875000000000000        28.000000000000000        1343.0036483456822        1.9052290055516209E-002   1434.1399090844634        934.20511238365862     
           0           0         119   14.000000000000000        26.250000000000000        1345.3373766335606        1.9107568452820450E-002   1434.1399090844634        934.20511238365884     
           0           0         120   8.7500000000000000        21.000000000000000        1379.6036366621274        1.9921756282458413E-002   2868.2798181689272        934.20511238365896     
           0           0         121   15.750000000000000        29.750000000000000        1351.6755504768244        1.9243873049786784E-002   1434.1399090844634        934.20511238365884     
           0           0         122   5.2500000000000000        19.250000000000000        1381.7242394283546        1.9974851410327558E-002   1434.1399090844634        934.20511238365884     
           0           0         123   16.625000000000000        35.000000000000000        1566.3319553951274        2.4098329735887953E-002   717.06995454223170        934.20511238365884     
           0           0         124   13.125000000000000        24.500000000000000        1363.1521247904889        1.9528488213600807E-002   1434.1399090844634        934.20511238365862     
           0           0         125   9.6250000000000000        21.000000000000000        1370.3594630833047        1.9707024015338657E-002   1434.1399090844634        934.20511238365862     
           0           0         126   16.625000000000000        31.500000000000000        1361.7110567578109        1.9490658973142266E-002   1434.1399090844634        934.20511238365862     
           0           0         127   7.0000000000000000        19.250000000000000        1374.8866338658133        1.9816951255681364E-002   1434.1399090844634        934.20511238365884     
           0           0         128   15.750000000000000        28.000000000000000        1302.8580604205195        1.8096636581297409E-002   2868.2798181689272        934.20511238365896     
           0           0         129   12.250000000000000        22.750000000000000        1366.4670953377349        1.9608400160911060E-002   1434.1399090844634        934.20511238365884     
           0           0         130   14.000000000000000        24.500000000000000        1362.2480654657545        1.9504279060937678E-002   2868.2798181689272        934.20511238365896     
           0           0         131   17.500000000000000        35.000000000000000        1951.6725903179167        3.1618925474649132E-002   717.06995454223170        934.20511238365862     
           0           0         132   0.0000000000000000        17.500000000000000        1397.0387674965466        2.0325218179313459E-002   1434.1399090844634        934.20511238365884     
           0           0         133   10.500000000000000        21.000000000000000        1370.9477267802854        1.9716745096956739E-002   2868.2798181689272        934.20511238365896     
           0           0         134  0.87500000000000000        17.500000000000000        1395.9574803679716        2.0301617948452075E-002   1434.1399090844634        934.20511238365862     
           0           0         135   1.7500000000000000        17.500000000000000        1394.4677021879695        2.0268213944127537E-002   2868.2798181689272        934.20511238365896     
           0           0         136   17.500000000000000        33.250000000000000        1429.0090708219341        2.1059336990000593E-002   717.06995454223170        934.20511238365884     
           0           0         137   2.6250000000000000        17.500000000000000        1386.0244513469993        2.0076715019642057E-002   1434.1399090844634        934.20511238365862     
           0           0         138   17.500000000000000        31.500000000000000        1284.5122749226325        1.7535107236405830E-002   1434.1399090844634        934.20511238365862     
           0           0         139   3.5000000000000000        17.500000000000000        1382.6533496922664        1.9997840866742958E-002   2868.2798181689272        934.20511238365896     
           0           0         140   8.7500000000000000        19.250000000000000        1381.4452595205371        1.9958722893486366E-002   1434.1399090844634        934.20511238365884     
           0           0         141   15.750000000000000        26.250000000000000        1326.8845528340139        1.8661271568855192E-002   1434.1399090844634        934.20511238365884     
           0           0         142   4.3750000000000000        17.500000000000000        1393.1908793742080        2.0235490546911192E-002   1434.1399090844634        934.20511238365862     
           0           0         143   11.375000000000000        21.000000000000000        1352.0626754319981        1.9281246096519388E-002   1434.1399090844634        934.20511238365862     
           0           0         144   16.625000000000000        28.000000000000000        1322.5285337205864        1.8552354536180704E-002   1434.1399090844634        934.20511238365862     
           0           0         145   14.875000000000000        24.500000000000000        1326.1283208659763        1.8653347287183198E-002   1434.1399090844634        934.20511238365862     
           0           0         146   17.500000000000000        29.750000000000000        1288.5675755141831        1.7717880859595334E-002   717.06995454223170        934.20511238365884     
           0           0         147   5.2500000000000000        17.500000000000000        1390.3882191804287        2.0172175054984941E-002   2868.2798181689272        934.20511238365896     
           0           0         148   6.1250000000000000        17.500000000000000        1375.2705065261412        1.9826383124599577E-002   1434.1399090844634        934.20511238365862     
           0           0         149   14.000000000000000        22.750000000000000        1336.2856784723128        1.8898198615638274E-002   1434.1399090844634        934.20511238365884     
           0           0         150   12.250000000000000        21.000000000000000        1349.8129537185480        1.9225312821050923E-002   2868.2798181689272        934.20511238365896     
           0           0         151   7.0000000000000000        17.500000000000000        1391.0798892480198        2.0181223490971675E-002   2868.2798181689272        934.20511238365896     
           0           0         152   17.500000000000000        28.000000000000000        1281.8209890966077        1.7573114806727259E-002   1434.1399090844634        934.20511238365862     
           0           0         153   10.500000000000000        19.250000000000000        1359.9709773307600        1.9462485764387027E-002   1434.1399090844634        934.20511238365884     
           0           0         154   15.750000000000000        24.500000000000000        1337.0826773477488        1.8902860015436802E-002   2868.2798181689272        934.20511238365896     
           0           0         155   7.8750000000000000        17.500000000000000        1378.6695878185008        1.9897129597348014E-002   1434.1399090844634        934.20511238365862     
           0           0         156   13.125000000000000        21.000000000000000        1360.2752761956870        1.9463263101088160E-002   1434.1399090844634        934.20511238365862     
           0           0         157   0.0000000000000000        15.750000000000000        1394.2020742188699        2.0252332883935159E-002   717.06995454223170        934.20511238365884     
           0           0         158   1.7500000000000000        15.750000000000000        1389.1501102987513        2.0139704639397842E-002   1434.1399090844634        934.20511238365884     
           0           0         159   3.5000000000000000        15.750000000000000        1387.6150338567045        2.0102729632328384E-002   1434.1399090844634        934.20511238365884     
           0           0         160   17.500000000000000        26.250000000000000        1317.8854464640858        1.8433859663908893E-002   717.06995454223170        934.20511238365884     
           0           0         161   8.7500000000000000        17.500000000000000        1367.5061705770543        1.9639458690946771E-002   2868.2798181689272        934.20511238365896     
           0           0         162   16.625000000000000        24.500000000000000        1314.8994841202043        1.8372977990835471E-002   1434.1399090844634        934.20511238365862     
           0           0         163   14.000000000000000        21.000000000000000        1355.7206672602742        1.9354230594309643E-002   2868.2798181689272        934.20511238365896     
           0           0         164   12.250000000000000        19.250000000000000        1355.5837346112801        1.9356289127536685E-002   1434.1399090844634        934.20511238365884     
           0           0         165   15.750000000000000        22.750000000000000        1321.8764602984168        1.8548901163225599E-002   1434.1399090844634        934.20511238365884     
           0           0         166   5.2500000000000000        15.750000000000000        1380.4269725536778        1.9937389944563969E-002   1434.1399090844634        934.20511238365884     
           0           0         167   9.6250000000000000        17.500000000000000        1367.4626206229873        1.9636238911838629E-002   1434.1399090844634        934.20511238365862     
           0           0         168   17.500000000000000        24.500000000000000        1303.6989467148510        1.8099651838567911E-002   1434.1399090844634        934.20511238365862     
           0           0         169   10.500000000000000        17.500000000000000        1356.9173269830051        1.9392157458265700E-002   2868.2798181689272        934.20511238365896     
           0           0         170   14.875000000000000        21.000000000000000        1332.8961397931880        1.8817143032627822E-002   1434.1399090844634        934.20511238365862     
           0           0         171   7.0000000000000000        15.750000000000000        1373.0152220520497        1.9764882665891326E-002   1434.1399090844634        934.20511238365884     
           0           0         172   11.375000000000000        17.500000000000000        1365.0376291932275        1.9576471456878537E-002   1434.1399090844634        934.20511238365862     
           0           0         173   0.0000000000000000        14.000000000000000        1385.8512954151615        2.0059033136917696E-002   1434.1399090844634        934.20511238365884     
           0           0         174  0.87500000000000000        14.000000000000000        1387.1283738288523        2.0089112701167030E-002   1434.1399090844634        934.20511238365862     
           0           0         175   14.000000000000000        19.250000000000000        1344.5819859185976        1.9094017198780015E-002   1434.1399090844634        934.20511238365884     
           0           0         176   1.7500000000000000        14.000000000000000        1382.4602379932160        1.9985276571843749E-002   2868.2798181689272        934.20511238365896     
           0           0         177   15.750000000000000        21.000000000000000        1344.5839955345564        1.9083665596308811E-002   2868.2798181689272        934.20511238365896     
           0           0         178   8.7500000000000000        15.750000000000000        1375.9344482797901        1.9828120131367508E-002   1434.1399090844634        934.20511238365884     
           0           0         179   2.6250000000000000        14.000000000000000        1381.3920805618991        1.9960045469577557E-002   1434.1399090844634        934.20511238365862     
           0           0         180   3.5000000000000000        14.000000000000000        1384.9575774953419        2.0039369410637303E-002   2868.2798181689272        934.20511238365896     
           0           0         181   12.250000000000000        17.500000000000000        1343.8077776495968        1.9083147710212117E-002   2868.2798181689272        934.20511238365896     
           0           0         182   17.500000000000000        22.750000000000000        1326.6597238224897        1.8647351773618655E-002   717.06995454223170        934.20511238365884     
           0           0         183   4.3750000000000000        14.000000000000000        1371.4331481306060        1.9728929160930782E-002   1434.1399090844634        934.20511238365862     
           0           0         184   5.2500000000000000        14.000000000000000        1378.6497824263417        1.9891063061572910E-002   2868.2798181689272        934.20511238365896     
           0           0         185   16.625000000000000        21.000000000000000        1332.5222148391792        1.8795960325802219E-002   1434.1399090844634        934.20511238365862     
           0           0         186   6.1250000000000000        14.000000000000000        1378.7096400459338        1.9892630140549827E-002   1434.1399090844634        934.20511238365862     
           0           0         187   13.125000000000000        17.500000000000000        1358.2797902692328        1.9414795439064651E-002   1434.1399090844634        934.20511238365862     
           0           0         188   10.500000000000000        15.750000000000000        1369.5564747561841        1.9679737121640409E-002   1434.1399090844634        934.20511238365884     
           0           0         189   7.0000000000000000        14.000000000000000        1365.6186827238421        1.9593183903949079E-002   2868.2798181689272        934.20511238365896     
           0           0         190   15.750000000000000        19.250000000000000        1350.3708092198563        1.9221063634811068E-002   1434.1399090844634        934.20511238365884     
           0           0         191   17.500000000000000        21.000000000000000        1325.8580064438900        1.8632703770220825E-002   1434.1399090844634        934.20511238365862     
           0           0         192   14.000000000000000        17.500000000000000        1344.7891153272681        1.9099686267299281E-002   2868.2798181689272        934.20511238365896     
           0           0         193   7.8750000000000000        14.000000000000000        1379.0293206080685        1.9897932500330943E-002   1434.1399090844634        934.20511238365862     
           0           0         194   0.0000000000000000        12.250000000000000        1375.9444295407761        1.9828049756618792E-002   717.06995454223170        934.20511238365884     
           0           0         195   8.7500000000000000        14.000000000000000        1364.2605587287935        1.9558601244955138E-002   2868.2798181689272        934.20511238365896     
           0           0         196   12.250000000000000        15.750000000000000        1365.8729366247394        1.9591373151650680E-002   1434.1399090844634        934.20511238365884     
           0           0         197   1.7500000000000000        12.250000000000000        1378.0897720793623        1.9878783256105349E-002   1434.1399090844634        934.20511238365884     
           0           0         198   14.875000000000000        17.500000000000000        1353.4908309899395        1.9298415047505606E-002   1434.1399090844634        934.20511238365862     
           0           0         199   3.5000000000000000        12.250000000000000        1372.1933095374839        1.9741899940097278E-002   1434.1399090844634        934.20511238365884     
           0           0         200   9.6250000000000000        14.000000000000000        1362.3402904298368        1.9513255446552424E-002   1434.1399090844634        934.20511238365862     
           0           0         201   5.2500000000000000        12.250000000000000        1371.2244233716772        1.9718263010808805E-002   1434.1399090844634        934.20511238365884     
           0           0         202   10.500000000000000        14.000000000000000        1356.9083931613004        1.9386472310545293E-002   2868.2798181689272        934.20511238365896     
           0           0         203   15.750000000000000        17.500000000000000        1342.4554864177298        1.9040131955217594E-002   2868.2798181689272        934.20511238365896     
           0           0         204   17.500000000000000        19.250000000000000        1348.5817847688991        1.9170201483968589E-002   717.06995454223170        934.20511238365884     
           0           0         205   7.0000000000000000        12.250000000000000        1374.2514095229651        1.9785859507713423E-002   1434.1399090844634        934.20511238365884     
           0           0         206   14.000000000000000        15.750000000000000        1364.8529900011799        1.9564395703768785E-002   1434.1399090844634        934.20511238365884     
           0           0         207   11.375000000000000        14.000000000000000        1363.5112760078193        1.9537436182002793E-002   1434.1399090844634        934.20511238365862     
           0           0         208   16.625000000000000        17.500000000000000        1342.2349745730951        1.9029999667777006E-002   1434.1399090844634        934.20511238365862     
           0           0         209   12.250000000000000        14.000000000000000        1348.3460029815835        1.9186617173832042E-002   2868.2798181689272        934.20511238365896     
           0           0         210   8.7500000000000000        12.250000000000000        1377.3913673159766        1.9856506922853130E-002   1434.1399090844634        934.20511238365884     
           0           0         211   0.0000000000000000        10.500000000000000        1385.4256769617632        2.0040375028175440E-002   1434.1399090844634        934.20511238365884     
           0           0         212  0.87500000000000000        10.500000000000000        1374.1861089379479        1.9785184465524876E-002   1434.1399090844634        934.20511238365862     
           0           0         213   1.7500000000000000        10.500000000000000        1377.9983866273597        1.9871014206136815E-002   2868.2798181689272        934.20511238365896     
           0           0         214   2.6250000000000000        10.500000000000000        1364.7303556757149        1.9567699172084289E-002   1434.1399090844634        934.20511238365862     
           0           0         215   3.5000000000000000        10.500000000000000        1377.8404093463257        1.9865518504862990E-002   2868.2798181689272        934.20511238365896     
           0           0         216   17.500000000000000        17.500000000000000        1355.0795661398649        1.9324534651624876E-002   1434.1399090844634        934.20511238365862     
           0           0         217   13.125000000000000        14.000000000000000        1359.3914534247840        1.9439546254976018E-002   1434.1399090844634        934.20511238365862     
           0           0         218   15.750000000000000        15.750000000000000        1363.7350910710784        1.9534566185771651E-002   1434.1399090844634        934.20511238365884     
           0           0         219   4.3750000000000000        10.500000000000000        1376.6360375736765        1.9838609168927619E-002   1434.1399090844634        934.20511238365862     
           0           0         220   5.2500000000000000        10.500000000000000        1365.1811609933807        1.9576439712067992E-002   2868.2798181689272        934.20511238365896     
           0           0         221   10.500000000000000        12.250000000000000        1370.4778182926548        1.9696982986616936E-002   1434.1399090844634        934.20511238365884     
           0           0         222   14.000000000000000        14.000000000000000        1347.7108438360128        1.9168450469286741E-002   2868.2798181689272        934.20511238365896     
           0           0         223   6.1250000000000000        10.500000000000000        1365.2818458681988        1.9578713328344398E-002   1434.1399090844634        934.20511238365862     
           0           0         224   7.0000000000000000        10.500000000000000        1370.9450227482303        1.9707257718956983E-002   2868.2798181689272        934.20511238365896     
           0           0         225   14.875000000000000        14.000000000000000        1356.0602623388570        1.9360366599440400E-002   1434.1399090844634        934.20511238365862     
           0           0         226   7.8750000000000000        10.500000000000000        1365.6455661074160        1.9585831938203010E-002   1434.1399090844634        934.20511238365862     
           0           0         227   12.250000000000000        12.250000000000000        1368.6114243749132        1.9652874326792958E-002   1434.1399090844634        934.20511238365884     
           0           0         228   17.500000000000000        15.750000000000000        1363.6361122534149        1.9525921391400650E-002   717.06995454223170        934.20511238365884     
           0           0         229   8.7500000000000000        10.500000000000000        1360.4330407177092        1.9466163857391843E-002   2868.2798181689272        934.20511238365896     
           0           0         230   15.750000000000000        14.000000000000000        1354.4266055671146        1.9320629419546830E-002   2868.2798181689272        934.20511238365896     
           0           0         231   0.0000000000000000        8.7500000000000000        1371.0727880051804        1.9710420223592939E-002   717.06995454223170        934.20511238365884     
           0           0         232   1.7500000000000000        8.7500000000000000        1378.5787140346656        1.9880591190048001E-002   1434.1399090844634        934.20511238365884     
           0           0         233   9.6250000000000000        10.500000000000000        1370.8253176212002        1.9703696102254833E-002   1434.1399090844634        934.20511238365862     
           0           0         234   3.5000000000000000        8.7500000000000000        1368.6908262733339        1.9654652710442189E-002   1434.1399090844634        934.20511238365884     
           0           0         235   10.500000000000000        10.500000000000000        1353.8837048451676        1.9313987058018893E-002   2868.2798181689272        934.20511238365896     
           0           0         236   14.000000000000000        12.250000000000000        1364.7963373779091        1.9563075630451822E-002   1434.1399090844634        934.20511238365884     
           0           0         237   5.2500000000000000        8.7500000000000000        1374.3974840443093        1.9785772996150666E-002   1434.1399090844634        934.20511238365884     
           0           0         238   16.625000000000000        14.000000000000000        1351.0613870479860        1.9240326939187397E-002   1434.1399090844634        934.20511238365862     
           0           0         239   11.375000000000000        10.500000000000000        1361.8964643497829        1.9497901290664445E-002   1434.1399090844634        934.20511238365862     
           0           0         240   7.0000000000000000        8.7500000000000000        1375.7055467646303        1.9814980151696054E-002   1434.1399090844634        934.20511238365884     
           0           0         241   17.500000000000000        14.000000000000000        1363.1442724792605        1.9517979419080952E-002   1434.1399090844634        934.20511238365862     
           0           0         242   12.250000000000000        10.500000000000000        1364.8692410434053        1.9566473003824997E-002   2868.2798181689272        934.20511238365896     
           0           0         243   15.750000000000000        12.250000000000000        1365.7893025854773        1.9584285361084201E-002   1434.1399090844634        934.20511238365884     
           0           0         244   8.7500000000000000        8.7500000000000000        1374.7402060893826        1.9792912921182550E-002   1434.1399090844634        934.20511238365884     
           0           0         245   13.125000000000000        10.500000000000000        1356.6346418790674        1.9376288838419607E-002   1434.1399090844634        934.20511238365862     
           0           0         246   0.0000000000000000        7.0000000000000000        1354.4753915383251        1.9325890085076982E-002   1434.1399090844634        934.20511238365884     
           0           0         247  0.87500000000000000        7.0000000000000000        1377.6484878572362        1.9856432333461755E-002   1434.1399090844634        934.20511238365862     
           0           0         248   1.7500000000000000        7.0000000000000000        1361.5702981738089        1.9488562219166394E-002   2868.2798181689272        934.20511238365896     
           0           0         249   2.6250000000000000        7.0000000000000000        1357.6207645067686        1.9398737391132289E-002   1434.1399090844634        934.20511238365862     
           0           0         250   3.5000000000000000        7.0000000000000000        1367.0757849355962        1.9615273283276845E-002   2868.2798181689272        934.20511238365896     
           0           0         251   14.000000000000000        10.500000000000000        1363.1306358467079        1.9524598610689298E-002   2868.2798181689272        934.20511238365896     
           0           0         252   10.500000000000000        8.7500000000000000        1364.5858456236679        1.9559441113483129E-002   1434.1399090844634        934.20511238365884     
           0           0         253   4.3750000000000000        7.0000000000000000        1376.4252995610241        1.9829737854138704E-002   1434.1399090844634        934.20511238365862     
           0           0         254   5.2500000000000000        7.0000000000000000        1351.0092990829489        1.9246387927783711E-002   2868.2798181689272        934.20511238365896     
           0           0         255   6.1250000000000000        7.0000000000000000        1371.4514175110123        1.9714647464694805E-002   1434.1399090844634        934.20511238365862     
           0           0         256   14.875000000000000        10.500000000000000        1356.0201491336366        1.9360325632928988E-002   1434.1399090844634        934.20511238365862     
           0           0         257   17.500000000000000        12.250000000000000        1369.4566593470438        1.9664916231191307E-002   717.06995454223170        934.20511238365884     
           0           0         258   7.0000000000000000        7.0000000000000000        1357.2585776106255        1.9390480510110848E-002   2868.2798181689272        934.20511238365896     
           0           0         259   12.250000000000000        8.7500000000000000        1361.2582854300238        1.9483486136836516E-002   1434.1399090844634        934.20511238365884     
           0           0         260   7.8750000000000000        7.0000000000000000        1368.0183954263778        1.9637434830510225E-002   1434.1399090844634        934.20511238365862     
           0           0         261   15.750000000000000        10.500000000000000        1363.0586092521512        1.9522446999614976E-002   2868.2798181689272        934.20511238365896     
           0           0         262   8.7500000000000000        7.0000000000000000        1356.8424406297206        1.9380776007742122E-002   2868.2798181689272        934.20511238365896     
           0           0         263   16.625000000000000        10.500000000000000        1356.5443422614483        1.9371385699471846E-002   1434.1399090844634        934.20511238365862     
           0           0         264   9.6250000000000000        7.0000000000000000        1366.2314799415476        1.9597055819861393E-002   1434.1399090844634        934.20511238365862     
           0           0         265   14.000000000000000        8.7500000000000000        1361.5570559308430        1.9488631724999001E-002   1434.1399090844634        934.20511238365884     
           0           0         266   0.0000000000000000        5.2500000000000000        1359.4717805322550        1.9439660088605825E-002   717.06995454223170        934.20511238365884     
           0           0         267   1.7500000000000000        5.2500000000000000        1364.3422999519539        1.9551363911339568E-002   1434.1399090844634        934.20511238365884     
           0           0         268   10.500000000000000        7.0000000000000000        1357.4120925163281        1.9393956005277563E-002   2868.2798181689272        934.20511238365896     
           0           0         269   3.5000000000000000        5.2500000000000000        1366.6684291066954        1.9604882547192580E-002   1434.1399090844634        934.20511238365884     
           0           0         270   17.500000000000000        10.500000000000000        1368.8204353845965        1.9652586076632401E-002   1434.1399090844634        934.20511238365862     
           0           0         271   5.2500000000000000        5.2500000000000000        1375.4622506591093        1.9806730278409242E-002   1434.1399090844634        934.20511238365884     
           0           0         272   11.375000000000000        7.0000000000000000        1364.2022001960308        1.9550584711970867E-002   1434.1399090844634        934.20511238365862     
           0           0         273   7.0000000000000000        5.2500000000000000        1367.7641300355199        1.9630894025483028E-002   1434.1399090844634        934.20511238365884     
           0           0         274   12.250000000000000        7.0000000000000000        1355.2179815528496        1.9344694664492262E-002   2868.2798181689272        934.20511238365896     
           0           0         275   15.750000000000000        8.7500000000000000        1362.0071229267173        1.9498719186273574E-002   1434.1399090844634        934.20511238365884     
           0           0         276   13.125000000000000        7.0000000000000000        1365.3856718871536        1.9577536178194826E-002   1434.1399090844634        934.20511238365862     
           0           0         277   8.7500000000000000        5.2500000000000000        1372.9030019677211        1.9749319136681327E-002   1434.1399090844634        934.20511238365884     
           0           0         278   14.000000000000000        7.0000000000000000        1359.4803696031529        1.9441311281257256E-002   2868.2798181689272        934.20511238365896     
           0           0         279   0.0000000000000000        3.5000000000000000        1359.4897400961647        1.9438002386401674E-002   1434.1399090844634        934.20511238365884     
           0           0         280  0.87500000000000000        3.5000000000000000        1363.5696717983647        1.9531828985100065E-002   1434.1399090844634        934.20511238365862     
           0           0         281   10.500000000000000        5.2500000000000000        1362.5233463275501        1.9510529304766495E-002   1434.1399090844634        934.20511238365884     
           0           0         282   17.500000000000000        8.7500000000000000        1373.0155183019415        1.9750287909348005E-002   717.06995454223170        934.20511238365884     
           0           0         283   1.7500000000000000        3.5000000000000000        1366.7233934952121        1.9604686160432996E-002   2868.2798181689272        934.20511238365896     
           0           0         284   2.6250000000000000        3.5000000000000000        1353.8718545997601        1.9309199983729632E-002   1434.1399090844634        934.20511238365862     
           0           0         285   3.5000000000000000        3.5000000000000000        1361.9730061833925        1.9495326469923489E-002   2868.2798181689272        934.20511238365896     
           0           0         286   14.875000000000000        7.0000000000000000        1362.2778407647086        1.9504927192405774E-002   1434.1399090844634        934.20511238365862     
           0           0         287   4.3750000000000000        3.5000000000000000        1372.2991895764744        1.9733014096184141E-002   1434.1399090844634        934.20511238365862     
           0           0         288   5.2500000000000000        3.5000000000000000        1359.4776006327709        1.9439074490471983E-002   2868.2798181689272        934.20511238365896     
           0           0         289   6.1250000000000000        3.5000000000000000        1368.2465141629373        1.9640421771146568E-002   1434.1399090844634        934.20511238365862     
           0           0         290   15.750000000000000        7.0000000000000000        1368.9525562785273        1.9658746512412551E-002   2868.2798181689272        934.20511238365896     
           0           0         291   12.250000000000000        5.2500000000000000        1364.6509937880005        1.9560844283305338E-002   1434.1399090844634        934.20511238365884     
           0           0         292   7.0000000000000000        3.5000000000000000        1369.2786512720218        1.9664293678167889E-002   2868.2798181689272        934.20511238365896     
           0           0         293   7.8750000000000000        3.5000000000000000        1366.7334728068156        1.9606897582752955E-002   1434.1399090844634        934.20511238365862     
           0           0         294   16.625000000000000        7.0000000000000000        1356.5776482715657        1.9373749060929906E-002   1434.1399090844634        934.20511238365862     
           0           0         295   8.7500000000000000        3.5000000000000000        1361.3816028283500        1.9484380924421951E-002   2868.2798181689272        934.20511238365896     
           0           0         296   14.000000000000000        5.2500000000000000        1373.8742659253533        1.9772276862770763E-002   1434.1399090844634        934.20511238365884     
           0           0         297   9.6250000000000000        3.5000000000000000        1366.4967418286062        1.9601513131174406E-002   1434.1399090844634        934.20511238365862     
           0           0         298   17.500000000000000        7.0000000000000000        1364.2459263796331        1.9549868345199711E-002   1434.1399090844634        934.20511238365862     
           0           0         299   10.500000000000000        3.5000000000000000        1364.2734274844299        1.9550057365218414E-002   2868.2798181689272        934.20511238365896     
           0           0         300   0.0000000000000000        1.7500000000000000        1367.5644840067127        1.9623529782507233E-002   717.06995454223170        934.20511238365884     
           0           0         301   1.7500000000000000        1.7500000000000000        1364.3054452958861        1.9548727921864219E-002   1434.1399090844634        934.20511238365884     
           0           0         302   3.5000000000000000        1.7500000000000000        1359.8706590246718        1.9447160744900483E-002   1434.1399090844634        934.20511238365884     
           0           0         303   11.375000000000000        3.5000000000000000        1359.1099798542941        1.9431532358613928E-002   1434.1399090844634        934.20511238365862     
           0           0         304   15.750000000000000        5.2500000000000000        1369.9867137833746        1.9682565732637262E-002   1434.1399090844634        934.20511238365884     
           0           0         305   5.2500000000000000        1.7500000000000000        1358.2185513871975        1.9410011704010424E-002   1434.1399090844634        934.20511238365884     
           0           0         306   12.250000000000000        3.5000000000000000        1364.9927010828849        1.9567316061949721E-002   2868.2798181689272        934.20511238365896     
           0           0         307   7.0000000000000000        1.7500000000000000        1359.7039373243629        1.9444612755120248E-002   1434.1399090844634        934.20511238365884     
           0           0         308   13.125000000000000        3.5000000000000000        1367.4425256152279        1.9624127110321004E-002   1434.1399090844634        934.20511238365862     
           0           0         309   8.7500000000000000        1.7500000000000000        1366.2056669036115        1.9594100798838193E-002   1434.1399090844634        934.20511238365884     
           0           0         310   14.000000000000000        3.5000000000000000        1348.7545811494037        1.9195030687397956E-002   2868.2798181689272        934.20511238365896     
           0           0         311   17.500000000000000        5.2500000000000000        1374.3303319444674        1.9781539732363275E-002   717.06995454223170        934.20511238365884     
           0           0         312   14.875000000000000        3.5000000000000000        1363.3445857830047        1.9530010338152208E-002   1434.1399090844634        934.20511238365862     
           0           0         313   10.500000000000000        1.7500000000000000        1362.3440269035159        1.9504963610310823E-002   1434.1399090844634        934.20511238365884     
           0           0         314   0.0000000000000000        0.0000000000000000        1369.0433563347001        1.9657890134293265E-002   717.06995454223159        934.20511238365873     
           0           0         315  0.87500000000000000        0.0000000000000000        1352.8722443092549        1.9285279619480782E-002   717.06995454223170        934.20511238365884     
           0           0         316   1.7500000000000000        0.0000000000000000        1365.9902799329930        1.9586054472136932E-002   1434.1399090844634        934.20511238365862     
           0           0         317   2.6250000000000000        0.0000000000000000        1351.6716011388805        1.9257461339670975E-002   717.06995454223170        934.20511238365884     
           0           0         318   3.5000000000000000        0.0000000000000000        1368.1105443305107        1.9635993216969280E-002   1434.1399090844634        934.20511238365862     
           0           0         319   15.750000000000000        3.5000000000000000        1364.2186905545250        1.9550095666812609E-002   2868.2798181689272        934.20511238365896     
           0           0         320   4.3750000000000000        0.0000000000000000        1364.8529334036323        1.9561277895477690E-002   717.06995454223170        934.20511238365884     
           0           0         321   5.2500000000000000        0.0000000000000000        1364.2965966920656        1.9548125263480140E-002   1434.1399090844634        934.20511238365862     
           0           0         322   12.250000000000000        1.7500000000000000        1353.2017833944105        1.9295756367914849E-002   1434.1399090844634        934.20511238365884     
           0           0         323   6.1250000000000000        0.0000000000000000        1374.7726384143389        1.9789537666576668E-002   717.06995454223170        934.20511238365884     
           0           0         324   16.625000000000000        3.5000000000000000        1354.0746337526882        1.9317651872076798E-002   1434.1399090844634        934.20511238365862     
           0           0         325   7.0000000000000000        0.0000000000000000        1362.5893647966298        1.9510185532835171E-002   1434.1399090844634        934.20511238365862     
           0           0         326   7.8750000000000000        0.0000000000000000        1372.5834280857839        1.9739286614620974E-002   717.06995454223170        934.20511238365884     
           0           0         327   17.500000000000000        3.5000000000000000        1358.5894717800029        1.9421880152513917E-002   1434.1399090844634        934.20511238365862     
           0           0         328   8.7500000000000000        0.0000000000000000        1355.1657185361048        1.9338469124430806E-002   1434.1399090844634        934.20511238365862     
           0           0         329   14.000000000000000        1.7500000000000000        1359.8328117709477        1.9448872114228223E-002   1434.1399090844634        934.20511238365884     
           0           0         330   9.6250000000000000        0.0000000000000000        1374.2808085667448        1.9778820066479560E-002   717.06995454223170        934.20511238365884     
           0           0         331   10.500000000000000        0.0000000000000000        1358.4120986872199        1.9413397100428893E-002   1434.1399090844634        934.20511238365862     
           0           0         332   15.750000000000000        1.7500000000000000        1368.7148471495479        1.9653246490543029E-002   1434.1399090844634        934.20511238365884     
           0           0         333   11.375000000000000        0.0000000000000000        1359.3193358679791        1.9435474307941448E-002   717.06995454223170        934.20511238365884     
           0           0         334   12.250000000000000        0.0000000000000000        1368.1433822162633        1.9638655808914850E-002   1434.1399090844634        934.20511238365862     
           0           0         335   13.125000000000000        0.0000000000000000        1368.9394275790578        1.9657722680190372E-002   717.06995454223170        934.20511238365884     
           0           0         336   17.500000000000000        1.7500000000000000        1359.5190245399986        1.9442844862858948E-002   717.06995454223170        934.20511238365884     
           0           0         337   14.000000000000000        0.0000000000000000        1355.6688106803194        1.9352911201419982E-002   1434.1399090844634        934.20511238365862     
           0           0         338   14.875000000000000        0.0000000000000000        1352.1880658221783        1.9272760974823923E-002   717.06995454223170        934.20511238365884     
           0           0         339   15.750000000000000        0.0000000000000000        1365.7295629875860        1.9584112623724746E-002   1434.1399090844634        934.20511238365862     
           0           0         340   16.625000000000000        0.0000000000000000        1352.1896979336386        1.9273699536730093E-002   717.06995454223170        934.20511238365884     
           0           0         341   17.500000000000000        0.0000000000000000        1366.9962063079004        1.9613608615784900E-002   717.06995454223159        934.20511238365873     
