           0           0           1   0.0000000000000000        35.000000000000000        1255.6307791381239        1.6972205579873022E-002   789.78091687715118        954.87122164955508     
           0           0           2  0.87500000000000000        35.000000000000000        1262.6983412494444        1.7143928538307297E-002   789.78091687715118        954.87122164955554     
           0           0           3   0.0000000000000000        33.250000000000000        1301.9365898474389        1.8115947884280371E-002   789.78091687715118        954.87122164955554     
           0           0           4   1.7500000000000000        35.000000000000000        1265.9168034641541        1.7221316859256770E-002   1579.5618337543026        954.87122164955531     
           0           0           5   1.7500000000000000        33.250000000000000        1311.1907147911893        1.8340160169816416E-002   1579.5618337543024        954.87122164955554     
           0           0           6   2.6250000000000000        35.000000000000000        1258.2778688422618        1.7045875249384196E-002   789.78091687715118        954.87122164955554     
           0           0           7   0.0000000000000000        31.500000000000000        1339.5169230102088        1.9020434937500087E-002   1579.5618337543021        954.87122164955520     
           0           0           8   3.5000000000000000        35.000000000000000        1295.6617904874267        1.7949913448364309E-002   1579.5618337543026        954.87122164955531     
           0           0           9  0.87500000000000000        31.500000000000000        1342.8860751397058        1.9099240722748309E-002   1579.5618337543024        954.87122164955554     
           0           0          10   3.5000000000000000        33.250000000000000        1309.5460557938040        1.8300039447627890E-002   1579.5618337543024        954.87122164955554     
           0           0          11   1.7500000000000000        31.500000000000000        1360.2130429648923        1.9502903752421353E-002   3159.1236675086061        954.87122164955520     
           0           0          12   2.6250000000000000        31.500000000000000        1357.9342373566251        1.9443891026525398E-002   1579.5618337543024        954.87122164955554     
           0           0          13   4.3750000000000000        35.000000000000000        1274.4013814788145        1.7437550533875305E-002   789.78091687715118        954.87122164955554     
           0           0          14   3.5000000000000000        31.500000000000000        1357.5594341073070        1.9445194969677844E-002   3159.1236675086061        954.87122164955520     
           0           0          15   0.0000000000000000        29.750000000000000        1383.3856451045788        2.0052827416238310E-002   789.78091687715118        954.87122164955554     
           0           0          16   5.2500000000000000        35.000000000000000        1271.5655583741673        1.7376015060240751E-002   1579.5618337543026        954.87122164955531     
           0           0          17   1.7500000000000000        29.750000000000000        1384.6473779700343        2.0077133697170291E-002   1579.5618337543024        954.87122164955554     
           0           0          18   5.2500000000000000        33.250000000000000        1343.8602039575494        1.9111737947733510E-002   1579.5618337543024        954.87122164955554     
           0           0          19   4.3750000000000000        31.500000000000000        1367.8091404929069        1.9675303831727099E-002   1579.5618337543024        954.87122164955554     
           0           0          20   6.1250000000000000        35.000000000000000        1288.0908729656485        1.7776833621260042E-002   789.78091687715118        954.87122164955554     
           0           0          21   3.5000000000000000        29.750000000000000        1402.0247267802001        2.0467645767921504E-002   1579.5618337543024        954.87122164955554     
           0           0          22   5.2500000000000000        31.500000000000000        1363.6309519475501        1.9575031955958666E-002   3159.1236675086061        954.87122164955520     
           0           0          23   0.0000000000000000        28.000000000000000        1416.4640827627090        2.0809691839801019E-002   1579.5618337543021        954.87122164955520     
           0           0          24   7.0000000000000000        35.000000000000000        1292.1635553180035        1.7879559294986275E-002   1579.5618337543026        954.87122164955531     
           0           0          25   6.1250000000000000        31.500000000000000        1385.0847092553033        2.0065705240883771E-002   1579.5618337543024        954.87122164955554     
           0           0          26  0.87500000000000000        28.000000000000000        1433.1896316221751        2.1178827125940384E-002   1579.5618337543024        954.87122164955554     
           0           0          27   7.0000000000000000        33.250000000000000        1354.5123590323392        1.9361085905229298E-002   1579.5618337543024        954.87122164955554     
           0           0          28   1.7500000000000000        28.000000000000000        1429.6430316370163        2.1100519377536108E-002   3159.1236675086061        954.87122164955520     
           0           0          29   5.2500000000000000        29.750000000000000        1403.9865990869446        2.0511006542791609E-002   1579.5618337543024        954.87122164955554     
           0           0          30   2.6250000000000000        28.000000000000000        1445.8585371511138        2.1456464701037816E-002   1579.5618337543024        954.87122164955554     
           0           0          31   7.0000000000000000        31.500000000000000        1384.1877748249449        2.0045769503498515E-002   3159.1236675086061        954.87122164955520     
           0           0          32   3.5000000000000000        28.000000000000000        1426.3554479044344        2.1029511698105706E-002   3159.1236675086061        954.87122164955520     
           0           0          33   7.8750000000000000        35.000000000000000        1316.6943678697658        1.8468699200723700E-002   789.78091687715118        954.87122164955554     
           0           0          34   4.3750000000000000        28.000000000000000        1451.7541879509517        2.1577266110435391E-002   1579.5618337543024        954.87122164955554     
           0           0          35   7.8750000000000000        31.500000000000000        1390.1123149922237        2.0183403784143839E-002   1579.5618337543024        954.87122164955554     
           0           0          36   8.7500000000000000        35.000000000000000        1304.2048288403519        1.8170557305045160E-002   1579.5618337543026        954.87122164955531     
           0           0          37   0.0000000000000000        26.250000000000000        1443.5526463764782        2.1416017314895567E-002   789.78091687715118        954.87122164955554     
           0           0          38   7.0000000000000000        29.750000000000000        1428.2315954447749        2.1046782570326290E-002   1579.5618337543024        954.87122164955554     
           0           0          39   5.2500000000000000        28.000000000000000        1458.9949884410282        2.1738813278197766E-002   3159.1236675086061        954.87122164955520     
           0           0          40   8.7500000000000000        33.250000000000000        1371.1704466290187        1.9744677506998702E-002   1579.5618337543024        954.87122164955554     
           0           0          41   1.7500000000000000        26.250000000000000        1459.5018616318262        2.1762417426642894E-002   1579.5618337543024        954.87122164955554     
           0           0          42   6.1250000000000000        28.000000000000000        1448.8321666838281        2.1516872234407510E-002   1579.5618337543024        954.87122164955554     
           0           0          43   8.7500000000000000        31.500000000000000        1405.0359227511510        2.0514390663177520E-002   3159.1236675086061        954.87122164955520     
           0           0          44   3.5000000000000000        26.250000000000000        1480.3722328112649        2.2208050781832096E-002   1579.5618337543024        954.87122164955554     
           0           0          45   9.6250000000000000        35.000000000000000        1342.4978674041104        1.9068442250626903E-002   789.78091687715118        954.87122164955554     
           0           0          46   7.0000000000000000        28.000000000000000        1493.6547186516154        2.2475877757743162E-002   3159.1236675086061        954.87122164955520     
           0           0          47   8.7500000000000000        29.750000000000000        1443.1157158716851        2.1374251304329218E-002   1579.5618337543024        954.87122164955554     
           0           0          48   5.2500000000000000        26.250000000000000        1478.9115359812213        2.2173208288393097E-002   1579.5618337543024        954.87122164955554     
           0           0          49   9.6250000000000000        31.500000000000000        1421.8656533491771        2.0901724815203006E-002   1579.5618337543024        954.87122164955554     
           0           0          50   10.500000000000000        35.000000000000000        1343.4075819550148        1.9088847320988957E-002   1579.5618337543026        954.87122164955531     
           0           0          51   0.0000000000000000        24.500000000000000        1489.8337491352552        2.2427387501415406E-002   1579.5618337543021        954.87122164955520     
           0           0          52   7.8750000000000000        28.000000000000000        1479.0338111617739        2.2161009571505345E-002   1579.5618337543024        954.87122164955554     
           0           0          53  0.87500000000000000        24.500000000000000        1486.0276371643106        2.2347361890418249E-002   1579.5618337543024        954.87122164955554     
           0           0          54   1.7500000000000000        24.500000000000000        1492.2010804223585        2.2476785294367582E-002   3159.1236675086061        954.87122164955520     
           0           0          55   10.500000000000000        33.250000000000000        1378.1229377827844        1.9911155366047907E-002   1579.5618337543024        954.87122164955554     
           0           0          56   2.6250000000000000        24.500000000000000        1489.7072079930474        2.2420262265393360E-002   1579.5618337543024        954.87122164955554     
           0           0          57   3.5000000000000000        24.500000000000000        1498.3937045521391        2.2602445656713783E-002   3159.1236675086061        954.87122164955520     
           0           0          58   10.500000000000000        31.500000000000000        1453.5638312515771        2.1593567632694839E-002   3159.1236675086061        954.87122164955520     
           0           0          59   8.7500000000000000        28.000000000000000        1500.6194398330672        2.2621971423408663E-002   3159.1236675086061        954.87122164955520     
           0           0          60   7.0000000000000000        26.250000000000000        1475.6182643730481        2.2102734989302479E-002   1579.5618337543024        954.87122164955554     
           0           0          61   11.375000000000000        35.000000000000000        1331.5936265550345        1.8840773264011117E-002   789.78091687715118        954.87122164955554     
           0           0          62   4.3750000000000000        24.500000000000000        1498.1431081777021        2.2599988708914318E-002   1579.5618337543024        954.87122164955554     
           0           0          63   10.500000000000000        29.750000000000000        1457.8887583363785        2.1696535810685053E-002   1579.5618337543024        954.87122164955554     
           0           0          64   5.2500000000000000        24.500000000000000        1506.3967439921876        2.2770060414796681E-002   3159.1236675086061        954.87122164955520     
           0           0          65   11.375000000000000        31.500000000000000        1438.2732702642072        2.1254520023662796E-002   1579.5618337543024        954.87122164955554     
           0           0          66   9.6250000000000000        28.000000000000000        1480.6817519104891        2.2199717221023787E-002   1579.5618337543024        954.87122164955554     
           0           0          67   6.1250000000000000        24.500000000000000        1502.7305769692575        2.2693524407560197E-002   1579.5618337543024        954.87122164955554     
           0           0          68   0.0000000000000000        22.750000000000000        1491.2265839088268        2.2460243790182924E-002   789.78091687715118        954.87122164955554     
           0           0          69   12.250000000000000        35.000000000000000        1335.6856938268947        1.8950159129140921E-002   1579.5618337543026        954.87122164955531     
           0           0          70   12.250000000000000        33.250000000000000        1431.0036951359075        2.1096837090925757E-002   1579.5618337543024        954.87122164955554     
           0           0          71   1.7500000000000000        22.750000000000000        1504.5536859188946        2.2739504459347269E-002   1579.5618337543024        954.87122164955554     
           0           0          72   8.7500000000000000        26.250000000000000        1490.0732681717222        2.2408466229992163E-002   1579.5618337543024        954.87122164955554     
           0           0          73   7.0000000000000000        24.500000000000000        1516.3366005933137        2.2980692947360694E-002   3159.1236675086061        954.87122164955520     
           0           0          74   10.500000000000000        28.000000000000000        1493.8274901215977        2.2481158982282971E-002   3159.1236675086061        954.87122164955520     
           0           0          75   3.5000000000000000        22.750000000000000        1508.4487731748977        2.2820442705059112E-002   1579.5618337543024        954.87122164955554     
           0           0          76   12.250000000000000        31.500000000000000        1478.0726204219013        2.2110262230231673E-002   3159.1236675086061        954.87122164955520     
           0           0          77   7.8750000000000000        24.500000000000000        1509.9635483585189        2.2847139981541184E-002   1579.5618337543024        954.87122164955554     
           0           0          78   13.125000000000000        35.000000000000000        1392.5848719574319        2.0240622038651027E-002   789.78091687715118        954.87122164955554     
           0           0          79   5.2500000000000000        22.750000000000000        1502.2233177088640        2.2688456954981760E-002   1579.5618337543024        954.87122164955554     
           0           0          80   12.250000000000000        29.750000000000000        1468.8834505027494        2.1933032140893777E-002   1579.5618337543024        954.87122164955554     
           0           0          81   11.375000000000000        28.000000000000000        1490.9220691457790        2.2418812092273529E-002   1579.5618337543024        954.87122164955554     
           0           0          82   13.125000000000000        31.500000000000000        1487.7550127062336        2.2334045365612048E-002   1579.5618337543024        954.87122164955554     
           0           0          83   10.500000000000000        26.250000000000000        1498.2615399481331        2.2577129953032075E-002   1579.5618337543024        954.87122164955554     
           0           0          84   8.7500000000000000        24.500000000000000        1507.4655233114190        2.2792477463175378E-002   3159.1236675086061        954.87122164955520     
           0           0          85   0.0000000000000000        21.000000000000000        1522.3255732979949        2.3123826195486894E-002   1579.5618337543021        954.87122164955520     
           0           0          86   14.000000000000000        35.000000000000000        1380.1764770100258        1.9977209413065945E-002   1579.5618337543026        954.87122164955531     
           0           0          87  0.87500000000000000        21.000000000000000        1518.6507032942500        2.3046114665250222E-002   1579.5618337543024        954.87122164955554     
           0           0          88   14.000000000000000        33.250000000000000        1464.3826534467462        2.1842111690016985E-002   1579.5618337543024        954.87122164955554     
           0           0          89   7.0000000000000000        22.750000000000000        1502.0756917013380        2.2682521168458269E-002   1579.5618337543024        954.87122164955554     
           0           0          90   12.250000000000000        28.000000000000000        1495.7427872756593        2.2521807674076758E-002   3159.1236675086061        954.87122164955520     
           0           0          91   1.7500000000000000        21.000000000000000        1523.5499762491675        2.3147397640432586E-002   3159.1236675086061        954.87122164955520     
           0           0          92   9.6250000000000000        24.500000000000000        1503.0534980825553        2.2696749446771993E-002   1579.5618337543024        954.87122164955554     
           0           0          93   2.6250000000000000        21.000000000000000        1519.1954506031714        2.3056817679235508E-002   1579.5618337543024        954.87122164955554     
           0           0          94   14.000000000000000        31.500000000000000        1539.6992802520863        2.3425044949010466E-002   3159.1236675086061        954.87122164955520     
           0           0          95   3.5000000000000000        21.000000000000000        1521.8096658344539        2.3111203003985635E-002   3159.1236675086061        954.87122164955520     
           0           0          96   4.3750000000000000        21.000000000000000        1519.3245182491517        2.3058496461131631E-002   1579.5618337543024        954.87122164955554     
           0           0          97   10.500000000000000        24.500000000000000        1488.2944135454045        2.2380121132715407E-002   3159.1236675086061        954.87122164955520     
           0           0          98   13.125000000000000        28.000000000000000        1488.2948286018716        2.2359447948370036E-002   1579.5618337543024        954.87122164955554     
           0           0          99   14.875000000000000        35.000000000000000        1445.4295234192703        2.1452488914840591E-002   789.78091687715118        954.87122164955554     
           0           0         100   14.000000000000000        29.750000000000000        1475.1615290231184        2.2067032631450562E-002   1579.5618337543024        954.87122164955554     
           0           0         101   5.2500000000000000        21.000000000000000        1516.7044294236468        2.3002042394276879E-002   3159.1236675086061        954.87122164955520     
           0           0         102   8.7500000000000000        22.750000000000000        1500.2425137936400        2.2636928960006561E-002   1579.5618337543024        954.87122164955554     
           0           0         103   12.250000000000000        26.250000000000000        1470.4813785894296        2.1980228947915632E-002   1579.5618337543024        954.87122164955554     
           0           0         104   6.1250000000000000        21.000000000000000        1512.8210422874504        2.2918734034056497E-002   1579.5618337543024        954.87122164955554     
           0           0         105   14.875000000000000        31.500000000000000        1510.9840323674450        2.2833769321183479E-002   1579.5618337543024        954.87122164955554     
           0           0         106   11.375000000000000        24.500000000000000        1481.5723334761833        2.2232704519081797E-002   1579.5618337543024        954.87122164955554     
           0           0         107   14.000000000000000        28.000000000000000        1470.2062236575453        2.1963422121897166E-002   3159.1236675086061        954.87122164955520     
           0           0         108   7.0000000000000000        21.000000000000000        1505.0799772343512        2.2756097700382553E-002   3159.1236675086061        954.87122164955520     
           0           0         109   0.0000000000000000        19.250000000000000        1520.6448034527384        2.3082590993515877E-002   789.78091687715118        954.87122164955554     
           0           0         110   15.750000000000000        35.000000000000000        1500.8560874727859        2.2652012602392538E-002   1579.5618337543026        954.87122164955531     
           0           0         111   15.750000000000000        33.250000000000000        1499.0112048054802        2.2572825065961578E-002   1579.5618337543024        954.87122164955554     
           0           0         112   1.7500000000000000        19.250000000000000        1519.6952934559613        2.3062334787612087E-002   1579.5618337543024        954.87122164955554     
           0           0         113   7.8750000000000000        21.000000000000000        1502.6389218040129        2.2700179310043093E-002   1579.5618337543024        954.87122164955554     
           0           0         114   3.5000000000000000        19.250000000000000        1514.7498928975281        2.2957255368658842E-002   1579.5618337543024        954.87122164955554     
           0           0         115   10.500000000000000        22.750000000000000        1484.3709114742362        2.2291438245316316E-002   1579.5618337543024        954.87122164955554     
           0           0         116   15.750000000000000        31.500000000000000        1566.2876863694516        2.4000973876148884E-002   3159.1236675086061        954.87122164955520     
           0           0         117   12.250000000000000        24.500000000000000        1474.2638306580609        2.2070966820295097E-002   3159.1236675086061        954.87122164955520     
           0           0         118   14.875000000000000        28.000000000000000        1456.8266373137023        2.1671030717852063E-002   1579.5618337543024        954.87122164955554     
           0           0         119   14.000000000000000        26.250000000000000        1454.5364395566635        2.1626726400229092E-002   1579.5618337543024        954.87122164955554     
           0           0         120   8.7500000000000000        21.000000000000000        1496.0024930877439        2.2554272267862028E-002   3159.1236675086061        954.87122164955520     
           0           0         121   15.750000000000000        29.750000000000000        1433.4660180298245        2.1149619324597708E-002   1579.5618337543024        954.87122164955554     
           0           0         122   5.2500000000000000        19.250000000000000        1507.2469539827339        2.2797188270910585E-002   1579.5618337543024        954.87122164955554     
           0           0         123   16.625000000000000        35.000000000000000        1757.6449944806641        2.7899339138216045E-002   789.78091687715118        954.87122164955554     
           0           0         124   13.125000000000000        24.500000000000000        1457.4026283496432        2.1702484650001706E-002   1579.5618337543024        954.87122164955554     
           0           0         125   9.6250000000000000        21.000000000000000        1489.9926167176545        2.2421595185608323E-002   1579.5618337543024        954.87122164955554     
           0           0         126   16.625000000000000        31.500000000000000        1453.0514644315492        2.1591778417087069E-002   1579.5618337543024        954.87122164955554     
           0           0         127   7.0000000000000000        19.250000000000000        1499.3208314779104        2.2626831492258963E-002   1579.5618337543024        954.87122164955554     
           0           0         128   15.750000000000000        28.000000000000000        1438.5823625178534        2.1260748794748475E-002   3159.1236675086061        954.87122164955520     
           0           0         129   12.250000000000000        22.750000000000000        1466.1548953152812        2.1895671028708076E-002   1579.5618337543024        954.87122164955554     
           0           0         130   14.000000000000000        24.500000000000000        1444.2025607436806        2.1407087548149670E-002   3159.1236675086061        954.87122164955520     
           0           0         131   17.500000000000000        35.000000000000000        2026.1387082918636        3.2670616852698592E-002   789.78091687715130        954.87122164955531     
           0           0         132   0.0000000000000000        17.500000000000000        1530.8124983975388        2.3295382208934148E-002   1579.5618337543021        954.87122164955520     
           0           0         133   10.500000000000000        21.000000000000000        1480.3994343926427        2.2211799452191511E-002   3159.1236675086061        954.87122164955520     
           0           0         134  0.87500000000000000        17.500000000000000        1527.4575739055908        2.3226035439004492E-002   1579.5618337543024        954.87122164955554     
           0           0         135   1.7500000000000000        17.500000000000000        1525.2420202348137        2.3180834919960064E-002   3159.1236675086061        954.87122164955520     
           0           0         136   17.500000000000000        33.250000000000000        1599.0604122959267        2.4697231051252377E-002   789.78091687715118        954.87122164955554     
           0           0         137   2.6250000000000000        17.500000000000000        1521.4157742326981        2.3099808879839406E-002   1579.5618337543024        954.87122164955554     
           0           0         138   17.500000000000000        31.500000000000000        1361.5833387825212        1.9464200549772239E-002   1579.5618337543024        954.87122164955542     
           0           0         139   3.5000000000000000        17.500000000000000        1516.9552035269908        2.3004779308769253E-002   3159.1236675086061        954.87122164955520     
           0           0         140   8.7500000000000000        19.250000000000000        1489.2936767475617        2.2405608003333317E-002   1579.5618337543024        954.87122164955554     
           0           0         141   15.750000000000000        26.250000000000000        1428.0824485325143        2.1033488814448699E-002   1579.5618337543024        954.87122164955554     
           0           0         142   4.3750000000000000        17.500000000000000        1511.2656766646694        2.2885856491827644E-002   1579.5618337543024        954.87122164955554     
           0           0         143   11.375000000000000        21.000000000000000        1473.9669578577780        2.2071716760570962E-002   1579.5618337543024        954.87122164955554     
           0           0         144   16.625000000000000        28.000000000000000        1402.4668469047976        2.0457193739903887E-002   1579.5618337543024        954.87122164955554     
           0           0         145   14.875000000000000        24.500000000000000        1439.2361379826368        2.1289456169626790E-002   1579.5618337543024        954.87122164955554     
           0           0         146   17.500000000000000        29.750000000000000        1358.4830307344009        1.9440157184283748E-002   789.78091687715118        954.87122164955554     
           0           0         147   5.2500000000000000        17.500000000000000        1504.7845731252089        2.2748922523198899E-002   3159.1236675086061        954.87122164955520     
           0           0         148   6.1250000000000000        17.500000000000000        1502.1055859484572        2.2688727246942375E-002   1579.5618337543024        954.87122164955554     
           0           0         149   14.000000000000000        22.750000000000000        1449.1858601586425        2.1515214575697623E-002   1579.5618337543024        954.87122164955554     
           0           0         150   12.250000000000000        21.000000000000000        1462.8759422933404        2.1829622722660254E-002   3159.1236675086061        954.87122164955520     
           0           0         151   7.0000000000000000        17.500000000000000        1496.4111020171956        2.2563438055459215E-002   3159.1236675086061        954.87122164955520     
           0           0         152   17.500000000000000        28.000000000000000        1401.6605458335407        2.0423623109402298E-002   1579.5618337543024        954.87122164955542     
           0           0         153   10.500000000000000        19.250000000000000        1477.4282853568616        2.2145330374261238E-002   1579.5618337543024        954.87122164955554     
           0           0         154   15.750000000000000        24.500000000000000        1426.6543884315374        2.1003060433391924E-002   3159.1236675086061        954.87122164955520     
           0           0         155   7.8750000000000000        17.500000000000000        1491.5247452003789        2.2456742247288143E-002   1579.5618337543024        954.87122164955554     
           0           0         156   13.125000000000000        21.000000000000000        1455.4775097583247        2.1663007530350466E-002   1579.5618337543024        954.87122164955554     
           0           0         157   0.0000000000000000        15.750000000000000        1524.6730738548911        2.3154190993728650E-002   789.78091687715118        954.87122164955554     
           0           0         158   1.7500000000000000        15.750000000000000        1515.4561292189458        2.2965151011392945E-002   1579.5618337543024        954.87122164955554     
           0           0         159   3.5000000000000000        15.750000000000000        1506.8028318829643        2.2781906517772992E-002   1579.5618337543024        954.87122164955554     
           0           0         160   17.500000000000000        26.250000000000000        1409.8891054747664        2.0609326853997464E-002   789.78091687715118        954.87122164955554     
           0           0         161   8.7500000000000000        17.500000000000000        1485.8102007785010        2.2331674008219168E-002   3159.1236675086061        954.87122164955520     
           0           0         162   16.625000000000000        24.500000000000000        1420.5914174500408        2.0859533884311006E-002   1579.5618337543024        954.87122164955554     
           0           0         163   14.000000000000000        21.000000000000000        1446.3389054159441        2.1457431062897048E-002   3159.1236675086061        954.87122164955520     
           0           0         164   12.250000000000000        19.250000000000000        1462.6550519709942        2.1821001986352381E-002   1579.5618337543024        954.87122164955554     
           0           0         165   15.750000000000000        22.750000000000000        1436.0687304517862        2.1212937393220686E-002   1579.5618337543024        954.87122164955554     
           0           0         166   5.2500000000000000        15.750000000000000        1499.6609868926814        2.2628487964330014E-002   1579.5618337543024        954.87122164955554     
           0           0         167   9.6250000000000000        17.500000000000000        1482.3889614937314        2.2255126404530957E-002   1579.5618337543024        954.87122164955554     
           0           0         168   17.500000000000000        24.500000000000000        1413.8549387500082        2.0700374964231837E-002   1579.5618337543024        954.87122164955542     
           0           0         169   10.500000000000000        17.500000000000000        1475.6501455662128        2.2108281006721037E-002   3159.1236675086061        954.87122164955520     
           0           0         170   14.875000000000000        21.000000000000000        1447.8752249628997        2.1483192457116624E-002   1579.5618337543024        954.87122164955554     
           0           0         171   7.0000000000000000        15.750000000000000        1491.4529189102889        2.2449601649678280E-002   1579.5618337543024        954.87122164955554     
           0           0         172   11.375000000000000        17.500000000000000        1468.9016713584949        2.1959545791444483E-002   1579.5618337543024        954.87122164955554     
           0           0         173   0.0000000000000000        14.000000000000000        1519.3613898599599        2.3037529702849478E-002   1579.5618337543021        954.87122164955520     
           0           0         174  0.87500000000000000        14.000000000000000        1514.7360119145890        2.2944670370343805E-002   1579.5618337543024        954.87122164955554     
           0           0         175   14.000000000000000        19.250000000000000        1455.4423921949835        2.1653645104185378E-002   1579.5618337543024        954.87122164955554     
           0           0         176   1.7500000000000000        14.000000000000000        1510.8680968051813        2.2865416182312925E-002   3159.1236675086061        954.87122164955520     
           0           0         177   15.750000000000000        21.000000000000000        1441.7831674691847        2.1341694333709211E-002   3159.1236675086061        954.87122164955520     
           0           0         178   8.7500000000000000        15.750000000000000        1483.4457920168475        2.2274512267057969E-002   1579.5618337543024        954.87122164955554     
           0           0         179   2.6250000000000000        14.000000000000000        1508.3589662034467        2.2811770162929800E-002   1579.5618337543024        954.87122164955554     
           0           0         180   3.5000000000000000        14.000000000000000        1503.7346119370181        2.2712626281962075E-002   3159.1236675086061        954.87122164955520     
           0           0         181   12.250000000000000        17.500000000000000        1463.8206447962627        2.1845302982633902E-002   3159.1236675086061        954.87122164955520     
           0           0         182   17.500000000000000        22.750000000000000        1420.1978127038251        2.0844597912890724E-002   789.78091687715118        954.87122164955554     
           0           0         183   4.3750000000000000        14.000000000000000        1498.6876768278112        2.2603185824847244E-002   1579.5618337543024        954.87122164955554     
           0           0         184   5.2500000000000000        14.000000000000000        1494.7112565032783        2.2516806989730537E-002   3159.1236675086061        954.87122164955520     
           0           0         185   16.625000000000000        21.000000000000000        1437.4651452992837        2.1238507932399998E-002   1579.5618337543024        954.87122164955554     
           0           0         186   6.1250000000000000        14.000000000000000        1490.8072613711379        2.2434000664532022E-002   1579.5618337543024        954.87122164955554     
           0           0         187   13.125000000000000        17.500000000000000        1458.6178589171834        2.1728309391257642E-002   1579.5618337543024        954.87122164955554     
           0           0         188   10.500000000000000        15.750000000000000        1473.7587584238056        2.2062527655673465E-002   1579.5618337543024        954.87122164955554     
           0           0         189   7.0000000000000000        14.000000000000000        1486.1026245264813        2.2333011656685983E-002   3159.1236675086061        954.87122164955520     
           0           0         190   15.750000000000000        19.250000000000000        1448.8081853959245        2.1496813174938734E-002   1579.5618337543024        954.87122164955554     
           0           0         191   17.500000000000000        21.000000000000000        1434.6820028492516        2.1169325249490750E-002   1579.5618337543024        954.87122164955542     
           0           0         192   14.000000000000000        17.500000000000000        1458.3440440906020        2.1717243704424023E-002   3159.1236675086061        954.87122164955520     
           0           0         193   7.8750000000000000        14.000000000000000        1484.3409513901054        2.2292530756526364E-002   1579.5618337543024        954.87122164955554     
           0           0         194   0.0000000000000000        12.250000000000000        1508.1529464312162        2.2794192318492865E-002   789.78091687715118        954.87122164955554     
           0           0         195   8.7500000000000000        14.000000000000000        1481.8496627968923        2.2236649983305563E-002   3159.1236675086061        954.87122164955520     
           0           0         196   12.250000000000000        15.750000000000000        1465.0682694763227        2.1869438411940854E-002   1579.5618337543024        954.87122164955554     
           0           0         197   1.7500000000000000        12.250000000000000        1503.0711530800463        2.2690384722069967E-002   1579.5618337543024        954.87122164955554     
           0           0         198   14.875000000000000        17.500000000000000        1455.7426120548230        2.1656236758120083E-002   1579.5618337543024        954.87122164955554     
           0           0         199   3.5000000000000000        12.250000000000000        1497.0752008789484        2.2561198503808274E-002   1579.5618337543024        954.87122164955554     
           0           0         200   9.6250000000000000        14.000000000000000        1477.9048086453054        2.2150339773181718E-002   1579.5618337543024        954.87122164955554     
           0           0         201   5.2500000000000000        12.250000000000000        1489.2168419125646        2.2393342696489432E-002   1579.5618337543024        954.87122164955554     
           0           0         202   10.500000000000000        14.000000000000000        1473.3794602760647        2.2051282083724481E-002   3159.1236675086061        954.87122164955520     
           0           0         203   15.750000000000000        17.500000000000000        1454.3476689237916        2.1621461380935056E-002   3159.1236675086061        954.87122164955520     
           0           0         204   17.500000000000000        19.250000000000000        1441.8060609002396        2.1330022684552821E-002   789.78091687715118        954.87122164955554     
           0           0         205   7.0000000000000000        12.250000000000000        1485.4406502981494        2.2310487583908849E-002   1579.5618337543024        954.87122164955554     
           0           0         206   14.000000000000000        15.750000000000000        1462.2693114891656        2.1801910514998413E-002   1579.5618337543024        954.87122164955554     
           0           0         207   11.375000000000000        14.000000000000000        1468.2635286228822        2.1939715134384773E-002   1579.5618337543024        954.87122164955554     
           0           0         208   16.625000000000000        17.500000000000000        1453.4173193387946        2.1594367436604166E-002   1579.5618337543024        954.87122164955554     
           0           0         209   12.250000000000000        14.000000000000000        1467.6190339577199        2.1923190960412942E-002   3159.1236675086061        954.87122164955520     
           0           0         210   8.7500000000000000        12.250000000000000        1480.4162387550286        2.2200878797836377E-002   1579.5618337543024        954.87122164955554     
           0           0         211   0.0000000000000000        10.500000000000000        1497.4271270581728        2.2563854942072539E-002   1579.5618337543021        954.87122164955520     
           0           0         212  0.87500000000000000        10.500000000000000        1497.8889879474816        2.2573357649518934E-002   1579.5618337543024        954.87122164955554     
           0           0         213   1.7500000000000000        10.500000000000000        1497.0394856493265        2.2554895312807105E-002   3159.1236675086061        954.87122164955520     
           0           0         214   2.6250000000000000        10.500000000000000        1493.7519670372401        2.2484466798394141E-002   1579.5618337543024        954.87122164955554     
           0           0         215   3.5000000000000000        10.500000000000000        1491.0648677143115        2.2426510840210637E-002   3159.1236675086061        954.87122164955520     
           0           0         216   17.500000000000000        17.500000000000000        1450.5211246872361        2.1524944919129943E-002   1579.5618337543024        954.87122164955542     
           0           0         217   13.125000000000000        14.000000000000000        1465.7881476277362        2.1880890204330206E-002   1579.5618337543024        954.87122164955554     
           0           0         218   15.750000000000000        15.750000000000000        1460.3270250928172        2.1752197189672959E-002   1579.5618337543024        954.87122164955554     
           0           0         219   4.3750000000000000        10.500000000000000        1487.1629007334600        2.2344351011559967E-002   1579.5618337543024        954.87122164955554     
           0           0         220   5.2500000000000000        10.500000000000000        1481.1880949540780        2.2217560389468195E-002   3159.1236675086061        954.87122164955520     
           0           0         221   10.500000000000000        12.250000000000000        1472.5828551182178        2.2030603272420284E-002   1579.5618337543024        954.87122164955554     
           0           0         222   14.000000000000000        14.000000000000000        1464.4059770159661        2.1848635069237846E-002   3159.1236675086061        954.87122164955520     
           0           0         223   6.1250000000000000        10.500000000000000        1483.6952574868426        2.2269636988155081E-002   1579.5618337543024        954.87122164955554     
           0           0         224   7.0000000000000000        10.500000000000000        1481.7912129683896        2.2227578510882404E-002   3159.1236675086061        954.87122164955520     
           0           0         225   14.875000000000000        14.000000000000000        1465.1824925255314        2.1862548472563699E-002   1579.5618337543024        954.87122164955554     
           0           0         226   7.8750000000000000        10.500000000000000        1480.0111510458871        2.2188964438056766E-002   1579.5618337543024        954.87122164955554     
           0           0         227   12.250000000000000        12.250000000000000        1469.0915626888061        2.1952686471048741E-002   1579.5618337543024        954.87122164955554     
           0           0         228   17.500000000000000        15.750000000000000        1458.9508015321585        2.1712474070457420E-002   789.78091687715118        954.87122164955554     
           0           0         229   8.7500000000000000        10.500000000000000        1478.7683424160145        2.2162248253312110E-002   3159.1236675086061        954.87122164955520     
           0           0         230   15.750000000000000        14.000000000000000        1465.9902945563085        2.1876610539211808E-002   3159.1236675086061        954.87122164955520     
           0           0         231   0.0000000000000000        8.7500000000000000        1493.5713822273913        2.2475839134070651E-002   789.78091687715118        954.87122164955554     
           0           0         232   1.7500000000000000        8.7500000000000000        1490.7841045651617        2.2415738249843130E-002   1579.5618337543024        954.87122164955554     
           0           0         233   9.6250000000000000        10.500000000000000        1473.9973980679126        2.2059250621602931E-002   1579.5618337543024        954.87122164955554     
           0           0         234   3.5000000000000000        8.7500000000000000        1485.3616282928672        2.2300700437983108E-002   1579.5618337543024        954.87122164955554     
           0           0         235   10.500000000000000        10.500000000000000        1472.9968681487967        2.2036646191574867E-002   3159.1236675086061        954.87122164955520     
           0           0         236   14.000000000000000        12.250000000000000        1468.3388598688457        2.1932646881121471E-002   1579.5618337543024        954.87122164955554     
           0           0         237   5.2500000000000000        8.7500000000000000        1481.0862812807268        2.2210391777123466E-002   1579.5618337543024        954.87122164955554     
           0           0         238   16.625000000000000        14.000000000000000        1465.6876057565030        2.1865895708063535E-002   1579.5618337543024        954.87122164955554     
           0           0         239   11.375000000000000        10.500000000000000        1472.3652968032152        2.2022484966677230E-002   1579.5618337543024        954.87122164955554     
           0           0         240   7.0000000000000000        8.7500000000000000        1480.4580062831390        2.2195402924720019E-002   1579.5618337543024        954.87122164955554     
           0           0         241   17.500000000000000        14.000000000000000        1463.6450450797820        2.1819197039309898E-002   1579.5618337543024        954.87122164955542     
           0           0         242   12.250000000000000        10.500000000000000        1471.2175033755982        2.1997693816932458E-002   3159.1236675086061        954.87122164955520     
           0           0         243   15.750000000000000        12.250000000000000        1469.2183272276716        2.1947687160590378E-002   1579.5618337543024        954.87122164955554     
           0           0         244   8.7500000000000000        8.7500000000000000        1476.3974200297300        2.2108461181101324E-002   1579.5618337543024        954.87122164955554     
           0           0         245   13.125000000000000        10.500000000000000        1470.5373740581390        2.1981786690891590E-002   1579.5618337543024        954.87122164955554     
           0           0         246   0.0000000000000000        7.0000000000000000        1485.6161657506934        2.2300719729208648E-002   1579.5618337543021        954.87122164955520     
           0           0         247  0.87500000000000000        7.0000000000000000        1484.7953629094573        2.2283125852450902E-002   1579.5618337543024        954.87122164955554     
           0           0         248   1.7500000000000000        7.0000000000000000        1482.5831313402682        2.2236163719041007E-002   3159.1236675086061        954.87122164955520     
           0           0         249   2.6250000000000000        7.0000000000000000        1482.8970103378979        2.2243592418956716E-002   1579.5618337543024        954.87122164955554     
           0           0         250   3.5000000000000000        7.0000000000000000        1479.9930860676031        2.2182052732686256E-002   3159.1236675086061        954.87122164955520     
           0           0         251   14.000000000000000        10.500000000000000        1470.1193846900653        2.1970786871539676E-002   3159.1236675086061        954.87122164955520     
           0           0         252   10.500000000000000        8.7500000000000000        1473.9996794634540        2.2056461531052566E-002   1579.5618337543024        954.87122164955554     
           0           0         253   4.3750000000000000        7.0000000000000000        1478.8413688962430        2.2157670894274027E-002   1579.5618337543024        954.87122164955554     
           0           0         254   5.2500000000000000        7.0000000000000000        1479.8091185144260        2.2177357634196357E-002   3159.1236675086061        954.87122164955520     
           0           0         255   6.1250000000000000        7.0000000000000000        1477.8082270296052        2.2134107860688920E-002   1579.5618337543024        954.87122164955554     
           0           0         256   14.875000000000000        10.500000000000000        1471.9387613394672        2.2008852876390778E-002   1579.5618337543024        954.87122164955554     
           0           0         257   17.500000000000000        12.250000000000000        1469.2091404755743        2.1941614126251480E-002   789.78091687715118        954.87122164955554     
           0           0         258   7.0000000000000000        7.0000000000000000        1478.7975889312997        2.2156276413733463E-002   3159.1236675086061        954.87122164955520     
           0           0         259   12.250000000000000        8.7500000000000000        1472.0304038108734        2.2014753356887559E-002   1579.5618337543024        954.87122164955554     
           0           0         260   7.8750000000000000        7.0000000000000000        1476.7717935260812        2.2113554168411265E-002   1579.5618337543024        954.87122164955554     
           0           0         261   15.750000000000000        10.500000000000000        1471.9168040367315        2.2007761664065668E-002   3159.1236675086061        954.87122164955520     
           0           0         262   8.7500000000000000        7.0000000000000000        1475.5898159939188        2.2088407971040443E-002   3159.1236675086061        954.87122164955520     
           0           0         263   16.625000000000000        10.500000000000000        1473.8226668611442        2.2046574192956782E-002   1579.5618337543024        954.87122164955554     
           0           0         264   9.6250000000000000        7.0000000000000000        1474.1200807864798        2.2057671912423270E-002   1579.5618337543024        954.87122164955554     
           0           0         265   14.000000000000000        8.7500000000000000        1474.4768398650826        2.2064162529095356E-002   1579.5618337543024        954.87122164955554     
           0           0         266   0.0000000000000000        5.2500000000000000        1482.6059345698613        2.2234433548960410E-002   789.78091687715118        954.87122164955554     
           0           0         267   1.7500000000000000        5.2500000000000000        1480.5952312453708        2.2191860036161477E-002   1579.5618337543024        954.87122164955554     
           0           0         268   10.500000000000000        7.0000000000000000        1473.6984059402726        2.2048299048517794E-002   3159.1236675086061        954.87122164955520     
           0           0         269   3.5000000000000000        5.2500000000000000        1478.9756299857415        2.2157440399753973E-002   1579.5618337543024        954.87122164955554     
           0           0         270   17.500000000000000        10.500000000000000        1471.8877158988064        2.2003191924231537E-002   1579.5618337543024        954.87122164955542     
           0           0         271   5.2500000000000000        5.2500000000000000        1478.0482312807167        2.2137829486547557E-002   1579.5618337543024        954.87122164955554     
           0           0         272   11.375000000000000        7.0000000000000000        1473.6007220933241        2.2046716769995839E-002   1579.5618337543024        954.87122164955554     
           0           0         273   7.0000000000000000        5.2500000000000000        1476.3145511826615        2.2101832966891576E-002   1579.5618337543024        954.87122164955554     
           0           0         274   12.250000000000000        7.0000000000000000        1473.0730619821359        2.2036523425454483E-002   3159.1236675086061        954.87122164955520     
           0           0         275   15.750000000000000        8.7500000000000000        1474.9236188748544        2.2072897114837554E-002   1579.5618337543024        954.87122164955554     
           0           0         276   13.125000000000000        7.0000000000000000        1474.1128609136581        2.2057400923857582E-002   1579.5618337543024        954.87122164955554     
           0           0         277   8.7500000000000000        5.2500000000000000        1473.5663829863247        2.2043988317065159E-002   1579.5618337543024        954.87122164955554     
           0           0         278   14.000000000000000        7.0000000000000000        1475.7439332561748        2.2091204317502871E-002   3159.1236675086061        954.87122164955520     
           0           0         279   0.0000000000000000        3.5000000000000000        1477.2808546151887        2.2116638430740885E-002   1579.5618337543021        954.87122164955520     
           0           0         280  0.87500000000000000        3.5000000000000000        1478.0840916877728        2.2134490823535805E-002   1579.5618337543024        954.87122164955554     
           0           0         281   10.500000000000000        5.2500000000000000        1474.5029924044450        2.2063736739494490E-002   1579.5618337543024        954.87122164955554     
           0           0         282   17.500000000000000        8.7500000000000000        1476.7620350055186        2.2109603653245831E-002   789.78091687715118        954.87122164955554     
           0           0         283   1.7500000000000000        3.5000000000000000        1476.6597364592660        2.2104480510847634E-002   3159.1236675086061        954.87122164955520     
           0           0         284   2.6250000000000000        3.5000000000000000        1477.1066809837675        2.2113542566985972E-002   1579.5618337543024        954.87122164955554     
           0           0         285   3.5000000000000000        3.5000000000000000        1474.3851427900886        2.2056005301695041E-002   3159.1236675086061        954.87122164955520     
           0           0         286   14.875000000000000        7.0000000000000000        1474.9355456901162        2.2073741954474976E-002   1579.5618337543024        954.87122164955554     
           0           0         287   4.3750000000000000        3.5000000000000000        1475.8154476491814        2.2087149225219125E-002   1579.5618337543024        954.87122164955554     
           0           0         288   5.2500000000000000        3.5000000000000000        1475.5191207153734        2.2081305779113689E-002   3159.1236675086061        954.87122164955520     
           0           0         289   6.1250000000000000        3.5000000000000000        1475.5439901045397        2.2082422350018695E-002   1579.5618337543024        954.87122164955554     
           0           0         290   15.750000000000000        7.0000000000000000        1475.9489980118933        2.2095589560797511E-002   3159.1236675086061        954.87122164955520     
           0           0         291   12.250000000000000        5.2500000000000000        1473.8961944963598        2.2052413459190918E-002   1579.5618337543024        954.87122164955554     
           0           0         292   7.0000000000000000        3.5000000000000000        1475.7479674131528        2.2086732959904362E-002   3159.1236675086061        954.87122164955520     
           0           0         293   7.8750000000000000        3.5000000000000000        1474.9850050947641        2.2071866932447681E-002   1579.5618337543024        954.87122164955554     
           0           0         294   16.625000000000000        7.0000000000000000        1478.3057996855625        2.2144987318469971E-002   1579.5618337543024        954.87122164955554     
           0           0         295   8.7500000000000000        3.5000000000000000        1473.5651634798903        2.2042567516373041E-002   3159.1236675086061        954.87122164955520     
           0           0         296   14.000000000000000        5.2500000000000000        1475.7715030815748        2.2092297636847252E-002   1579.5618337543024        954.87122164955554     
           0           0         297   9.6250000000000000        3.5000000000000000        1473.9161936718342        2.2049825199921769E-002   1579.5618337543024        954.87122164955554     
           0           0         298   17.500000000000000        7.0000000000000000        1477.6199232918516        2.2129808927252685E-002   1579.5618337543024        954.87122164955542     
           0           0         299   10.500000000000000        3.5000000000000000        1473.8193836799155        2.2047547941177970E-002   3159.1236675086061        954.87122164955520     
           0           0         300   0.0000000000000000        1.7500000000000000        1475.5622597310012        2.2080303074320601E-002   789.78091687715118        954.87122164955554     
           0           0         301   1.7500000000000000        1.7500000000000000        1475.0487046152789        2.2069306496309529E-002   1579.5618337543024        954.87122164955554     
           0           0         302   3.5000000000000000        1.7500000000000000        1476.0440551986565        2.2091251941912738E-002   1579.5618337543024        954.87122164955554     
           0           0         303   11.375000000000000        3.5000000000000000        1474.1765273051130        2.2055992885969766E-002   1579.5618337543024        954.87122164955554     
           0           0         304   15.750000000000000        5.2500000000000000        1477.3929365305505        2.2126883223821614E-002   1579.5618337543024        954.87122164955554     
           0           0         305   5.2500000000000000        1.7500000000000000        1477.2656557417945        2.2118020172786086E-002   1579.5618337543024        954.87122164955554     
           0           0         306   12.250000000000000        3.5000000000000000        1477.7708356541100        2.2132939910911639E-002   3159.1236675086061        954.87122164955520     
           0           0         307   7.0000000000000000        1.7500000000000000        1475.9559738438800        2.2091109658194757E-002   1579.5618337543024        954.87122164955554     
           0           0         308   13.125000000000000        3.5000000000000000        1475.6436662293854        2.2088670023400092E-002   1579.5618337543024        954.87122164955554     
           0           0         309   8.7500000000000000        1.7500000000000000        1474.5537861348305        2.2062076439605772E-002   1579.5618337543024        954.87122164955554     
           0           0         310   14.000000000000000        3.5000000000000000        1476.5345268932895        2.2108959989131375E-002   3159.1236675086061        954.87122164955520     
           0           0         311   17.500000000000000        5.2500000000000000        1480.7206856361572        2.2197475778290135E-002   789.78091687715118        954.87122164955554     
           0           0         312   14.875000000000000        3.5000000000000000        1477.8691824563716        2.2136810028470212E-002   1579.5618337543024        954.87122164955554     
           0           0         313   10.500000000000000        1.7500000000000000        1475.6106012950688        2.2084784323962794E-002   1579.5618337543024        954.87122164955554     
           0           0         314   0.0000000000000000        0.0000000000000000        1473.6260459418572        2.2038037125767025E-002   789.78091687715130        954.87122164955531     
           0           0         315  0.87500000000000000        0.0000000000000000        1476.4452184181027        2.2097175906081356E-002   789.78091687715118        954.87122164955554     
           0           0         316   1.7500000000000000        0.0000000000000000        1474.2041664290098        2.2048536705240963E-002   1579.5618337543021        954.87122164955520     
           0           0         317   2.6250000000000000        0.0000000000000000        1475.5555665237457        2.2078300619021551E-002   789.78091687715118        954.87122164955554     
           0           0         318   3.5000000000000000        0.0000000000000000        1475.4900258001646        2.2077630190471487E-002   1579.5618337543021        954.87122164955520     
           0           0         319   15.750000000000000        3.5000000000000000        1480.2128344574919        2.2187222364698340E-002   3159.1236675086061        954.87122164955520     
           0           0         320   4.3750000000000000        0.0000000000000000        1474.7956071643828        2.2062754143492725E-002   789.78091687715118        954.87122164955554     
           0           0         321   5.2500000000000000        0.0000000000000000        1474.3120814307354        2.2052885190273930E-002   1579.5618337543021        954.87122164955520     
           0           0         322   12.250000000000000        1.7500000000000000        1478.2493505863235        2.2142632730620417E-002   1579.5618337543024        954.87122164955554     
           0           0         323   6.1250000000000000        0.0000000000000000        1474.6594085822126        2.2060906390811871E-002   789.78091687715118        954.87122164955554     
           0           0         324   16.625000000000000        3.5000000000000000        1480.3728738057675        2.2191506618261927E-002   1579.5618337543024        954.87122164955554     
           0           0         325   7.0000000000000000        0.0000000000000000        1476.3411309349460        2.2097643083679053E-002   1579.5618337543021        954.87122164955520     
           0           0         326   7.8750000000000000        0.0000000000000000        1473.9195930173248        2.2045382232802339E-002   789.78091687715118        954.87122164955554     
           0           0         327   17.500000000000000        3.5000000000000000        1478.8630261002797        2.2160165648762841E-002   1579.5618337543024        954.87122164955542     
           0           0         328   8.7500000000000000        0.0000000000000000        1474.6996938206548        2.2061983343729014E-002   1579.5618337543021        954.87122164955520     
           0           0         329   14.000000000000000        1.7500000000000000        1477.1488629455030        2.2121039446740900E-002   1579.5618337543024        954.87122164955554     
           0           0         330   9.6250000000000000        0.0000000000000000        1475.1424387457810        2.2072947982692277E-002   789.78091687715118        954.87122164955554     
           0           0         331   10.500000000000000        0.0000000000000000        1475.0641694757996        2.2071598205366642E-002   1579.5618337543021        954.87122164955520     
           0           0         332   15.750000000000000        1.7500000000000000        1479.4451022337739        2.2171078209685023E-002   1579.5618337543024        954.87122164955554     
           0           0         333   11.375000000000000        0.0000000000000000        1473.6595460317235        2.2042080366162245E-002   789.78091687715118        954.87122164955554     
           0           0         334   12.250000000000000        0.0000000000000000        1477.7808119068204        2.2131780864608038E-002   1579.5618337543021        954.87122164955520     
           0           0         335   13.125000000000000        0.0000000000000000        1478.2139948793981        2.2142364822550352E-002   789.78091687715118        954.87122164955554     
           0           0         336   17.500000000000000        1.7500000000000000        1479.5717000820123        2.2175011455106516E-002   789.78091687715118        954.87122164955554     
           0           0         337   14.000000000000000        0.0000000000000000        1478.2225161912179        2.2142724023060344E-002   1579.5618337543021        954.87122164955520     
           0           0         338   14.875000000000000        0.0000000000000000        1479.0634625892787        2.2160951898666376E-002   789.78091687715118        954.87122164955554     
           0           0         339   15.750000000000000        0.0000000000000000        1479.8140312703354        2.2178240455020821E-002   1579.5618337543021        954.87122164955520     
           0           0         340   16.625000000000000        0.0000000000000000        1481.2173029245687        2.2208878186645006E-002   789.78091687715118        954.87122164955554     
           0           0         341   17.500000000000000        0.0000000000000000        1481.2525482422752        2.2209926239438182E-002   789.78091687715096        954.87122164955520     
