           0           0           1   0.0000000000000000        35.000000000000000        1295.4689660711174        1.7998067621559730E-002   870.10010870660835        975.15942953950844     
           0           0           2  0.87500000000000000        35.000000000000000        1314.5765108461082        1.8445103225878286E-002   870.10010870660881        975.15942953950832     
           0           0           3   0.0000000000000000        33.250000000000000        1364.1621685210964        1.9627715273225620E-002   870.10010870660881        975.15942953950832     
           0           0           4   1.7500000000000000        35.000000000000000        1314.7343900367598        1.8444135308495046E-002   1740.2002174132167        975.15942953950844     
           0           0           5   1.7500000000000000        33.250000000000000        1357.7310114293196        1.9478000556743143E-002   1740.2002174132176        975.15942953950821     
           0           0           6   2.6250000000000000        35.000000000000000        1306.5315312370749        1.8261947944067370E-002   870.10010870660881        975.15942953950832     
           0           0           7   0.0000000000000000        31.500000000000000        1392.6469273382004        2.0286801970936220E-002   1740.2002174132169        975.15942953950855     
           0           0           8   3.5000000000000000        35.000000000000000        1341.0157851162796        1.9069755617524921E-002   1740.2002174132167        975.15942953950844     
           0           0           9  0.87500000000000000        31.500000000000000        1394.5289045759182        2.0333729055139266E-002   1740.2002174132178        975.15942953950832     
           0           0          10   3.5000000000000000        33.250000000000000        1374.3748728834223        1.9860206725544324E-002   1740.2002174132176        975.15942953950821     
           0           0          11   1.7500000000000000        31.500000000000000        1412.1893270066309        2.0730150418716835E-002   3480.4004348264343        975.15942953950855     
           0           0          12   2.6250000000000000        31.500000000000000        1417.4813273646732        2.0839967126482617E-002   1740.2002174132178        975.15942953950832     
           0           0          13   4.3750000000000000        35.000000000000000        1328.1602630741972        1.8770447143278902E-002   870.10010870660881        975.15942953950832     
           0           0          14   3.5000000000000000        31.500000000000000        1425.0154423249548        2.1012719049054381E-002   3480.4004348264343        975.15942953950855     
           0           0          15   0.0000000000000000        29.750000000000000        1461.3982920503704        2.1829661805507439E-002   870.10010870660881        975.15942953950832     
           0           0          16   5.2500000000000000        35.000000000000000        1341.0314972540441        1.9079816172643468E-002   1740.2002174132167        975.15942953950844     
           0           0          17   1.7500000000000000        29.750000000000000        1470.6755739354433        2.2026010266148414E-002   1740.2002174132176        975.15942953950821     
           0           0          18   5.2500000000000000        33.250000000000000        1396.9827820446426        2.0372042252054193E-002   1740.2002174132176        975.15942953950821     
           0           0          19   4.3750000000000000        31.500000000000000        1438.3847792050501        2.1301402235306226E-002   1740.2002174132178        975.15942953950832     
           0           0          20   6.1250000000000000        35.000000000000000        1375.9184873181921        1.9879218238239262E-002   870.10010870660881        975.15942953950832     
           0           0          21   3.5000000000000000        29.750000000000000        1484.8947022485092        2.2326323627843390E-002   1740.2002174132176        975.15942953950821     
           0           0          22   5.2500000000000000        31.500000000000000        1435.2534395438204        2.1237762290494823E-002   3480.4004348264343        975.15942953950855     
           0           0          23   0.0000000000000000        28.000000000000000        1499.0013705025503        2.2648606668061982E-002   1740.2002174132169        975.15942953950855     
           0           0          24   7.0000000000000000        35.000000000000000        1347.0306524892221        1.9223931037793081E-002   1740.2002174132167        975.15942953950844     
           0           0          25   6.1250000000000000        31.500000000000000        1458.2233997476178        2.1734892352537796E-002   1740.2002174132178        975.15942953950832     
           0           0          26  0.87500000000000000        28.000000000000000        1491.8222799387740        2.2499747162881341E-002   1740.2002174132178        975.15942953950832     
           0           0          27   7.0000000000000000        33.250000000000000        1416.0774225735572        2.0802877958371740E-002   1740.2002174132176        975.15942953950821     
           0           0          28   1.7500000000000000        28.000000000000000        1522.1846317812815        2.3131531311948852E-002   3480.4004348264343        975.15942953950855     
           0           0          29   5.2500000000000000        29.750000000000000        1511.8713628721591        2.2893413439357170E-002   1740.2002174132176        975.15942953950821     
           0           0          30   2.6250000000000000        28.000000000000000        1515.4651599543158        2.2992103118066910E-002   1740.2002174132178        975.15942953950832     
           0           0          31   7.0000000000000000        31.500000000000000        1451.5316174034092        2.1590802946741434E-002   3480.4004348264343        975.15942953950855     
           0           0          32   3.5000000000000000        28.000000000000000        1543.1160813238801        2.3562667951989118E-002   3480.4004348264343        975.15942953950855     
           0           0          33   7.8750000000000000        35.000000000000000        1367.6305347775890        1.9694549884800547E-002   870.10010870660881        975.15942953950832     
           0           0          34   4.3750000000000000        28.000000000000000        1539.7287342292266        2.3493304749621982E-002   1740.2002174132178        975.15942953950832     
           0           0          35   7.8750000000000000        31.500000000000000        1485.4152906718843        2.2313231081571808E-002   1740.2002174132178        975.15942953950832     
           0           0          36   8.7500000000000000        35.000000000000000        1380.0626784240301        1.9984388942577428E-002   1740.2002174132167        975.15942953950844     
           0           0          37   0.0000000000000000        26.250000000000000        1539.5817710492220        2.3512781269682731E-002   870.10010870660881        975.15942953950832     
           0           0          38   7.0000000000000000        29.750000000000000        1522.2927830339511        2.3108482789837442E-002   1740.2002174132176        975.15942953950821     
           0           0          39   5.2500000000000000        28.000000000000000        1540.4130039534778        2.3500710148098843E-002   3480.4004348264343        975.15942953950855     
           0           0          40   8.7500000000000000        33.250000000000000        1433.7660467222222        2.1194684431999001E-002   1740.2002174132176        975.15942953950821     
           0           0          41   1.7500000000000000        26.250000000000000        1556.2669640457448        2.3851185688956736E-002   1740.2002174132176        975.15942953950821     
           0           0          42   6.1250000000000000        28.000000000000000        1570.3601756847036        2.4111813668544056E-002   1740.2002174132178        975.15942953950832     
           0           0          43   8.7500000000000000        31.500000000000000        1487.4285240450381        2.2364692525409076E-002   3480.4004348264343        975.15942953950855     
           0           0          44   3.5000000000000000        26.250000000000000        1566.1146009084221        2.4048557767056056E-002   1740.2002174132176        975.15942953950821     
           0           0          45   9.6250000000000000        35.000000000000000        1420.4517033631080        2.0887020766750031E-002   870.10010870660881        975.15942953950832     
           0           0          46   7.0000000000000000        28.000000000000000        1545.6199299025418        2.3609782563271346E-002   3480.4004348264343        975.15942953950855     
           0           0          47   8.7500000000000000        29.750000000000000        1548.3525691522159        2.3644571164480155E-002   1740.2002174132176        975.15942953950821     
           0           0          48   5.2500000000000000        26.250000000000000        1580.9234359964817        2.4341850924785531E-002   1740.2002174132176        975.15942953950821     
           0           0          49   9.6250000000000000        31.500000000000000        1519.4119257551679        2.3034914750202650E-002   1740.2002174132178        975.15942953950832     
           0           0          50   10.500000000000000        35.000000000000000        1383.2279369796724        2.0070706716020507E-002   1740.2002174132167        975.15942953950844     
           0           0          51   0.0000000000000000        24.500000000000000        1577.0302470261024        2.4294797393880907E-002   1740.2002174132169        975.15942953950855     
           0           0          52   7.8750000000000000        28.000000000000000        1578.7229963642385        2.4281151576913886E-002   1740.2002174132178        975.15942953950832     
           0           0          53  0.87500000000000000        24.500000000000000        1582.1663562284766        2.4395660742798517E-002   1740.2002174132178        975.15942953950832     
           0           0          54   1.7500000000000000        24.500000000000000        1592.9224673836929        2.4611260816039156E-002   3480.4004348264343        975.15942953950855     
           0           0          55   10.500000000000000        33.250000000000000        1475.0878783296555        2.2098508923202094E-002   1740.2002174132176        975.15942953950821     
           0           0          56   2.6250000000000000        24.500000000000000        1600.4305933037301        2.4757193199611619E-002   1740.2002174132178        975.15942953950832     
           0           0          57   3.5000000000000000        24.500000000000000        1603.6945442008873        2.4822445626267828E-002   3480.4004348264343        975.15942953950855     
           0           0          58   10.500000000000000        31.500000000000000        1526.0276834115205        2.3166435175205429E-002   3480.4004348264343        975.15942953950855     
           0           0          59   8.7500000000000000        28.000000000000000        1574.7797105876182        2.4199319874322497E-002   3480.4004348264343        975.15942953950855     
           0           0          60   7.0000000000000000        26.250000000000000        1600.2752118649244        2.4725416292495847E-002   1740.2002174132176        975.15942953950821     
           0           0          61   11.375000000000000        35.000000000000000        1422.0386857658593        2.0941736093828586E-002   870.10010870660881        975.15942953950832     
           0           0          62   4.3750000000000000        24.500000000000000        1611.5396116581981        2.4973875221590270E-002   1740.2002174132178        975.15942953950832     
           0           0          63   10.500000000000000        29.750000000000000        1571.5193789917346        2.4114419859632617E-002   1740.2002174132176        975.15942953950821     
           0           0          64   5.2500000000000000        24.500000000000000        1616.1093066493245        2.5063585390012248E-002   3480.4004348264343        975.15942953950855     
           0           0          65   11.375000000000000        31.500000000000000        1531.8177129820483        2.3291067001304844E-002   1740.2002174132178        975.15942953950832     
           0           0          66   9.6250000000000000        28.000000000000000        1604.4575606896103        2.4793798859232555E-002   1740.2002174132178        975.15942953950832     
           0           0          67   6.1250000000000000        24.500000000000000        1618.3401037426843        2.5107319264453323E-002   1740.2002174132178        975.15942953950832     
           0           0          68   0.0000000000000000        22.750000000000000        1605.0270907931540        2.4859498004168801E-002   870.10010870660881        975.15942953950832     
           0           0          69   12.250000000000000        35.000000000000000        1454.2555446132833        2.1645217344314446E-002   1740.2002174132167        975.15942953950844     
           0           0          70   12.250000000000000        33.250000000000000        1510.0736790903629        2.2845996973551053E-002   1740.2002174132176        975.15942953950821     
           0           0          71   1.7500000000000000        22.750000000000000        1614.0121737793584        2.5035645834719740E-002   1740.2002174132176        975.15942953950821     
           0           0          72   8.7500000000000000        26.250000000000000        1600.4096960466100        2.4726544760082687E-002   1740.2002174132176        975.15942953950821     
           0           0          73   7.0000000000000000        24.500000000000000        1611.6718439770871        2.4975829992404591E-002   3480.4004348264343        975.15942953950855     
           0           0          74   10.500000000000000        28.000000000000000        1605.3117370854723        2.4811353437679796E-002   3480.4004348264343        975.15942953950855     
           0           0          75   3.5000000000000000        22.750000000000000        1619.4539201104824        2.5141189903182114E-002   1740.2002174132176        975.15942953950821     
           0           0          76   12.250000000000000        31.500000000000000        1568.4560629154141        2.4047526443538251E-002   3480.4004348264343        975.15942953950855     
           0           0          77   7.8750000000000000        24.500000000000000        1614.6919541527154        2.5036653677136412E-002   1740.2002174132178        975.15942953950832     
           0           0          78   13.125000000000000        35.000000000000000        1440.7327737595876        2.1367302778651533E-002   870.10010870660881        975.15942953950832     
           0           0          79   5.2500000000000000        22.750000000000000        1621.6259848023553        2.5180621573610826E-002   1740.2002174132176        975.15942953950821     
           0           0          80   12.250000000000000        29.750000000000000        1597.3040516491571        2.4630815344494725E-002   1740.2002174132176        975.15942953950821     
           0           0          81   11.375000000000000        28.000000000000000        1601.8795093840195        2.4745951746024803E-002   1740.2002174132178        975.15942953950832     
           0           0          82   13.125000000000000        31.500000000000000        1599.4331336740388        2.4667721663381850E-002   1740.2002174132178        975.15942953950832     
           0           0          83   10.500000000000000        26.250000000000000        1593.3824258029440        2.4584841177458655E-002   1740.2002174132176        975.15942953950821     
           0           0          84   8.7500000000000000        24.500000000000000        1613.1752257875532        2.5005652849915301E-002   3480.4004348264343        975.15942953950855     
           0           0          85   0.0000000000000000        21.000000000000000        1634.9230588586888        2.5463923219315010E-002   1740.2002174132169        975.15942953950855     
           0           0          86   14.000000000000000        35.000000000000000        1494.7964768611066        2.2538726890031821E-002   1740.2002174132167        975.15942953950844     
           0           0          87  0.87500000000000000        21.000000000000000        1634.7599065593049        2.5459926911561667E-002   1740.2002174132178        975.15942953950832     
           0           0          88   14.000000000000000        33.250000000000000        1554.0493568329694        2.3768838728922104E-002   1740.2002174132176        975.15942953950821     
           0           0          89   7.0000000000000000        22.750000000000000        1614.3348498829673        2.5035085015224872E-002   1740.2002174132176        975.15942953950821     
           0           0          90   12.250000000000000        28.000000000000000        1600.0273360554900        2.4710393861239636E-002   3480.4004348264343        975.15942953950855     
           0           0          91   1.7500000000000000        21.000000000000000        1637.3856382002064        2.5510243876378902E-002   3480.4004348264343        975.15942953950855     
           0           0          92   9.6250000000000000        24.500000000000000        1610.3003013842304        2.4945992285519622E-002   1740.2002174132178        975.15942953950832     
           0           0          93   2.6250000000000000        21.000000000000000        1636.7111124153580        2.5496634596140239E-002   1740.2002174132178        975.15942953950832     
           0           0          94   14.000000000000000        31.500000000000000        1620.5159361634514        2.5099317056958989E-002   3480.4004348264343        975.15942953950855     
           0           0          95   3.5000000000000000        21.000000000000000        1638.4992172590514        2.5531094635860042E-002   3480.4004348264343        975.15942953950855     
           0           0          96   4.3750000000000000        21.000000000000000        1635.6368635675292        2.5474811556385028E-002   1740.2002174132178        975.15942953950832     
           0           0          97   10.500000000000000        24.500000000000000        1605.4459599588977        2.4844077034226069E-002   3480.4004348264343        975.15942953950855     
           0           0          98   13.125000000000000        28.000000000000000        1589.6075025185437        2.4502677284506596E-002   1740.2002174132178        975.15942953950832     
           0           0          99   14.875000000000000        35.000000000000000        1528.3393678365574        2.3269225404094519E-002   870.10010870660881        975.15942953950832     
           0           0         100   14.000000000000000        29.750000000000000        1593.2082693933799        2.4553736687681141E-002   1740.2002174132176        975.15942953950821     
           0           0         101   5.2500000000000000        21.000000000000000        1631.3813676916902        2.5390026246314288E-002   3480.4004348264343        975.15942953950855     
           0           0         102   8.7500000000000000        22.750000000000000        1605.8738538064254        2.4861172343816979E-002   1740.2002174132176        975.15942953950821     
           0           0         103   12.250000000000000        26.250000000000000        1580.1766191481972        2.4313645458182563E-002   1740.2002174132176        975.15942953950821     
           0           0         104   6.1250000000000000        21.000000000000000        1626.8298339523590        2.5299403835862794E-002   1740.2002174132178        975.15942953950832     
           0           0         105   14.875000000000000        31.500000000000000        1619.7371159868085        2.5077587004283940E-002   1740.2002174132178        975.15942953950832     
           0           0         106   11.375000000000000        24.500000000000000        1592.1545353698330        2.4575922249282192E-002   1740.2002174132178        975.15942953950832     
           0           0         107   14.000000000000000        28.000000000000000        1565.0934271760568        2.4000454545845290E-002   3480.4004348264343        975.15942953950855     
           0           0         108   7.0000000000000000        21.000000000000000        1619.3401197480489        2.5152314755266605E-002   3480.4004348264343        975.15942953950855     
           0           0         109   0.0000000000000000        19.250000000000000        1639.2216430133776        2.5542196352845291E-002   870.10010870660881        975.15942953950832     
           0           0         110   15.750000000000000        35.000000000000000        1617.6908973696359        2.5058651969965394E-002   1740.2002174132167        975.15942953950844     
           0           0         111   15.750000000000000        33.250000000000000        1637.5570354266411        2.5417010769314498E-002   1740.2002174132176        975.15942953950821     
           0           0         112   1.7500000000000000        19.250000000000000        1637.1772756982909        2.5502250395596619E-002   1740.2002174132176        975.15942953950821     
           0           0         113   7.8750000000000000        21.000000000000000        1613.4933619819922        2.5032157728694424E-002   1740.2002174132178        975.15942953950832     
           0           0         114   3.5000000000000000        19.250000000000000        1631.7242461793830        2.5394054552078126E-002   1740.2002174132176        975.15942953950821     
           0           0         115   10.500000000000000        22.750000000000000        1587.9794746121174        2.4494690010463071E-002   1740.2002174132176        975.15942953950821     
           0           0         116   15.750000000000000        31.500000000000000        1638.9798514947497        2.5477271739877742E-002   3480.4004348264343        975.15942953950855     
           0           0         117   12.250000000000000        24.500000000000000        1576.5619029892944        2.4257929489967318E-002   3480.4004348264343        975.15942953950855     
           0           0         118   14.875000000000000        28.000000000000000        1550.1568012900507        2.3695222792906041E-002   1740.2002174132178        975.15942953950832     
           0           0         119   14.000000000000000        26.250000000000000        1550.5765826035690        2.3705209303090172E-002   1740.2002174132176        975.15942953950821     
           0           0         120   8.7500000000000000        21.000000000000000        1606.2143144103932        2.4881222088835017E-002   3480.4004348264343        975.15942953950855     
           0           0         121   15.750000000000000        29.750000000000000        1544.5663258617217        2.3558872498775425E-002   1740.2002174132176        975.15942953950821     
           0           0         122   5.2500000000000000        19.250000000000000        1619.9879675468987        2.5161639453408477E-002   1740.2002174132176        975.15942953950821     
           0           0         123   16.625000000000000        35.000000000000000        1880.0875984091872        3.0131708384175553E-002   870.10010870660881        975.15942953950832     
           0           0         124   13.125000000000000        24.500000000000000        1561.6366750315408        2.3949432773415803E-002   1740.2002174132178        975.15942953950832     
           0           0         125   9.6250000000000000        21.000000000000000        1596.3795545832968        2.4679936896977030E-002   1740.2002174132178        975.15942953950832     
           0           0         126   16.625000000000000        31.500000000000000        1567.9835244087217        2.4072722465387050E-002   1740.2002174132178        975.15942953950832     
           0           0         127   7.0000000000000000        19.250000000000000        1608.0800320852875        2.4922840246481247E-002   1740.2002174132176        975.15942953950821     
           0           0         128   15.750000000000000        28.000000000000000        1512.2128420713814        2.2895884124341237E-002   3480.4004348264343        975.15942953950855     
           0           0         129   12.250000000000000        22.750000000000000        1565.8279553062293        2.4041164916962388E-002   1740.2002174132176        975.15942953950821     
           0           0         130   14.000000000000000        24.500000000000000        1544.1173274783941        2.3582503968768650E-002   3480.4004348264343        975.15942953950855     
           0           0         131   17.500000000000000        35.000000000000000        2324.1081412829085        3.7465280337786691E-002   870.10010870660824        975.15942953950832     
           0           0         132   0.0000000000000000        17.500000000000000        1653.1701494252331        2.5817933074776443E-002   1740.2002174132169        975.15942953950855     
           0           0         133   10.500000000000000        21.000000000000000        1584.1239591535814        2.4428080789385735E-002   3480.4004348264343        975.15942953950855     
           0           0         134  0.87500000000000000        17.500000000000000        1648.2805158845902        2.5724359781067678E-002   1740.2002174132178        975.15942953950832     
           0           0         135   1.7500000000000000        17.500000000000000        1644.9841219112789        2.5661791261942880E-002   3480.4004348264343        975.15942953950855     
           0           0         136   17.500000000000000        33.250000000000000        1704.4931232311205        2.6795737632602595E-002   870.10010870660881        975.15942953950832     
           0           0         137   2.6250000000000000        17.500000000000000        1639.7573718064698        2.5559260581778823E-002   1740.2002174132178        975.15942953950832     
           0           0         138   17.500000000000000        31.500000000000000        1417.0647602776471        2.0763039836397962E-002   1740.2002174132169        975.15942953950855     
           0           0         139   3.5000000000000000        17.500000000000000        1633.9056547544283        2.5443416024589140E-002   3480.4004348264343        975.15942953950855     
           0           0         140   8.7500000000000000        19.250000000000000        1594.5228541315932        2.4642392334418464E-002   1740.2002174132176        975.15942953950821     
           0           0         141   15.750000000000000        26.250000000000000        1517.7833185606075        2.3012598072547831E-002   1740.2002174132176        975.15942953950821     
           0           0         142   4.3750000000000000        17.500000000000000        1627.8498278541492        2.5325056042368371E-002   1740.2002174132178        975.15942953950832     
           0           0         143   11.375000000000000        21.000000000000000        1573.9899551506367        2.4220629186900967E-002   1740.2002174132178        975.15942953950832     
           0           0         144   16.625000000000000        28.000000000000000        1499.0724125024767        2.2611936499708815E-002   1740.2002174132178        975.15942953950832     
           0           0         145   14.875000000000000        24.500000000000000        1531.0723575749721        2.3302768414646638E-002   1740.2002174132178        975.15942953950832     
           0           0         146   17.500000000000000        29.750000000000000        1436.2302546578758        2.1238334261335513E-002   870.10010870660881        975.15942953950832     
           0           0         147   5.2500000000000000        17.500000000000000        1618.6712670037414        2.5144297828508345E-002   3480.4004348264343        975.15942953950855     
           0           0         148   6.1250000000000000        17.500000000000000        1612.7407057391601        2.5023059590434684E-002   1740.2002174132178        975.15942953950832     
           0           0         149   14.000000000000000        22.750000000000000        1542.0193537770681        2.3539272446536662E-002   1740.2002174132176        975.15942953950821     
           0           0         150   12.250000000000000        21.000000000000000        1561.1706897287343        2.3955243478226178E-002   3480.4004348264343        975.15942953950855     
           0           0         151   7.0000000000000000        17.500000000000000        1606.1104969539074        2.4885274793465556E-002   3480.4004348264343        975.15942953950855     
           0           0         152   17.500000000000000        28.000000000000000        1479.2508850015133        2.2182132677328343E-002   1740.2002174132169        975.15942953950855     
           0           0         153   10.500000000000000        19.250000000000000        1577.2684071569984        2.4286997050504487E-002   1740.2002174132176        975.15942953950821     
           0           0         154   15.750000000000000        24.500000000000000        1519.1514820296520        2.3042754174841189E-002   3480.4004348264343        975.15942953950855     
           0           0         155   7.8750000000000000        17.500000000000000        1598.0570272425637        2.4721463751763931E-002   1740.2002174132178        975.15942953950832     
           0           0         156   13.125000000000000        21.000000000000000        1553.5471849258395        2.3791165658617615E-002   1740.2002174132178        975.15942953950832     
           0           0         157   0.0000000000000000        15.750000000000000        1645.3727758931443        2.5650640230952607E-002   870.10010870660881        975.15942953950832     
           0           0         158   1.7500000000000000        15.750000000000000        1633.2333283326379        2.5418989712574711E-002   1740.2002174132176        975.15942953950821     
           0           0         159   3.5000000000000000        15.750000000000000        1621.0157560797247        2.5178115300492229E-002   1740.2002174132176        975.15942953950821     
           0           0         160   17.500000000000000        26.250000000000000        1500.8377769213303        2.2633617556404483E-002   870.10010870660881        975.15942953950832     
           0           0         161   8.7500000000000000        17.500000000000000        1589.4964793078948        2.4545517629081737E-002   3480.4004348264343        975.15942953950855     
           0           0         162   16.625000000000000        24.500000000000000        1509.5679839494824        2.2830956990016596E-002   1740.2002174132178        975.15942953950832     
           0           0         163   14.000000000000000        21.000000000000000        1543.3976098381006        2.3573842107747059E-002   3480.4004348264343        975.15942953950855     
           0           0         164   12.250000000000000        19.250000000000000        1559.7301404419350        2.3921844598601305E-002   1740.2002174132176        975.15942953950821     
           0           0         165   15.750000000000000        22.750000000000000        1527.1377348316400        2.3211755831059781E-002   1740.2002174132176        975.15942953950821     
           0           0         166   5.2500000000000000        15.750000000000000        1608.9828750928282        2.4937433379626197E-002   1740.2002174132176        975.15942953950821     
           0           0         167   9.6250000000000000        17.500000000000000        1583.9635422455995        2.4429374838828902E-002   1740.2002174132178        975.15942953950832     
           0           0         168   17.500000000000000        24.500000000000000        1500.7109292885248        2.2632840651100102E-002   1740.2002174132169        975.15942953950855     
           0           0         169   10.500000000000000        17.500000000000000        1575.1211640651893        2.4247003664512427E-002   3480.4004348264343        975.15942953950855     
           0           0         170   14.875000000000000        21.000000000000000        1540.4277640643670        2.3502336208534036E-002   1740.2002174132178        975.15942953950832     
           0           0         171   7.0000000000000000        15.750000000000000        1596.3636635650646        2.4680272802937345E-002   1740.2002174132176        975.15942953950821     
           0           0         172   11.375000000000000        17.500000000000000        1567.7687377213124        2.4092520249689827E-002   1740.2002174132178        975.15942953950832     
           0           0         173   0.0000000000000000        14.000000000000000        1641.6781087324689        2.5573377544899568E-002   1740.2002174132169        975.15942953950855     
           0           0         174  0.87500000000000000        14.000000000000000        1635.1717730487790        2.5451455241283623E-002   1740.2002174132178        975.15942953950832     
           0           0         175   14.000000000000000        19.250000000000000        1550.3037550694808        2.3713278080594875E-002   1740.2002174132176        975.15942953950821     
           0           0         176   1.7500000000000000        14.000000000000000        1628.2649694120462        2.5319168695129436E-002   3480.4004348264343        975.15942953950855     
           0           0         177   15.750000000000000        21.000000000000000        1535.7350942439484        2.3393769331961495E-002   3480.4004348264343        975.15942953950855     
           0           0         178   8.7500000000000000        15.750000000000000        1585.1285759226853        2.4448509118670400E-002   1740.2002174132176        975.15942953950821     
           0           0         179   2.6250000000000000        14.000000000000000        1623.6057098745803        2.5226740689242511E-002   1740.2002174132178        975.15942953950832     
           0           0         180   3.5000000000000000        14.000000000000000        1616.3888065104502        2.5082799020333842E-002   3480.4004348264343        975.15942953950855     
           0           0         181   12.250000000000000        17.500000000000000        1559.9268654917998        2.3926469149626105E-002   3480.4004348264343        975.15942953950855     
           0           0         182   17.500000000000000        22.750000000000000        1512.3017618501824        2.2878482676996249E-002   870.10010870660881        975.15942953950832     
           0           0         183   4.3750000000000000        14.000000000000000        1609.2440954375186        2.4938370068647749E-002   1740.2002174132178        975.15942953950832     
           0           0         184   5.2500000000000000        14.000000000000000        1603.1848231516155        2.4815294660151654E-002   3480.4004348264343        975.15942953950855     
           0           0         185   16.625000000000000        21.000000000000000        1530.2394683872244        2.3268558927869259E-002   1740.2002174132178        975.15942953950832     
           0           0         186   6.1250000000000000        14.000000000000000        1597.1358872637577        2.4694592856441249E-002   1740.2002174132178        975.15942953950832     
           0           0         187   13.125000000000000        17.500000000000000        1556.2608989030318        2.3844438119710806E-002   1740.2002174132178        975.15942953950832     
           0           0         188   10.500000000000000        15.750000000000000        1573.1641339671446        2.4199997565148519E-002   1740.2002174132176        975.15942953950821     
           0           0         189   7.0000000000000000        14.000000000000000        1589.9789775216373        2.4550031954733997E-002   3480.4004348264343        975.15942953950855     
           0           0         190   15.750000000000000        19.250000000000000        1543.7509514853186        2.3560407391805226E-002   1740.2002174132176        975.15942953950821     
           0           0         191   17.500000000000000        21.000000000000000        1526.1224200862055        2.3171880122005311E-002   1740.2002174132169        975.15942953950855     
           0           0         192   14.000000000000000        17.500000000000000        1554.3986577358373        2.3798539815082599E-002   3480.4004348264343        975.15942953950855     
           0           0         193   7.8750000000000000        14.000000000000000        1586.9515715830325        2.4485014104391592E-002   1740.2002174132178        975.15942953950832     
           0           0         194   0.0000000000000000        12.250000000000000        1626.3459641378274        2.5260637549670013E-002   870.10010870660881        975.15942953950832     
           0           0         195   8.7500000000000000        14.000000000000000        1582.9119227373308        2.4399596710576229E-002   3480.4004348264343        975.15942953950855     
           0           0         196   12.250000000000000        15.750000000000000        1563.1494290779342        2.3987302593637572E-002   1740.2002174132176        975.15942953950821     
           0           0         197   1.7500000000000000        12.250000000000000        1617.3323624807897        2.5087741076109376E-002   1740.2002174132176        975.15942953950821     
           0           0         198   14.875000000000000        17.500000000000000        1551.7233007428288        2.3736476640147740E-002   1740.2002174132178        975.15942953950832     
           0           0         199   3.5000000000000000        12.250000000000000        1606.8325080462182        2.4877839311220860E-002   1740.2002174132176        975.15942953950821     
           0           0         200   9.6250000000000000        14.000000000000000        1577.3259046430273        2.4284024714184942E-002   1740.2002174132178        975.15942953950832     
           0           0         201   5.2500000000000000        12.250000000000000        1594.7964185940227        2.4637144866539031E-002   1740.2002174132176        975.15942953950821     
           0           0         202   10.500000000000000        14.000000000000000        1571.3216987203627        2.4159335715024606E-002   3480.4004348264343        975.15942953950855     
           0           0         203   15.750000000000000        17.500000000000000        1549.5311015561881        2.3684391611321336E-002   3480.4004348264343        975.15942953950855     
           0           0         204   17.500000000000000        19.250000000000000        1537.6691916032910        2.3414944907693778E-002   870.10010870660881        975.15942953950832     
           0           0         205   7.0000000000000000        12.250000000000000        1587.7950920829821        2.4493287877766459E-002   1740.2002174132176        975.15942953950821     
           0           0         206   14.000000000000000        15.750000000000000        1559.9732917258257        2.3910993287079806E-002   1740.2002174132176        975.15942953950821     
           0           0         207   11.375000000000000        14.000000000000000        1567.0209527539018        2.4069008236850889E-002   1740.2002174132178        975.15942953950832     
           0           0         208   16.625000000000000        17.500000000000000        1549.0338947063503        2.3664096918272426E-002   1740.2002174132178        975.15942953950832     
           0           0         209   12.250000000000000        14.000000000000000        1564.8192173904188        2.4020001842932799E-002   3480.4004348264343        975.15942953950855     
           0           0         210   8.7500000000000000        12.250000000000000        1581.4964210741782        2.4362448002445518E-002   1740.2002174132176        975.15942953950821     
           0           0         211   0.0000000000000000        10.500000000000000        1614.8092148446942        2.5026992993855173E-002   1740.2002174132169        975.15942953950855     
           0           0         212  0.87500000000000000        10.500000000000000        1612.3974117199296        2.4979656604130093E-002   1740.2002174132178        975.15942953950832     
           0           0         213   1.7500000000000000        10.500000000000000        1609.1883881875083        2.4915775380608813E-002   3480.4004348264343        975.15942953950855     
           0           0         214   2.6250000000000000        10.500000000000000        1603.7593654692905        2.4807683144227214E-002   1740.2002174132178        975.15942953950832     
           0           0         215   3.5000000000000000        10.500000000000000        1599.1398216938408        2.4714857309560946E-002   3480.4004348264343        975.15942953950855     
           0           0         216   17.500000000000000        17.500000000000000        1547.6875633402144        2.3626826095882056E-002   1740.2002174132169        975.15942953950855     
           0           0         217   13.125000000000000        14.000000000000000        1564.0744920542431        2.3999802624381235E-002   1740.2002174132178        975.15942953950832     
           0           0         218   15.750000000000000        15.750000000000000        1558.4889407407391        2.3868126036486789E-002   1740.2002174132176        975.15942953950821     
           0           0         219   4.3750000000000000        10.500000000000000        1593.6542771073082        2.4606402244893386E-002   1740.2002174132178        975.15942953950832     
           0           0         220   5.2500000000000000        10.500000000000000        1586.2031849423593        2.4457891101992115E-002   3480.4004348264343        975.15942953950855     
           0           0         221   10.500000000000000        12.250000000000000        1572.2776205622886        2.4172243768145633E-002   1740.2002174132176        975.15942953950821     
           0           0         222   14.000000000000000        14.000000000000000        1562.0389295366908        2.3954266821042201E-002   3480.4004348264343        975.15942953950855     
           0           0         223   6.1250000000000000        10.500000000000000        1586.4225699487615        2.4460282481715306E-002   1740.2002174132178        975.15942953950832     
           0           0         224   7.0000000000000000        10.500000000000000        1584.3616019059250        2.4416423605214947E-002   3480.4004348264343        975.15942953950855     
           0           0         225   14.875000000000000        14.000000000000000        1563.2337062263186        2.3973442812258897E-002   1740.2002174132178        975.15942953950832     
           0           0         226   7.8750000000000000        10.500000000000000        1580.8965616465034        2.4345814126268000E-002   1740.2002174132178        975.15942953950832     
           0           0         227   12.250000000000000        12.250000000000000        1568.6963246947400        2.4094291929954118E-002   1740.2002174132176        975.15942953950821     
           0           0         228   17.500000000000000        15.750000000000000        1558.5590420761159        2.3853999118469270E-002   870.10010870660881        975.15942953950832     
           0           0         229   8.7500000000000000        10.500000000000000        1578.1735609183593        2.4290280013534442E-002   3480.4004348264343        975.15942953950855     
           0           0         230   15.750000000000000        14.000000000000000        1564.6092001817779        2.3995563223428679E-002   3480.4004348264343        975.15942953950855     
           0           0         231   0.0000000000000000        8.7500000000000000        1607.1452480987462        2.4864555146608951E-002   870.10010870660881        975.15942953950832     
           0           0         232   1.7500000000000000        8.7500000000000000        1600.3588802325307        2.4729559458503365E-002   1740.2002174132176        975.15942953950821     
           0           0         233   9.6250000000000000        10.500000000000000        1574.3254730909482        2.4211060760863747E-002   1740.2002174132178        975.15942953950832     
           0           0         234   3.5000000000000000        8.7500000000000000        1591.5702835774509        2.4555109837840445E-002   1740.2002174132176        975.15942953950821     
           0           0         235   10.500000000000000        10.500000000000000        1571.6630831377515        2.4155565339844639E-002   3480.4004348264343        975.15942953950855     
           0           0         236   14.000000000000000        12.250000000000000        1568.2234827005589        2.4077785801662869E-002   1740.2002174132176        975.15942953950821     
           0           0         237   5.2500000000000000        8.7500000000000000        1585.0406331485374        2.4425327232678172E-002   1740.2002174132176        975.15942953950821     
           0           0         238   16.625000000000000        14.000000000000000        1564.7821855374709        2.3992527152494798E-002   1740.2002174132178        975.15942953950832     
           0           0         239   11.375000000000000        10.500000000000000        1571.5691945673702        2.4151883817824484E-002   1740.2002174132178        975.15942953950832     
           0           0         240   7.0000000000000000        8.7500000000000000        1583.0576213771108        2.4383023656654068E-002   1740.2002174132176        975.15942953950821     
           0           0         241   17.500000000000000        14.000000000000000        1565.0617468427135        2.3993105787775509E-002   1740.2002174132169        975.15942953950855     
           0           0         242   12.250000000000000        10.500000000000000        1570.6019385912671        2.4131315353850498E-002   3480.4004348264343        975.15942953950855     
           0           0         243   15.750000000000000        12.250000000000000        1570.6446544198204        2.4119374478470172E-002   1740.2002174132176        975.15942953950821     
           0           0         244   8.7500000000000000        8.7500000000000000        1577.7573764953793        2.4275755324971303E-002   1740.2002174132176        975.15942953950821     
           0           0         245   13.125000000000000        10.500000000000000        1570.2728247529542        2.4122324837921014E-002   1740.2002174132178        975.15942953950832     
           0           0         246   0.0000000000000000        7.0000000000000000        1595.9200140049370        2.4631928733937096E-002   1740.2002174132169        975.15942953950855     
           0           0         247  0.87500000000000000        7.0000000000000000        1593.6485628939283        2.4586929989165732E-002   1740.2002174132178        975.15942953950832     
           0           0         248   1.7500000000000000        7.0000000000000000        1589.7415313002473        2.4509367003813860E-002   3480.4004348264343        975.15942953950855     
           0           0         249   2.6250000000000000        7.0000000000000000        1587.9437180059244        2.4474457905478166E-002   1740.2002174132178        975.15942953950832     
           0           0         250   3.5000000000000000        7.0000000000000000        1584.4920223621807        2.4405821016053032E-002   3480.4004348264343        975.15942953950855     
           0           0         251   14.000000000000000        10.500000000000000        1571.0584109654851        2.4134792767640321E-002   3480.4004348264343        975.15942953950855     
           0           0         252   10.500000000000000        8.7500000000000000        1574.3702035872884        2.4206126041871390E-002   1740.2002174132176        975.15942953950821     
           0           0         253   4.3750000000000000        7.0000000000000000        1582.5292519246207        2.4366707555348876E-002   1740.2002174132178        975.15942953950832     
           0           0         254   5.2500000000000000        7.0000000000000000        1581.5696082280199        2.4346262588021667E-002   3480.4004348264343        975.15942953950855     
           0           0         255   6.1250000000000000        7.0000000000000000        1580.1334054118320        2.4316666179734228E-002   1740.2002174132178        975.15942953950832     
           0           0         256   14.875000000000000        10.500000000000000        1572.8263862138351        2.4168343759148888E-002   1740.2002174132178        975.15942953950832     
           0           0         257   17.500000000000000        12.250000000000000        1572.4778664046109        2.4146946215079228E-002   870.10010870660881        975.15942953950832     
           0           0         258   7.0000000000000000        7.0000000000000000        1578.9433924014522        2.4294033946223599E-002   3480.4004348264343        975.15942953950855     
           0           0         259   12.250000000000000        8.7500000000000000        1572.9350095543180        2.4176679218247045E-002   1740.2002174132176        975.15942953950821     
           0           0         260   7.8750000000000000        7.0000000000000000        1577.5551554647463        2.4266522786816985E-002   1740.2002174132178        975.15942953950832     
           0           0         261   15.750000000000000        10.500000000000000        1574.1341924765491        2.4193006021827317E-002   3480.4004348264343        975.15942953950855     
           0           0         262   8.7500000000000000        7.0000000000000000        1575.5976670709088        2.4227295703190436E-002   3480.4004348264343        975.15942953950855     
           0           0         263   16.625000000000000        10.500000000000000        1576.1206845733893        2.4229701953558815E-002   1740.2002174132178        975.15942953950832     
           0           0         264   9.6250000000000000        7.0000000000000000        1574.8080803534076        2.4211940350105276E-002   1740.2002174132178        975.15942953950832     
           0           0         265   14.000000000000000        8.7500000000000000        1576.2208365702181        2.4238194489037759E-002   1740.2002174132176        975.15942953950821     
           0           0         266   0.0000000000000000        5.2500000000000000        1589.6377904402123        2.4501857294225785E-002   870.10010870660881        975.15942953950832     
           0           0         267   1.7500000000000000        5.2500000000000000        1585.7435785245816        2.4424695617724753E-002   1740.2002174132176        975.15942953950821     
           0           0         268   10.500000000000000        7.0000000000000000        1574.1864110652255        2.4198902196157474E-002   3480.4004348264343        975.15942953950855     
           0           0         269   3.5000000000000000        5.2500000000000000        1582.3310916137657        2.4356714786282013E-002   1740.2002174132176        975.15942953950821     
           0           0         270   17.500000000000000        10.500000000000000        1577.0493905582557        2.4245035437800162E-002   1740.2002174132169        975.15942953950855     
           0           0         271   5.2500000000000000        5.2500000000000000        1580.9767665199115        2.4329729589376008E-002   1740.2002174132176        975.15942953950821     
           0           0         272   11.375000000000000        7.0000000000000000        1574.6396677031073        2.4208397847352535E-002   1740.2002174132178        975.15942953950832     
           0           0         273   7.0000000000000000        5.2500000000000000        1578.4500369920843        2.4280315001121912E-002   1740.2002174132176        975.15942953950821     
           0           0         274   12.250000000000000        7.0000000000000000        1573.5987056137269        2.4188765669332490E-002   3480.4004348264343        975.15942953950855     
           0           0         275   15.750000000000000        8.7500000000000000        1578.3983050159261        2.4279797697405313E-002   1740.2002174132176        975.15942953950821     
           0           0         276   13.125000000000000        7.0000000000000000        1576.3301975117411        2.4241590351249863E-002   1740.2002174132178        975.15942953950832     
           0           0         277   8.7500000000000000        5.2500000000000000        1575.9274588585408        2.4230796910782573E-002   1740.2002174132176        975.15942953950821     
           0           0         278   14.000000000000000        7.0000000000000000        1578.4203932276555        2.4282094853109330E-002   3480.4004348264343        975.15942953950855     
           0           0         279   0.0000000000000000        3.5000000000000000        1581.7912172203548        2.4337241660910551E-002   1740.2002174132169        975.15942953950855     
           0           0         280  0.87500000000000000        3.5000000000000000        1581.7182191430613        2.4336715488801230E-002   1740.2002174132178        975.15942953950832     
           0           0         281   10.500000000000000        5.2500000000000000        1576.1735409120206        2.4235601714665128E-002   1740.2002174132176        975.15942953950821     
           0           0         282   17.500000000000000        8.7500000000000000        1582.7902315181843        2.4363521844180173E-002   870.10010870660881        975.15942953950832     
           0           0         283   1.7500000000000000        3.5000000000000000        1580.2905701757118        2.4308536925289771E-002   3480.4004348264343        975.15942953950855     
           0           0         284   2.6250000000000000        3.5000000000000000        1579.1423895381663        2.4285307836294356E-002   1740.2002174132178        975.15942953950832     
           0           0         285   3.5000000000000000        3.5000000000000000        1577.1459001439198        2.4245964146392761E-002   3480.4004348264343        975.15942953950855     
           0           0         286   14.875000000000000        7.0000000000000000        1578.7156554011817        2.4287596565601664E-002   1740.2002174132178        975.15942953950832     
           0           0         287   4.3750000000000000        3.5000000000000000        1578.1283734495046        2.4266412477282367E-002   1740.2002174132178        975.15942953950832     
           0           0         288   5.2500000000000000        3.5000000000000000        1577.4292471287872        2.4253093428013194E-002   3480.4004348264343        975.15942953950855     
           0           0         289   6.1250000000000000        3.5000000000000000        1577.2461494632284        2.4250267268076345E-002   1740.2002174132178        975.15942953950832     
           0           0         290   15.750000000000000        7.0000000000000000        1580.7218474239855        2.4327834315679191E-002   3480.4004348264343        975.15942953950855     
           0           0         291   12.250000000000000        5.2500000000000000        1577.1371670285016        2.4256821950081150E-002   1740.2002174132176        975.15942953950821     
           0           0         292   7.0000000000000000        3.5000000000000000        1577.2196225709554        2.4249954902698635E-002   3480.4004348264343        975.15942953950855     
           0           0         293   7.8750000000000000        3.5000000000000000        1576.5822578426100        2.4238976796664910E-002   1740.2002174132178        975.15942953950832     
           0           0         294   16.625000000000000        7.0000000000000000        1583.1378141790985        2.4374927282688915E-002   1740.2002174132178        975.15942953950832     
           0           0         295   8.7500000000000000        3.5000000000000000        1575.0446292436984        2.4209714770227070E-002   3480.4004348264343        975.15942953950855     
           0           0         296   14.000000000000000        5.2500000000000000        1580.5139111304024        2.4324351502981970E-002   1740.2002174132176        975.15942953950821     
           0           0         297   9.6250000000000000        3.5000000000000000        1575.8689248515695        2.4226182481329236E-002   1740.2002174132178        975.15942953950832     
           0           0         298   17.500000000000000        7.0000000000000000        1584.7758979814791        2.4406728563140467E-002   1740.2002174132169        975.15942953950855     
           0           0         299   10.500000000000000        3.5000000000000000        1576.3171024372766        2.4235257571937577E-002   3480.4004348264343        975.15942953950855     
           0           0         300   0.0000000000000000        1.7500000000000000        1580.4037125355298        2.4309028407866064E-002   870.10010870660881        975.15942953950832     
           0           0         301   1.7500000000000000        1.7500000000000000        1579.0392811911861        2.4281787373777054E-002   1740.2002174132176        975.15942953950821     
           0           0         302   3.5000000000000000        1.7500000000000000        1578.5342276131259        2.4272597411046419E-002   1740.2002174132176        975.15942953950821     
           0           0         303   11.375000000000000        3.5000000000000000        1576.3428231788412        2.4237055664909853E-002   1740.2002174132178        975.15942953950832     
           0           0         304   15.750000000000000        5.2500000000000000        1583.7221118572895        2.4388526248269517E-002   1740.2002174132176        975.15942953950821     
           0           0         305   5.2500000000000000        1.7500000000000000        1578.9885853491983        2.4282680197670485E-002   1740.2002174132176        975.15942953950821     
           0           0         306   12.250000000000000        3.5000000000000000        1580.0525367286800        2.4311898145312486E-002   3480.4004348264343        975.15942953950855     
           0           0         307   7.0000000000000000        1.7500000000000000        1578.1786471232258        2.4267998754222107E-002   1740.2002174132176        975.15942953950821     
           0           0         308   13.125000000000000        3.5000000000000000        1579.8892003081842        2.4310165002545559E-002   1740.2002174132178        975.15942953950832     
           0           0         309   8.7500000000000000        1.7500000000000000        1577.3241364964181        2.4252538029235226E-002   1740.2002174132176        975.15942953950821     
           0           0         310   14.000000000000000        3.5000000000000000        1579.9368379547432        2.4313159823292074E-002   3480.4004348264343        975.15942953950855     
           0           0         311   17.500000000000000        5.2500000000000000        1588.4599474216502        2.4482885112223182E-002   870.10010870660881        975.15942953950832     
           0           0         312   14.875000000000000        3.5000000000000000        1583.0701719535164        2.4375310907351157E-002   1740.2002174132178        975.15942953950832     
           0           0         313   10.500000000000000        1.7500000000000000        1578.5581881007747        2.4278167678894895E-002   1740.2002174132176        975.15942953950821     
           0           0         314   0.0000000000000000        0.0000000000000000        1577.6969606653433        2.4251906277578495E-002   870.10010870660858        975.15942953950844     
           0           0         315  0.87500000000000000        0.0000000000000000        1578.0461614678486        2.4258031072958236E-002   870.10010870660881        975.15942953950832     
           0           0         316   1.7500000000000000        0.0000000000000000        1577.2359022981302        2.4240949039126367E-002   1740.2002174132169        975.15942953950855     
           0           0         317   2.6250000000000000        0.0000000000000000        1577.6335672171317        2.4249897850584245E-002   870.10010870660881        975.15942953950832     
           0           0         318   3.5000000000000000        0.0000000000000000        1578.3101829224420        2.4264140669542026E-002   1740.2002174132169        975.15942953950855     
           0           0         319   15.750000000000000        3.5000000000000000        1585.8754925774251        2.4432215320833946E-002   3480.4004348264343        975.15942953950855     
           0           0         320   4.3750000000000000        0.0000000000000000        1577.6847532360810        2.4251688255446494E-002   870.10010870660881        975.15942953950832     
           0           0         321   5.2500000000000000        0.0000000000000000        1577.5685304355513        2.4249897058424091E-002   1740.2002174132169        975.15942953950855     
           0           0         322   12.250000000000000        1.7500000000000000        1581.2588231343043        2.4334787750639505E-002   1740.2002174132176        975.15942953950821     
           0           0         323   6.1250000000000000        0.0000000000000000        1578.2865037975098        2.4265120400177871E-002   870.10010870660881        975.15942953950832     
           0           0         324   16.625000000000000        3.5000000000000000        1586.6750449477875        2.4449584949503160E-002   1740.2002174132178        975.15942953950832     
           0           0         325   7.0000000000000000        0.0000000000000000        1578.7988180364621        2.4276609434466623E-002   1740.2002174132169        975.15942953950855     
           0           0         326   7.8750000000000000        0.0000000000000000        1577.8761265586518        2.4257896325718384E-002   870.10010870660881        975.15942953950832     
           0           0         327   17.500000000000000        3.5000000000000000        1587.3642195199120        2.4464772257381549E-002   1740.2002174132169        975.15942953950855     
           0           0         328   8.7500000000000000        0.0000000000000000        1577.7231773067926        2.4255191029585267E-002   1740.2002174132169        975.15942953950855     
           0           0         329   14.000000000000000        1.7500000000000000        1582.3044971479906        2.4358936505389926E-002   1740.2002174132176        975.15942953950821     
           0           0         330   9.6250000000000000        0.0000000000000000        1579.1640671142814        2.4286031283988284E-002   870.10010870660881        975.15942953950832     
           0           0         331   10.500000000000000        0.0000000000000000        1578.2950398274425        2.4269770531267332E-002   1740.2002174132169        975.15942953950855     
           0           0         332   15.750000000000000        1.7500000000000000        1586.8236105918945        2.4451334001821288E-002   1740.2002174132176        975.15942953950821     
           0           0         333   11.375000000000000        0.0000000000000000        1578.1765232726145        2.4268559826500641E-002   870.10010870660881        975.15942953950832     
           0           0         334   12.250000000000000        0.0000000000000000        1582.3910522714152        2.4355242291522111E-002   1740.2002174132169        975.15942953950855     
           0           0         335   13.125000000000000        0.0000000000000000        1583.4935577509150        2.4379464914916424E-002   870.10010870660881        975.15942953950832     
           0           0         336   17.500000000000000        1.7500000000000000        1588.5628653708186        2.4488796262388941E-002   870.10010870660881        975.15942953950832     
           0           0         337   14.000000000000000        0.0000000000000000        1583.4344407673516        2.4379486497505789E-002   1740.2002174132169        975.15942953950855     
           0           0         338   14.875000000000000        0.0000000000000000        1584.4268191800220        2.4400502771670052E-002   870.10010870660881        975.15942953950832     
           0           0         339   15.750000000000000        0.0000000000000000        1586.9544329873233        2.4453180393075098E-002   1740.2002174132169        975.15942953950855     
           0           0         340   16.625000000000000        0.0000000000000000        1588.1942847335304        2.4479607256121940E-002   870.10010870660881        975.15942953950832     
           0           0         341   17.500000000000000        0.0000000000000000        1590.1272108215421        2.4519368167598126E-002   870.10010870660835        975.15942953950832     
