           0           0           1   0.0000000000000000        35.000000000000000        1335.2026530692804        1.8952958508960938E-002   911.64921495566728        984.71050921496771     
           0           0           2  0.87500000000000000        35.000000000000000        1327.8508336475068        1.8784392374114445E-002   911.64921495566728        984.71050921496771     
           0           0           3   0.0000000000000000        33.250000000000000        1371.1679727202102        1.9809471362417109E-002   911.64921495566728        984.71050921496771     
           0           0           4   1.7500000000000000        35.000000000000000        1341.2238885948659        1.9099755960078901E-002   1823.2984299113348        984.71050921496771     
           0           0           5   1.7500000000000000        33.250000000000000        1391.1690418657920        2.0261773968687530E-002   1823.2984299113346        984.71050921496771     
           0           0           6   2.6250000000000000        35.000000000000000        1346.6718483818213        1.9222406426931210E-002   911.64921495566728        984.71050921496771     
           0           0           7   0.0000000000000000        31.500000000000000        1415.5345116182530        2.0824111398861089E-002   1823.2984299113348        984.71050921496783     
           0           0           8   3.5000000000000000        35.000000000000000        1343.0227610139125        1.9141174537486788E-002   1823.2984299113348        984.71050921496771     
           0           0           9  0.87500000000000000        31.500000000000000        1423.9467490064344        2.1009602802709307E-002   1823.2984299113346        984.71050921496771     
           0           0          10   3.5000000000000000        33.250000000000000        1406.8874049870371        2.0616130637556997E-002   1823.2984299113346        984.71050921496771     
           0           0          11   1.7500000000000000        31.500000000000000        1431.4700739002296        2.1174845232203650E-002   3646.5968598226700        984.71050921496771     
           0           0          12   2.6250000000000000        31.500000000000000        1447.4118860715209        2.1522917559219156E-002   1823.2984299113346        984.71050921496771     
           0           0          13   4.3750000000000000        35.000000000000000        1362.1139281746212        1.9579124868416523E-002   911.64921495566728        984.71050921496771     
           0           0          14   3.5000000000000000        31.500000000000000        1458.8850859127110        2.1769958081107967E-002   3646.5968598226700        984.71050921496771     
           0           0          15   0.0000000000000000        29.750000000000000        1476.8107582028140        2.2186054372128030E-002   911.64921495566728        984.71050921496771     
           0           0          16   5.2500000000000000        35.000000000000000        1366.3635833828262        1.9673984511873022E-002   1823.2984299113348        984.71050921496771     
           0           0          17   1.7500000000000000        29.750000000000000        1504.4329992736511        2.2767880320732754E-002   1823.2984299113346        984.71050921496771     
           0           0          18   5.2500000000000000        33.250000000000000        1415.3085857009019        2.0805158953922379E-002   1823.2984299113346        984.71050921496771     
           0           0          19   4.3750000000000000        31.500000000000000        1468.9600018108547        2.1988281090924121E-002   1823.2984299113346        984.71050921496771     
           0           0          20   6.1250000000000000        35.000000000000000        1358.4385793296883        1.9506237727857253E-002   911.64921495566728        984.71050921496771     
           0           0          21   3.5000000000000000        29.750000000000000        1524.4221535417214        2.3181981201934695E-002   1823.2984299113346        984.71050921496771     
           0           0          22   5.2500000000000000        31.500000000000000        1478.7066777938999        2.2204343516724338E-002   3646.5968598226700        984.71050921496771     
           0           0          23   0.0000000000000000        28.000000000000000        1545.4067917096595        2.3642504302789247E-002   1823.2984299113348        984.71050921496783     
           0           0          24   7.0000000000000000        35.000000000000000        1393.8072008256013        2.0314598529616902E-002   1823.2984299113348        984.71050921496771     
           0           0          25   6.1250000000000000        31.500000000000000        1493.4758003543097        2.2503045049566163E-002   1823.2984299113346        984.71050921496771     
           0           0          26  0.87500000000000000        28.000000000000000        1534.5379739500377        2.3419945014712399E-002   1823.2984299113346        984.71050921496771     
           0           0          27   7.0000000000000000        33.250000000000000        1450.7596299518898        2.1585863423508489E-002   1823.2984299113346        984.71050921496771     
           0           0          28   1.7500000000000000        28.000000000000000        1564.9477072803491        2.4035756222110224E-002   3646.5968598226700        984.71050921496771     
           0           0          29   5.2500000000000000        29.750000000000000        1549.7647321290738        2.3700386980147651E-002   1823.2984299113346        984.71050921496771     
           0           0          30   2.6250000000000000        28.000000000000000        1558.9990531982398        2.3916066996302818E-002   1823.2984299113346        984.71050921496771     
           0           0          31   7.0000000000000000        31.500000000000000        1488.1028568523000        2.2399740855915784E-002   3646.5968598226700        984.71050921496771     
           0           0          32   3.5000000000000000        28.000000000000000        1587.3752382497007        2.4485051981194307E-002   3646.5968598226700        984.71050921496771     
           0           0          33   7.8750000000000000        35.000000000000000        1401.3040748973908        2.0473760341392155E-002   911.64921495566728        984.71050921496771     
           0           0          34   4.3750000000000000        28.000000000000000        1587.3159401929317        2.4483383762963752E-002   1823.2984299113346        984.71050921496771     
           0           0          35   7.8750000000000000        31.500000000000000        1532.6747171049208        2.3329306114195633E-002   1823.2984299113346        984.71050921496771     
           0           0          36   8.7500000000000000        35.000000000000000        1410.4700764406221        2.0690109759766498E-002   1823.2984299113348        984.71050921496771     
           0           0          37   0.0000000000000000        26.250000000000000        1582.5124033053196        2.4416392008601576E-002   911.64921495566728        984.71050921496771     
           0           0          38   7.0000000000000000        29.750000000000000        1566.6966886960668        2.4043161201831836E-002   1823.2984299113346        984.71050921496771     
           0           0          39   5.2500000000000000        28.000000000000000        1586.7542092655242        2.4466887215360916E-002   3646.5968598226700        984.71050921496771     
           0           0          40   8.7500000000000000        33.250000000000000        1470.7491084528224        2.2021292222344811E-002   1823.2984299113346        984.71050921496771     
           0           0          41   1.7500000000000000        26.250000000000000        1604.3760457976032        2.4847561957558204E-002   1823.2984299113346        984.71050921496771     
           0           0          42   6.1250000000000000        28.000000000000000        1622.9187332183262        2.5182732168843858E-002   1823.2984299113346        984.71050921496771     
           0           0          43   8.7500000000000000        31.500000000000000        1528.7344607700684        2.3246558959169720E-002   3646.5968598226700        984.71050921496771     
           0           0          44   3.5000000000000000        26.250000000000000        1619.2873865370730        2.5137491613477069E-002   1823.2984299113346        984.71050921496771     
           0           0          45   9.6250000000000000        35.000000000000000        1419.8035927255171        2.0900132383283754E-002   911.64921495566728        984.71050921496771     
           0           0          46   7.0000000000000000        28.000000000000000        1600.6905505125549        2.4743545500388472E-002   3646.5968598226700        984.71050921496771     
           0           0          47   8.7500000000000000        29.750000000000000        1593.4378660981099        2.4577783749827879E-002   1823.2984299113346        984.71050921496771     
           0           0          48   5.2500000000000000        26.250000000000000        1634.7815147555157        2.5434665644019441E-002   1823.2984299113346        984.71050921496771     
           0           0          49   9.6250000000000000        31.500000000000000        1546.4410308376521        2.3611019881351815E-002   1823.2984299113346        984.71050921496771     
           0           0          50   10.500000000000000        35.000000000000000        1429.8915082780481        2.1126486540177802E-002   1823.2984299113348        984.71050921496771     
           0           0          51   0.0000000000000000        24.500000000000000        1630.2075645339103        2.5383288758161860E-002   1823.2984299113348        984.71050921496783     
           0           0          52   7.8750000000000000        28.000000000000000        1633.1382987001266        2.5380817825039991E-002   1823.2984299113346        984.71050921496771     
           0           0          53  0.87500000000000000        24.500000000000000        1635.7032322347366        2.5486878514939987E-002   1823.2984299113346        984.71050921496771     
           0           0          54   1.7500000000000000        24.500000000000000        1648.1227371561179        2.5727641262260542E-002   3646.5968598226700        984.71050921496771     
           0           0          55   10.500000000000000        33.250000000000000        1493.8960122990559        2.2521533249547906E-002   1823.2984299113346        984.71050921496771     
           0           0          56   2.6250000000000000        24.500000000000000        1654.8714951486984        2.5853252533433190E-002   1823.2984299113346        984.71050921496771     
           0           0          57   3.5000000000000000        24.500000000000000        1661.5427439842110        2.5981708898651680E-002   3646.5968598226700        984.71050921496771     
           0           0          58   10.500000000000000        31.500000000000000        1572.8938956694153        2.4155136329758509E-002   3646.5968598226700        984.71050921496771     
           0           0          59   8.7500000000000000        28.000000000000000        1635.0569480730414        2.5416681023276912E-002   3646.5968598226700        984.71050921496771     
           0           0          60   7.0000000000000000        26.250000000000000        1653.7033496030117        2.5797400133913594E-002   1823.2984299113346        984.71050921496771     
           0           0          61   11.375000000000000        35.000000000000000        1457.2142823869310        2.1728461672999078E-002   911.64921495566728        984.71050921496771     
           0           0          62   4.3750000000000000        24.500000000000000        1668.3850769694654        2.6108844265257527E-002   1823.2984299113346        984.71050921496771     
           0           0          63   10.500000000000000        29.750000000000000        1624.7203629243452        2.5195068928915255E-002   1823.2984299113346        984.71050921496771     
           0           0          64   5.2500000000000000        24.500000000000000        1675.2740713957421        2.6239084160636326E-002   3646.5968598226700        984.71050921496771     
           0           0          65   11.375000000000000        31.500000000000000        1587.6397158828549        2.4448702990153282E-002   1823.2984299113346        984.71050921496771     
           0           0          66   9.6250000000000000        28.000000000000000        1658.3451392810243        2.5867857809034101E-002   1823.2984299113346        984.71050921496771     
           0           0          67   6.1250000000000000        24.500000000000000        1677.2864995640521        2.6277071062034807E-002   1823.2984299113346        984.71050921496771     
           0           0          68   0.0000000000000000        22.750000000000000        1659.6552307621027        2.5960715700735298E-002   911.64921495566728        984.71050921496771     
           0           0          69   12.250000000000000        35.000000000000000        1457.7652704858267        2.1754147202675531E-002   1823.2984299113348        984.71050921496771     
           0           0          70   12.250000000000000        33.250000000000000        1549.2597179307693        2.3684044344950608E-002   1823.2984299113346        984.71050921496771     
           0           0          71   1.7500000000000000        22.750000000000000        1671.9652493470846        2.6194052031813641E-002   1823.2984299113346        984.71050921496771     
           0           0          72   8.7500000000000000        26.250000000000000        1658.3538877397837        2.5885339541577138E-002   1823.2984299113346        984.71050921496771     
           0           0          73   7.0000000000000000        24.500000000000000        1674.2156966892230        2.6218674652998979E-002   3646.5968598226700        984.71050921496771     
           0           0          74   10.500000000000000        28.000000000000000        1658.8433348472520        2.5879479103614520E-002   3646.5968598226700        984.71050921496771     
           0           0          75   3.5000000000000000        22.750000000000000        1679.3545796200415        2.6332540039500661E-002   1823.2984299113346        984.71050921496771     
           0           0          76   12.250000000000000        31.500000000000000        1613.5116531830372        2.4965313687013806E-002   3646.5968598226700        984.71050921496771     
           0           0          77   7.8750000000000000        24.500000000000000        1676.2926120508414        2.6259716221697604E-002   1823.2984299113346        984.71050921496771     
           0           0          78   13.125000000000000        35.000000000000000        1492.7831178191930        2.2520469511499126E-002   911.64921495566728        984.71050921496771     
           0           0          79   5.2500000000000000        22.750000000000000        1681.6838427721577        2.6373293864783518E-002   1823.2984299113346        984.71050921496771     
           0           0          80   12.250000000000000        29.750000000000000        1654.4304201290788        2.5771147108094770E-002   1823.2984299113346        984.71050921496771     
           0           0          81   11.375000000000000        28.000000000000000        1660.4423431197358        2.5913270582281222E-002   1823.2984299113346        984.71050921496771     
           0           0          82   13.125000000000000        31.500000000000000        1656.6032839702077        2.5803998481258889E-002   1823.2984299113346        984.71050921496771     
           0           0          83   10.500000000000000        26.250000000000000        1653.8099800640086        2.5795916512456388E-002   1823.2984299113346        984.71050921496771     
           0           0          84   8.7500000000000000        24.500000000000000        1675.1192170075999        2.6236440287157818E-002   3646.5968598226700        984.71050921496771     
           0           0          85   0.0000000000000000        21.000000000000000        1694.5617780515277        2.6645582114477779E-002   1823.2984299113348        984.71050921496783     
           0           0          86   14.000000000000000        35.000000000000000        1569.3905361753941        2.4097996127770596E-002   1823.2984299113348        984.71050921496771     
           0           0          87  0.87500000000000000        21.000000000000000        1695.6008014642707        2.6663870314020087E-002   1823.2984299113346        984.71050921496771     
           0           0          88   14.000000000000000        33.250000000000000        1605.1625866183645        2.4823381992669834E-002   1823.2984299113346        984.71050921496771     
           0           0          89   7.0000000000000000        22.750000000000000        1674.4635678840921        2.6233879434642230E-002   1823.2984299113346        984.71050921496771     
           0           0          90   12.250000000000000        28.000000000000000        1657.5035415286040        2.5859355055474806E-002   3646.5968598226700        984.71050921496771     
           0           0          91   1.7500000000000000        21.000000000000000        1699.2752751611079        2.6731953608932560E-002   3646.5968598226700        984.71050921496771     
           0           0          92   9.6250000000000000        24.500000000000000        1670.9086700334926        2.6153768573754805E-002   1823.2984299113346        984.71050921496771     
           0           0          93   2.6250000000000000        21.000000000000000        1699.0716937755133        2.6727535409971449E-002   1823.2984299113346        984.71050921496771     
           0           0          94   14.000000000000000        31.500000000000000        1674.0810211808489        2.6156569981138432E-002   3646.5968598226700        984.71050921496771     
           0           0          95   3.5000000000000000        21.000000000000000        1701.4139710818872        2.6771101323253495E-002   3646.5968598226700        984.71050921496771     
           0           0          96   4.3750000000000000        21.000000000000000        1698.4874025946790        2.6715615278345310E-002   1823.2984299113346        984.71050921496771     
           0           0          97   10.500000000000000        24.500000000000000        1662.7073729172300        2.5991555870610999E-002   3646.5968598226700        984.71050921496771     
           0           0          98   13.125000000000000        28.000000000000000        1648.8877887174756        2.5693969781730490E-002   1823.2984299113346        984.71050921496771     
           0           0          99   14.875000000000000        35.000000000000000        1580.1335018939417        2.4362875956411501E-002   911.64921495566728        984.71050921496771     
           0           0         100   14.000000000000000        29.750000000000000        1649.6068630851823        2.5685168998627626E-002   1823.2984299113346        984.71050921496771     
           0           0         101   5.2500000000000000        21.000000000000000        1694.4503680876614        2.6637947357879766E-002   3646.5968598226700        984.71050921496771     
           0           0         102   8.7500000000000000        22.750000000000000        1664.6283258671526        2.6039034531080217E-002   1823.2984299113346        984.71050921496771     
           0           0         103   12.250000000000000        26.250000000000000        1635.8180812817131        2.5441964326899692E-002   1823.2984299113346        984.71050921496771     
           0           0         104   6.1250000000000000        21.000000000000000        1689.0027036976676        2.6533639793916479E-002   1823.2984299113346        984.71050921496771     
           0           0         105   14.875000000000000        31.500000000000000        1675.5025676249713        2.6181519719238610E-002   1823.2984299113346        984.71050921496771     
           0           0         106   11.375000000000000        24.500000000000000        1649.3933333609596        2.5731976417366031E-002   1823.2984299113346        984.71050921496771     
           0           0         107   14.000000000000000        28.000000000000000        1620.1019435631861        2.5125709596296775E-002   3646.5968598226700        984.71050921496771     
           0           0         108   7.0000000000000000        21.000000000000000        1680.5294645195406        2.6373231787059200E-002   3646.5968598226700        984.71050921496771     
           0           0         109   0.0000000000000000        19.250000000000000        1701.8106970580388        2.6777663566819432E-002   911.64921495566728        984.71050921496771     
           0           0         110   15.750000000000000        35.000000000000000        1700.2372453959226        2.6697765760354517E-002   1823.2984299113348        984.71050921496771     
           0           0         111   15.750000000000000        33.250000000000000        1690.2051458813355        2.6453919138852262E-002   1823.2984299113346        984.71050921496771     
           0           0         112   1.7500000000000000        19.250000000000000        1700.3521065510527        2.6749927495755523E-002   1823.2984299113346        984.71050921496771     
           0           0         113   7.8750000000000000        21.000000000000000        1673.8662817090099        2.6241295212797739E-002   1823.2984299113346        984.71050921496771     
           0           0         114   3.5000000000000000        19.250000000000000        1694.4391759123237        2.6636746331106582E-002   1823.2984299113346        984.71050921496771     
           0           0         115   10.500000000000000        22.750000000000000        1643.6772890427064        2.5625065866035652E-002   1823.2984299113346        984.71050921496771     
           0           0         116   15.750000000000000        31.500000000000000        1711.1813348646440        2.6881185224918606E-002   3646.5968598226700        984.71050921496771     
           0           0         117   12.250000000000000        24.500000000000000        1631.9366556950208        2.5387698728121404E-002   3646.5968598226700        984.71050921496771     
           0           0         118   14.875000000000000        28.000000000000000        1605.0708557396745        2.4829305326207814E-002   1823.2984299113346        984.71050921496771     
           0           0         119   14.000000000000000        26.250000000000000        1601.7030562054401        2.4764219856164546E-002   1823.2984299113346        984.71050921496771     
           0           0         120   8.7500000000000000        21.000000000000000        1664.9609229674450        2.6063641030880717E-002   3646.5968598226700        984.71050921496771     
           0           0         121   15.750000000000000        29.750000000000000        1594.5421132564029        2.4595939821934247E-002   1823.2984299113346        984.71050921496771     
           0           0         122   5.2500000000000000        19.250000000000000        1680.9072019337796        2.6378395694290634E-002   1823.2984299113346        984.71050921496771     
           0           0         123   16.625000000000000        35.000000000000000        2004.8857797545327        3.2276017592036285E-002   911.64921495566728        984.71050921496771     
           0           0         124   13.125000000000000        24.500000000000000        1614.5303562542269        2.5040033886178589E-002   1823.2984299113346        984.71050921496771     
           0           0         125   9.6250000000000000        21.000000000000000        1653.5532021600120        2.5838295027912392E-002   1823.2984299113346        984.71050921496771     
           0           0         126   16.625000000000000        31.500000000000000        1622.7447607542222        2.5188481245563027E-002   1823.2984299113346        984.71050921496771     
           0           0         127   7.0000000000000000        19.250000000000000        1666.5583162191772        2.6100675725001535E-002   1823.2984299113346        984.71050921496771     
           0           0         128   15.750000000000000        28.000000000000000        1562.8914150988030        2.3968421384133156E-002   3646.5968598226700        984.71050921496771     
           0           0         129   12.250000000000000        22.750000000000000        1617.5750942156117        2.5107805311485498E-002   1823.2984299113346        984.71050921496771     
           0           0         130   14.000000000000000        24.500000000000000        1594.5040111802509        2.4633426948068311E-002   3646.5968598226700        984.71050921496771     
           0           0         131   17.500000000000000        35.000000000000000        2451.3500292426525        3.9237871995544314E-002   911.64921495566728        984.71050921496783     
           0           0         132   0.0000000000000000        17.500000000000000        1719.1489914042875        2.7110297003490470E-002   1823.2984299113348        984.71050921496783     
           0           0         133   10.500000000000000        21.000000000000000        1639.1234035525304        2.5551461436498737E-002   3646.5968598226700        984.71050921496771     
           0           0         134  0.87500000000000000        17.500000000000000        1713.9458865561098        2.7014440696635528E-002   1823.2984299113346        984.71050921496771     
           0           0         135   1.7500000000000000        17.500000000000000        1710.1366573260061        2.6944908931702240E-002   3646.5968598226700        984.71050921496771     
           0           0         136   17.500000000000000        33.250000000000000        1780.5045410308282        2.8226947561631136E-002   911.64921495566728        984.71050921496771     
           0           0         137   2.6250000000000000        17.500000000000000        1704.5055130802550        2.6838554154875204E-002   1823.2984299113346        984.71050921496771     
           0           0         138   17.500000000000000        31.500000000000000        1453.9977281348874        2.1600549534645786E-002   1823.2984299113348        984.71050921496783     
           0           0         139   3.5000000000000000        17.500000000000000        1697.6458687431832        2.6708011978719432E-002   3646.5968598226700        984.71050921496771     
           0           0         140   8.7500000000000000        19.250000000000000        1649.8707266040337        2.5767732465412280E-002   1823.2984299113346        984.71050921496771     
           0           0         141   15.750000000000000        26.250000000000000        1565.0851463692086        2.4014448686378902E-002   1823.2984299113346        984.71050921496771     
           0           0         142   4.3750000000000000        17.500000000000000        1690.2859755668496        2.6569355079327322E-002   1823.2984299113346        984.71050921496771     
           0           0         143   11.375000000000000        21.000000000000000        1627.7448552157450        2.5325430201290779E-002   1823.2984299113346        984.71050921496771     
           0           0         144   16.625000000000000        28.000000000000000        1545.5516328239664        2.3608595123901475E-002   1823.2984299113346        984.71050921496771     
           0           0         145   14.875000000000000        24.500000000000000        1580.3454555875444        2.4338244304242033E-002   1823.2984299113346        984.71050921496771     
           0           0         146   17.500000000000000        29.750000000000000        1472.8624975879338        2.2063711703187900E-002   911.64921495566728        984.71050921496771     
           0           0         147   5.2500000000000000        17.500000000000000        1679.6545500180525        2.6367276668972067E-002   3646.5968598226700        984.71050921496771     
           0           0         148   6.1250000000000000        17.500000000000000        1672.4716719659255        2.6225767840962158E-002   1823.2984299113346        984.71050921496771     
           0           0         149   14.000000000000000        22.750000000000000        1591.2881268569263        2.4569451967390403E-002   1823.2984299113346        984.71050921496771     
           0           0         150   12.250000000000000        21.000000000000000        1612.9100573879989        2.5027297324202655E-002   3646.5968598226700        984.71050921496771     
           0           0         151   7.0000000000000000        17.500000000000000        1664.1209103672520        2.6058708371305583E-002   3646.5968598226700        984.71050921496771     
           0           0         152   17.500000000000000        28.000000000000000        1526.6822391767118        2.3209923448166799E-002   1823.2984299113348        984.71050921496783     
           0           0         153   10.500000000000000        19.250000000000000        1629.8275932276958        2.5367458154488501E-002   1823.2984299113346        984.71050921496771     
           0           0         154   15.750000000000000        24.500000000000000        1567.1666146819739        2.4058583591560288E-002   3646.5968598226700        984.71050921496771     
           0           0         155   7.8750000000000000        17.500000000000000        1654.5786826361857        2.5870988275706358E-002   1823.2984299113346        984.71050921496771     
           0           0         156   13.125000000000000        21.000000000000000        1604.3869791248292        2.4848836299776106E-002   1823.2984299113346        984.71050921496771     
           0           0         157   0.0000000000000000        15.750000000000000        1710.9452668309868        2.6939714632189138E-002   911.64921495566728        984.71050921496771     
           0           0         158   1.7500000000000000        15.750000000000000        1696.9744887485367        2.6682865407097821E-002   1823.2984299113346        984.71050921496771     
           0           0         159   3.5000000000000000        15.750000000000000        1682.1780839744997        2.6401774614783623E-002   1823.2984299113346        984.71050921496771     
           0           0         160   17.500000000000000        26.250000000000000        1548.6659494306814        2.3654624923013311E-002   911.64921495566728        984.71050921496771     
           0           0         161   8.7500000000000000        17.500000000000000        1644.2066831656675        2.5664536724555133E-002   3646.5968598226700        984.71050921496771     
           0           0         162   16.625000000000000        24.500000000000000        1557.6535676116287        2.3852647132560512E-002   1823.2984299113346        984.71050921496771     
           0           0         163   14.000000000000000        21.000000000000000        1593.3405613286959        2.4618187460921270E-002   3646.5968598226700        984.71050921496771     
           0           0         164   12.250000000000000        19.250000000000000        1610.1854299403753        2.4969571299702065E-002   1823.2984299113346        984.71050921496771     
           0           0         165   15.750000000000000        22.750000000000000        1575.7677116286623        2.4235357417938849E-002   1823.2984299113346        984.71050921496771     
           0           0         166   5.2500000000000000        15.750000000000000        1667.1213904238225        2.6111171567970583E-002   1823.2984299113346        984.71050921496771     
           0           0         167   9.6250000000000000        17.500000000000000        1637.4511579478535        2.5527061144073358E-002   1823.2984299113346        984.71050921496771     
           0           0         168   17.500000000000000        24.500000000000000        1548.4705144203076        2.3651822721684319E-002   1823.2984299113348        984.71050921496783     
           0           0         169   10.500000000000000        17.500000000000000        1627.3556677322938        2.5324474339458981E-002   3646.5968598226700        984.71050921496771     
           0           0         170   14.875000000000000        21.000000000000000        1589.7878691839751        2.4535105783499593E-002   1823.2984299113346        984.71050921496771     
           0           0         171   7.0000000000000000        15.750000000000000        1651.5769559267214        2.5804932553539418E-002   1823.2984299113346        984.71050921496771     
           0           0         172   11.375000000000000        17.500000000000000        1619.1514604262811        2.5156489071870600E-002   1823.2984299113346        984.71050921496771     
           0           0         173   0.0000000000000000        14.000000000000000        1708.8192513746299        2.6895497744683881E-002   1823.2984299113348        984.71050921496783     
           0           0         174  0.87500000000000000        14.000000000000000        1700.8287473526739        2.6751008318447796E-002   1823.2984299113346        984.71050921496771     
           0           0         175   14.000000000000000        19.250000000000000        1599.9840595172029        2.4748187912721209E-002   1823.2984299113346        984.71050921496771     
           0           0         176   1.7500000000000000        14.000000000000000        1692.2480954933460        2.6592499947211631E-002   3646.5968598226700        984.71050921496771     
           0           0         177   15.750000000000000        21.000000000000000        1584.7940783001579        2.4421365330957290E-002   3646.5968598226700        984.71050921496771     
           0           0         178   8.7500000000000000        15.750000000000000        1637.9127337155846        2.5531547052711531E-002   1823.2984299113346        984.71050921496771     
           0           0         179   2.6250000000000000        14.000000000000000        1686.0258927643476        2.6473727270541886E-002   1823.2984299113346        984.71050921496771     
           0           0         180   3.5000000000000000        14.000000000000000        1676.9027571742254        2.6298429009858629E-002   3646.5968598226700        984.71050921496771     
           0           0         181   12.250000000000000        17.500000000000000        1610.3436504727915        2.4974659581517074E-002   3646.5968598226700        984.71050921496771     
           0           0         182   17.500000000000000        22.750000000000000        1560.2597690855782        2.3894129641358876E-002   911.64921495566728        984.71050921496771     
           0           0         183   4.3750000000000000        14.000000000000000        1668.4723385012148        2.6133960281666563E-002   1823.2984299113346        984.71050921496771     
           0           0         184   5.2500000000000000        14.000000000000000        1660.6137773578648        2.5979947928000197E-002   3646.5968598226700        984.71050921496771     
           0           0         185   16.625000000000000        21.000000000000000        1579.2266622652483        2.4296165003593041E-002   1823.2984299113346        984.71050921496771     
           0           0         186   6.1250000000000000        14.000000000000000        1653.0571846248913        2.5833826555026924E-002   1823.2984299113346        984.71050921496771     
           0           0         187   13.125000000000000        17.500000000000000        1606.7140098954185        2.4893793262279206E-002   1823.2984299113346        984.71050921496771     
           0           0         188   10.500000000000000        15.750000000000000        1624.3880112660054        2.5257776229446756E-002   1823.2984299113346        984.71050921496771     
           0           0         189   7.0000000000000000        14.000000000000000        1644.3783713477244        2.5663732988888865E-002   3646.5968598226700        984.71050921496771     
           0           0         190   15.750000000000000        19.250000000000000        1593.1933302142431        2.4590791114382858E-002   1823.2984299113346        984.71050921496771     
           0           0         191   17.500000000000000        21.000000000000000        1574.9137166010680        2.4196147137307965E-002   1823.2984299113348        984.71050921496783     
           0           0         192   14.000000000000000        17.500000000000000        1604.6066859479952        2.4842255220226234E-002   3646.5968598226700        984.71050921496771     
           0           0         193   7.8750000000000000        14.000000000000000        1640.2761042467109        2.5578813435499205E-002   1823.2984299113346        984.71050921496771     
           0           0         194   0.0000000000000000        12.250000000000000        1691.1328609959285        2.6546274296535270E-002   911.64921495566728        984.71050921496771     
           0           0         195   8.7500000000000000        14.000000000000000        1635.3992076861605        2.5478410704415335E-002   3646.5968598226700        984.71050921496771     
           0           0         196   12.250000000000000        15.750000000000000        1613.5243419441201        2.5031840931060433E-002   1823.2984299113346        984.71050921496771     
           0           0         197   1.7500000000000000        12.250000000000000        1678.9769949324150        2.6320830510212008E-002   1823.2984299113346        984.71050921496771     
           0           0         198   14.875000000000000        17.500000000000000        1601.7208806739463        2.4775831680645923E-002   1823.2984299113346        984.71050921496771     
           0           0         199   3.5000000000000000        12.250000000000000        1665.2557066696488        2.6056591017972301E-002   1823.2984299113346        984.71050921496771     
           0           0         200   9.6250000000000000        14.000000000000000        1628.9252339378122        2.5347947986766227E-002   1823.2984299113346        984.71050921496771     
           0           0         201   5.2500000000000000        12.250000000000000        1650.1707216780160        2.5764794589249566E-002   1823.2984299113346        984.71050921496771     
           0           0         202   10.500000000000000        14.000000000000000        1622.1000939135342        2.5209704112718577E-002   3646.5968598226700        984.71050921496771     
           0           0         203   15.750000000000000        17.500000000000000        1599.5477833304249        2.4723507156685823E-002   3646.5968598226700        984.71050921496771     
           0           0         204   17.500000000000000        19.250000000000000        1587.4835215983378        2.4452443957229002E-002   911.64921495566728        984.71050921496771     
           0           0         205   7.0000000000000000        12.250000000000000        1640.8746595935265        2.5579864069479673E-002   1823.2984299113346        984.71050921496771     
           0           0         206   14.000000000000000        15.750000000000000        1610.3560966423338        2.4954388922711568E-002   1823.2984299113346        984.71050921496771     
           0           0         207   11.375000000000000        14.000000000000000        1617.7930190953139        2.5120626254980273E-002   1823.2984299113346        984.71050921496771     
           0           0         208   16.625000000000000        17.500000000000000        1599.3058248079333        2.4706495644641151E-002   1823.2984299113346        984.71050921496771     
           0           0         209   12.250000000000000        14.000000000000000        1615.3715884278533        2.5067253349172990E-002   3646.5968598226700        984.71050921496771     
           0           0         210   8.7500000000000000        12.250000000000000        1633.3326186179165        2.5427201110195544E-002   1823.2984299113346        984.71050921496771     
           0           0         211   0.0000000000000000        10.500000000000000        1678.8174747969992        2.6304689996509919E-002   1823.2984299113348        984.71050921496783     
           0           0         212  0.87500000000000000        10.500000000000000        1674.7413030549710        2.6227687216474175E-002   1823.2984299113346        984.71050921496771     
           0           0         213   1.7500000000000000        10.500000000000000        1669.6202323985262        2.6129674602436610E-002   3646.5968598226700        984.71050921496771     
           0           0         214   2.6250000000000000        10.500000000000000        1662.7792135624229        2.5998347784862010E-002   1823.2984299113346        984.71050921496771     
           0           0         215   3.5000000000000000        10.500000000000000        1656.3151136488930        2.5873135428110830E-002   3646.5968598226700        984.71050921496771     
           0           0         216   17.500000000000000        17.500000000000000        1598.2600312745139        2.4673919703842910E-002   1823.2984299113348        984.71050921496783     
           0           0         217   13.125000000000000        14.000000000000000        1614.7864995222415        2.5049143211468443E-002   1823.2984299113346        984.71050921496771     
           0           0         218   15.750000000000000        15.750000000000000        1609.3045186799793        2.4917542970986754E-002   1823.2984299113346        984.71050921496771     
           0           0         219   4.3750000000000000        10.500000000000000        1649.5326056665028        2.5743225235540308E-002   1823.2984299113346        984.71050921496771     
           0           0         220   5.2500000000000000        10.500000000000000        1640.8935269193191        2.5576277560334353E-002   3646.5968598226700        984.71050921496771     
           0           0         221   10.500000000000000        12.250000000000000        1623.2954286431514        2.5224945633320076E-002   1823.2984299113346        984.71050921496771     
           0           0         222   14.000000000000000        14.000000000000000        1612.9040425728972        2.5006449417659008E-002   3646.5968598226700        984.71050921496771     
           0           0         223   6.1250000000000000        10.500000000000000        1639.9673407601526        2.5555818215434924E-002   1823.2984299113346        984.71050921496771     
           0           0         224   7.0000000000000000        10.500000000000000        1637.3005315675721        2.5500735989236419E-002   3646.5968598226700        984.71050921496771     
           0           0         225   14.875000000000000        14.000000000000000        1614.2517738938056        2.5026319899542255E-002   1823.2984299113346        984.71050921496771     
           0           0         226   7.8750000000000000        10.500000000000000        1632.9884920959014        2.5415294230985205E-002   1823.2984299113346        984.71050921496771     
           0           0         227   12.250000000000000        12.250000000000000        1619.8305677998749        2.5149390512491088E-002   1823.2984299113346        984.71050921496771     
           0           0         228   17.500000000000000        15.750000000000000        1610.2579522158287        2.4917004912020133E-002   911.64921495566728        984.71050921496771     
           0           0         229   8.7500000000000000        10.500000000000000        1629.5262404715534        2.5346441174682911E-002   3646.5968598226700        984.71050921496771     
           0           0         230   15.750000000000000        14.000000000000000        1616.1291216121053        2.5055736372855575E-002   3646.5968598226700        984.71050921496771     
           0           0         231   0.0000000000000000        8.7500000000000000        1668.9743221114327        2.6102620619304469E-002   911.64921495566728        984.71050921496771     
           0           0         232   1.7500000000000000        8.7500000000000000        1658.8743386986016        2.5909276892991183E-002   1823.2984299113346        984.71050921496771     
           0           0         233   9.6250000000000000        10.500000000000000        1625.6185944509932        2.5267734052731021E-002   1823.2984299113346        984.71050921496771     
           0           0         234   3.5000000000000000        8.7500000000000000        1647.4880616599016        2.5690733503344547E-002   1823.2984299113346        984.71050921496771     
           0           0         235   10.500000000000000        10.500000000000000        1622.6602077859834        2.5207354450445956E-002   3646.5968598226700        984.71050921496771     
           0           0         236   14.000000000000000        12.250000000000000        1619.8827575660139        2.5141127142947861E-002   1823.2984299113346        984.71050921496771     
           0           0         237   5.2500000000000000        8.7500000000000000        1638.9377360259368        2.5525882351926928E-002   1823.2984299113346        984.71050921496771     
           0           0         238   16.625000000000000        14.000000000000000        1616.8154158130476        2.5060968699117614E-002   1823.2984299113346        984.71050921496771     
           0           0         239   11.375000000000000        10.500000000000000        1622.6444790205608        2.5204420576270564E-002   1823.2984299113346        984.71050921496771     
           0           0         240   7.0000000000000000        8.7500000000000000        1635.8328668662803        2.5462313453289524E-002   1823.2984299113346        984.71050921496771     
           0           0         241   17.500000000000000        14.000000000000000        1617.7790651281402        2.5073142254797058E-002   1823.2984299113348        984.71050921496783     
           0           0         242   12.250000000000000        10.500000000000000        1621.8155979340127        2.5186387308709136E-002   3646.5968598226700        984.71050921496771     
           0           0         243   15.750000000000000        12.250000000000000        1623.3662808676172        2.5199432783393060E-002   1823.2984299113346        984.71050921496771     
           0           0         244   8.7500000000000000        8.7500000000000000        1629.6292801588493        2.5340056878108225E-002   1823.2984299113346        984.71050921496771     
           0           0         245   13.125000000000000        10.500000000000000        1621.9809125275331        2.5186375673397411E-002   1823.2984299113346        984.71050921496771     
           0           0         246   0.0000000000000000        7.0000000000000000        1655.9955184481373        2.5841485558482959E-002   1823.2984299113348        984.71050921496783     
           0           0         247  0.87500000000000000        7.0000000000000000        1651.9300455404605        2.5763855474973233E-002   1823.2984299113346        984.71050921496771     
           0           0         248   1.7500000000000000        7.0000000000000000        1646.9085237434726        2.5667479104557252E-002   3646.5968598226700        984.71050921496771     
           0           0         249   2.6250000000000000        7.0000000000000000        1643.8558483293109        2.5609662016340268E-002   1823.2984299113346        984.71050921496771     
           0           0         250   3.5000000000000000        7.0000000000000000        1639.2515498056534        2.5520974581459212E-002   3646.5968598226700        984.71050921496771     
           0           0         251   14.000000000000000        10.500000000000000        1623.2865739407775        2.5207540472327011E-002   3646.5968598226700        984.71050921496771     
           0           0         252   10.500000000000000        8.7500000000000000        1626.1231604015302        2.5269341194316022E-002   1823.2984299113346        984.71050921496771     
           0           0         253   4.3750000000000000        7.0000000000000000        1636.3905855827625        2.5465691740774038E-002   1823.2984299113346        984.71050921496771     
           0           0         254   5.2500000000000000        7.0000000000000000        1634.9768518574972        2.5436768330589388E-002   3646.5968598226700        984.71050921496771     
           0           0         255   6.1250000000000000        7.0000000000000000        1632.9513972377331        2.5396486821632213E-002   1823.2984299113346        984.71050921496771     
           0           0         256   14.875000000000000        10.500000000000000        1625.5561320093395        2.5248836212748097E-002   1823.2984299113346        984.71050921496771     
           0           0         257   17.500000000000000        12.250000000000000        1626.3845464522785        2.5246350581633256E-002   911.64921495566728        984.71050921496771     
           0           0         258   7.0000000000000000        7.0000000000000000        1631.0618542686641        2.5360954599604486E-002   3646.5968598226700        984.71050921496771     
           0           0         259   12.250000000000000        8.7500000000000000        1625.2073579844869        2.5249956087099533E-002   1823.2984299113346        984.71050921496771     
           0           0         260   7.8750000000000000        7.0000000000000000        1629.4906087841289        2.5330595505661493E-002   1823.2984299113346        984.71050921496771     
           0           0         261   15.750000000000000        10.500000000000000        1627.4657949058105        2.5283527514527695E-002   3646.5968598226700        984.71050921496771     
           0           0         262   8.7500000000000000        7.0000000000000000        1627.4311952901342        2.5290435594116464E-002   3646.5968598226700        984.71050921496771     
           0           0         263   16.625000000000000        10.500000000000000        1630.0494278963613        2.5329574408276535E-002   1823.2984299113346        984.71050921496771     
           0           0         264   9.6250000000000000        7.0000000000000000        1626.6314037807865        2.5275188619752968E-002   1823.2984299113346        984.71050921496771     
           0           0         265   14.000000000000000        8.7500000000000000        1629.4142751262195        2.5326072047522019E-002   1823.2984299113346        984.71050921496771     
           0           0         266   0.0000000000000000        5.2500000000000000        1647.6231611849053        2.5673081187304013E-002   911.64921495566728        984.71050921496771     
           0           0         267   1.7500000000000000        5.2500000000000000        1641.7083928749098        2.5559780175601361E-002   1823.2984299113346        984.71050921496771     
           0           0         268   10.500000000000000        7.0000000000000000        1626.2690206560087        2.5267350041158987E-002   3646.5968598226700        984.71050921496771     
           0           0         269   3.5000000000000000        5.2500000000000000        1636.6765449080162        2.5462768906791878E-002   1823.2984299113346        984.71050921496771     
           0           0         270   17.500000000000000        10.500000000000000        1631.9663960944551        2.5362509470183404E-002   1823.2984299113348        984.71050921496783     
           0           0         271   5.2500000000000000        5.2500000000000000        1634.4224936602534        2.5419165336819705E-002   1823.2984299113346        984.71050921496771     
           0           0         272   11.375000000000000        7.0000000000000000        1626.8800340637974        2.5279450340100589E-002   1823.2984299113346        984.71050921496771     
           0           0         273   7.0000000000000000        5.2500000000000000        1631.3522379548476        2.5360804481288378E-002   1823.2984299113346        984.71050921496771     
           0           0         274   12.250000000000000        7.0000000000000000        1626.1322217032243        2.5266113468792050E-002   3646.5968598226700        984.71050921496771     
           0           0         275   15.750000000000000        8.7500000000000000        1632.8278949496835        2.5389183823456382E-002   1823.2984299113346        984.71050921496771     
           0           0         276   13.125000000000000        7.0000000000000000        1629.4355095443964        2.5327909004003848E-002   1823.2984299113346        984.71050921496771     
           0           0         277   8.7500000000000000        5.2500000000000000        1628.6418716164414        2.5309266439818085E-002   1823.2984299113346        984.71050921496771     
           0           0         278   14.000000000000000        7.0000000000000000        1632.2367703861262        2.5380561294439264E-002   3646.5968598226700        984.71050921496771     
           0           0         279   0.0000000000000000        3.5000000000000000        1637.8428027526757        2.5473508021246177E-002   1823.2984299113348        984.71050921496783     
           0           0         280  0.87500000000000000        3.5000000000000000        1637.0047651419318        2.5458440612640406E-002   1823.2984299113346        984.71050921496771     
           0           0         281   10.500000000000000        5.2500000000000000        1629.1231100631944        2.5318439813454923E-002   1823.2984299113346        984.71050921496771     
           0           0         282   17.500000000000000        8.7500000000000000        1638.6216431922471        2.5495906322419638E-002   911.64921495566728        984.71050921496771     
           0           0         283   1.7500000000000000        3.5000000000000000        1635.0285933311570        2.5420568072613059E-002   3646.5968598226700        984.71050921496771     
           0           0         284   2.6250000000000000        3.5000000000000000        1633.3741213719779        2.5388374102766433E-002   1823.2984299113346        984.71050921496771     
           0           0         285   3.5000000000000000        3.5000000000000000        1631.0663226532063        2.5344347402388674E-002   3646.5968598226700        984.71050921496771     
           0           0         286   14.875000000000000        7.0000000000000000        1633.0720198511724        2.5396119500376232E-002   1823.2984299113346        984.71050921496771     
           0           0         287   4.3750000000000000        3.5000000000000000        1631.4753811864900        2.5353168795015396E-002   1823.2984299113346        984.71050921496771     
           0           0         288   5.2500000000000000        3.5000000000000000        1630.7223627056678        2.5339329976411674E-002   3646.5968598226700        984.71050921496771     
           0           0         289   6.1250000000000000        3.5000000000000000        1630.1600435731596        2.5329441414995615E-002   1823.2984299113346        984.71050921496771     
           0           0         290   15.750000000000000        7.0000000000000000        1635.6481028661060        2.5445899849938915E-002   3646.5968598226700        984.71050921496771     
           0           0         291   12.250000000000000        5.2500000000000000        1630.9252733580097        2.5355395132789775E-002   1823.2984299113346        984.71050921496771     
           0           0         292   7.0000000000000000        3.5000000000000000        1629.9260142905273        2.5325241738188543E-002   3646.5968598226700        984.71050921496771     
           0           0         293   7.8750000000000000        3.5000000000000000        1629.3565567357007        2.5316181680670003E-002   1823.2984299113346        984.71050921496771     
           0           0         294   16.625000000000000        7.0000000000000000        1638.8921699322764        2.5507067658290965E-002   1823.2984299113346        984.71050921496771     
           0           0         295   8.7500000000000000        3.5000000000000000        1627.8871737474044        2.5289516253490928E-002   3646.5968598226700        984.71050921496771     
           0           0         296   14.000000000000000        5.2500000000000000        1635.1507130796367        2.5437191768932312E-002   1823.2984299113346        984.71050921496771     
           0           0         297   9.6250000000000000        3.5000000000000000        1628.8430076198028        2.5308152985423021E-002   1823.2984299113346        984.71050921496771     
           0           0         298   17.500000000000000        7.0000000000000000        1641.5611078266381        2.5557382059820517E-002   1823.2984299113348        984.71050921496783     
           0           0         299   10.500000000000000        3.5000000000000000        1629.6596507327545        2.5324288103972740E-002   3646.5968598226700        984.71050921496771     
           0           0         300   0.0000000000000000        1.7500000000000000        1636.0837471918026        2.5438198315743506E-002   911.64921495566728        984.71050921496771     
           0           0         301   1.7500000000000000        1.7500000000000000        1634.0829185142982        2.5399600150582263E-002   1823.2984299113346        984.71050921496771     
           0           0         302   3.5000000000000000        1.7500000000000000        1632.8592707117655        2.5376924318154432E-002   1823.2984299113346        984.71050921496771     
           0           0         303   11.375000000000000        3.5000000000000000        1629.9051869104442        2.5330619820626489E-002   1823.2984299113346        984.71050921496771     
           0           0         304   15.750000000000000        5.2500000000000000        1639.6949433527675        2.5525072050540939E-002   1823.2984299113346        984.71050921496771     
           0           0         305   5.2500000000000000        1.7500000000000000        1632.8606381734705        2.5378079114349771E-002   1823.2984299113346        984.71050921496771     
           0           0         306   12.250000000000000        3.5000000000000000        1633.8004947538252        2.5406931959967519E-002   3646.5968598226700        984.71050921496771     
           0           0         307   7.0000000000000000        1.7500000000000000        1632.0387205417051        2.5363975902319525E-002   1823.2984299113346        984.71050921496771     
           0           0         308   13.125000000000000        3.5000000000000000        1634.3969980770487        2.5420289250123518E-002   1823.2984299113346        984.71050921496771     
           0           0         309   8.7500000000000000        1.7500000000000000        1631.1932738552828        2.5349732386923556E-002   1823.2984299113346        984.71050921496771     
           0           0         310   14.000000000000000        3.5000000000000000        1635.0282651925320        2.5435009917261549E-002   3646.5968598226700        984.71050921496771     
           0           0         311   17.500000000000000        5.2500000000000000        1645.6803805982624        2.5640359171056844E-002   911.64921495566728        984.71050921496771     
           0           0         312   14.875000000000000        3.5000000000000000        1638.6828841606680        2.5505332593073249E-002   1823.2984299113346        984.71050921496771     
           0           0         313   10.500000000000000        1.7500000000000000        1632.8116632373740        2.5382558556509893E-002   1823.2984299113346        984.71050921496771     
           0           0         314   0.0000000000000000        0.0000000000000000        1632.5575537839209        2.5365364102223585E-002   911.64921495566705        984.71050921496749     
           0           0         315  0.87500000000000000        0.0000000000000000        1632.5729822176354        2.5364878828324413E-002   911.64921495566728        984.71050921496771     
           0           0         316   1.7500000000000000        0.0000000000000000        1631.7858090777681        2.5348700787773022E-002   1823.2984299113348        984.71050921496806     
           0           0         317   2.6250000000000000        0.0000000000000000        1632.2277356523571        2.5358263582117079E-002   911.64921495566728        984.71050921496771     
           0           0         318   3.5000000000000000        0.0000000000000000        1632.6388981793662        2.5366895914021335E-002   1823.2984299113348        984.71050921496806     
           0           0         319   15.750000000000000        3.5000000000000000        1642.0837647772921        2.5572214762064838E-002   3646.5968598226700        984.71050921496771     
           0           0         320   4.3750000000000000        0.0000000000000000        1632.0855356678599        2.5356278830928908E-002   911.64921495566728        984.71050921496771     
           0           0         321   5.2500000000000000        0.0000000000000000        1632.0008490766140        2.5355226566014515E-002   1823.2984299113348        984.71050921496806     
           0           0         322   12.250000000000000        1.7500000000000000        1636.1801446164927        2.5451089898040246E-002   1823.2984299113346        984.71050921496771     
           0           0         323   6.1250000000000000        0.0000000000000000        1632.5579658836775        2.5367008567311881E-002   911.64921495566728        984.71050921496771     
           0           0         324   16.625000000000000        3.5000000000000000        1643.7974841360913        2.5606967547907727E-002   1823.2984299113346        984.71050921496771     
           0           0         325   7.0000000000000000        0.0000000000000000        1633.0225962972868        2.5377450089154662E-002   1823.2984299113348        984.71050921496806     
           0           0         326   7.8750000000000000        0.0000000000000000        1632.2635166225064        2.5362708715329151E-002   911.64921495566728        984.71050921496771     
           0           0         327   17.500000000000000        3.5000000000000000        1645.4486151971751        2.5640611803973885E-002   1823.2984299113348        984.71050921496783     
           0           0         328   8.7500000000000000        0.0000000000000000        1632.3365514890004        2.5364759527356728E-002   1823.2984299113348        984.71050921496806     
           0           0         329   14.000000000000000        1.7500000000000000        1638.1839707853969        2.5494048976620998E-002   1823.2984299113346        984.71050921496771     
           0           0         330   9.6250000000000000        0.0000000000000000        1633.6514949439111        2.5392634119372960E-002   911.64921495566728        984.71050921496771     
           0           0         331   10.500000000000000        0.0000000000000000        1633.0826486475257        2.5383280036609668E-002   1823.2984299113348        984.71050921496806     
           0           0         332   15.750000000000000        1.7500000000000000        1643.8496165441591        2.5606487328418616E-002   1823.2984299113346        984.71050921496771     
           0           0         333   11.375000000000000        0.0000000000000000        1633.4566400563945        2.5392110943470193E-002   911.64921495566728        984.71050921496771     
           0           0         334   12.250000000000000        0.0000000000000000        1637.6258409659918        2.5475778135594252E-002   1823.2984299113348        984.71050921496806     
           0           0         335   13.125000000000000        0.0000000000000000        1639.1696520180246        2.5508440622034577E-002   911.64921495566728        984.71050921496771     
           0           0         336   17.500000000000000        1.7500000000000000        1647.0913374864181        2.5672795207571892E-002   911.64921495566728        984.71050921496771     
           0           0         337   14.000000000000000        0.0000000000000000        1639.6877009990030        2.5520339361378694E-002   1823.2984299113348        984.71050921496806     
           0           0         338   14.875000000000000        0.0000000000000000        1641.1120994368478        2.5549704147181908E-002   911.64921495566728        984.71050921496771     
           0           0         339   15.750000000000000        0.0000000000000000        1644.1229005376526        2.5610844007693603E-002   1823.2984299113348        984.71050921496806     
           0           0         340   16.625000000000000        0.0000000000000000        1646.0495040380856        2.5650365257675233E-002   911.64921495566728        984.71050921496771     
           0           0         341   17.500000000000000        0.0000000000000000        1648.4066204119131        2.5697784390236570E-002   911.64921495566728        984.71050921496783     
