           0           0           1   0.0000000000000000        35.000000000000000        1332.9756120471943        1.8910376272418258E-002   949.74215875637788        992.57259093163748     
           0           0           2  0.87500000000000000        35.000000000000000        1337.0851600347441        1.9011344823887201E-002   949.74215875637799        992.57259093163771     
           0           0           3   0.0000000000000000        33.250000000000000        1385.7072648892736        2.0158778866802392E-002   949.74215875637799        992.57259093163771     
           0           0           4   1.7500000000000000        35.000000000000000        1345.6988034924291        1.9212908341140637E-002   1899.4843175127560        992.57259093163759     
           0           0           5   1.7500000000000000        33.250000000000000        1405.1852649667667        2.0595279006983221E-002   1899.4843175127558        992.57259093163771     
           0           0           6   2.6250000000000000        35.000000000000000        1345.2240378928527        1.9208669191413206E-002   949.74215875637799        992.57259093163771     
           0           0           7   0.0000000000000000        31.500000000000000        1452.1197760957693        2.1649382619228247E-002   1899.4843175127555        992.57259093163759     
           0           0           8   3.5000000000000000        35.000000000000000        1365.7326842579014        1.9682774674943379E-002   1899.4843175127560        992.57259093163759     
           0           0           9  0.87500000000000000        31.500000000000000        1457.4716750019745        2.1764643657480098E-002   1899.4843175127560        992.57259093163771     
           0           0          10   3.5000000000000000        33.250000000000000        1429.5173919525967        2.1136223083865459E-002   1899.4843175127558        992.57259093163771     
           0           0          11   1.7500000000000000        31.500000000000000        1464.7753405811411        2.1920304564298179E-002   3798.9686350255115        992.57259093163771     
           0           0          12   2.6250000000000000        31.500000000000000        1472.0443622927673        2.2072409082903553E-002   1899.4843175127560        992.57259093163771     
           0           0          13   4.3750000000000000        35.000000000000000        1367.8403401999408        1.9734150940368907E-002   949.74215875637799        992.57259093163771     
           0           0          14   3.5000000000000000        31.500000000000000        1488.9720930083045        2.2435397063806838E-002   3798.9686350255115        992.57259093163771     
           0           0          15   0.0000000000000000        29.750000000000000        1509.9923330381937        2.2911128412681846E-002   949.74215875637799        992.57259093163771     
           0           0          16   5.2500000000000000        35.000000000000000        1399.6628276800316        2.0458345321409180E-002   1899.4843175127560        992.57259093163759     
           0           0          17   1.7500000000000000        29.750000000000000        1538.4100382786960        2.3496902373886817E-002   1899.4843175127558        992.57259093163771     
           0           0          18   5.2500000000000000        33.250000000000000        1452.0097213627582        2.1630403483590910E-002   1899.4843175127558        992.57259093163771     
           0           0          19   4.3750000000000000        31.500000000000000        1494.0177117521939        2.2539338601669366E-002   1899.4843175127560        992.57259093163771     
           0           0          20   6.1250000000000000        35.000000000000000        1411.8315346478400        2.0723767087146374E-002   949.74215875637799        992.57259093163771     
           0           0          21   3.5000000000000000        29.750000000000000        1561.1967473325878        2.3958504555647471E-002   1899.4843175127558        992.57259093163771     
           0           0          22   5.2500000000000000        31.500000000000000        1501.0696338726739        2.2697138119645213E-002   3798.9686350255115        992.57259093163771     
           0           0          23   0.0000000000000000        28.000000000000000        1577.9303177860336        2.4327955856078245E-002   1899.4843175127555        992.57259093163759     
           0           0          24   7.0000000000000000        35.000000000000000        1389.4003863981079        2.0228297695119309E-002   1899.4843175127560        992.57259093163759     
           0           0          25   6.1250000000000000        31.500000000000000        1534.9523588208192        2.3395904398050366E-002   1899.4843175127560        992.57259093163771     
           0           0          26  0.87500000000000000        28.000000000000000        1574.5111718626954        2.4258168448204033E-002   1899.4843175127560        992.57259093163771     
           0           0          27   7.0000000000000000        33.250000000000000        1461.4490646569593        2.1836920120290516E-002   1899.4843175127558        992.57259093163771     
           0           0          28   1.7500000000000000        28.000000000000000        1603.9947699285799        2.4841834304294135E-002   3798.9686350255115        992.57259093163771     
           0           0          29   5.2500000000000000        29.750000000000000        1591.9544550439568        2.4573500131192222E-002   1899.4843175127558        992.57259093163771     
           0           0          30   2.6250000000000000        28.000000000000000        1602.2098164893241        2.4806898096448454E-002   1899.4843175127560        992.57259093163771     
           0           0          31   7.0000000000000000        31.500000000000000        1529.4232968467136        2.3282155118157039E-002   3798.9686350255115        992.57259093163771     
           0           0          32   3.5000000000000000        28.000000000000000        1627.3728237092116        2.5298183149563138E-002   3798.9686350255115        992.57259093163771     
           0           0          33   7.8750000000000000        35.000000000000000        1416.9171557781565        2.0847435654416390E-002   949.74215875637799        992.57259093163771     
           0           0          34   4.3750000000000000        28.000000000000000        1629.4423533922557        2.5337492806916086E-002   1899.4843175127560        992.57259093163771     
           0           0          35   7.8750000000000000        31.500000000000000        1554.3367240165055        2.3789311284547518E-002   1899.4843175127560        992.57259093163771     
           0           0          36   8.7500000000000000        35.000000000000000        1463.6902679989309        2.1872022402299674E-002   1899.4843175127560        992.57259093163759     
           0           0          37   0.0000000000000000        26.250000000000000        1623.5946668968356        2.5258101649537342E-002   949.74215875637799        992.57259093163771     
           0           0          38   7.0000000000000000        29.750000000000000        1607.2727566424051        2.4875680213675290E-002   1899.4843175127558        992.57259093163771     
           0           0          39   5.2500000000000000        28.000000000000000        1631.2140630530268        2.5366290913011971E-002   3798.9686350255115        992.57259093163771     
           0           0          40   8.7500000000000000        33.250000000000000        1493.5280265435824        2.2526579328527013E-002   1899.4843175127558        992.57259093163771     
           0           0          41   1.7500000000000000        26.250000000000000        1648.6091158891054        2.5738673314797580E-002   1899.4843175127558        992.57259093163771     
           0           0          42   6.1250000000000000        28.000000000000000        1663.9713121376833        2.5998440109928772E-002   1899.4843175127560        992.57259093163771     
           0           0          43   8.7500000000000000        31.500000000000000        1574.8254440584287        2.4212702796946015E-002   3798.9686350255115        992.57259093163771     
           0           0          44   3.5000000000000000        26.250000000000000        1668.0213036512769        2.6106491942060488E-002   1899.4843175127558        992.57259093163771     
           0           0          45   9.6250000000000000        35.000000000000000        1454.4749582124009        2.1679026139475151E-002   949.74215875637799        992.57259093163771     
           0           0          46   7.0000000000000000        28.000000000000000        1654.8557381364969        2.5822084502432365E-002   3798.9686350255115        992.57259093163771     
           0           0          47   8.7500000000000000        29.750000000000000        1638.7594884778091        2.5489960334478728E-002   1899.4843175127558        992.57259093163771     
           0           0          48   5.2500000000000000        26.250000000000000        1686.1911201004114        2.6445234441148949E-002   1899.4843175127558        992.57259093163771     
           0           0          49   9.6250000000000000        31.500000000000000        1589.7008294636187        2.4506055407895456E-002   1899.4843175127560        992.57259093163771     
           0           0          50   10.500000000000000        35.000000000000000        1459.6186107821648        2.1800309616926444E-002   1899.4843175127560        992.57259093163759     
           0           0          51   0.0000000000000000        24.500000000000000        1677.8113476854739        2.6329436566940478E-002   1899.4843175127555        992.57259093163759     
           0           0          52   7.8750000000000000        28.000000000000000        1684.0489896840102        2.6378400549586418E-002   1899.4843175127560        992.57259093163771     
           0           0          53  0.87500000000000000        24.500000000000000        1685.2941240449061        2.6467988765954603E-002   1899.4843175127560        992.57259093163771     
           0           0          54   1.7500000000000000        24.500000000000000        1698.9320138158787        2.6724447738217919E-002   3798.9686350255115        992.57259093163771     
           0           0          55   10.500000000000000        33.250000000000000        1545.8236579535619        2.3623885852115577E-002   1899.4843175127558        992.57259093163771     
           0           0          56   2.6250000000000000        24.500000000000000        1705.5983379761301        2.6844205691604648E-002   1899.4843175127560        992.57259093163771     
           0           0          57   3.5000000000000000        24.500000000000000        1714.8745559488589        2.7017186661096860E-002   3798.9686350255115        992.57259093163771     
           0           0          58   10.500000000000000        31.500000000000000        1611.9811609381848        2.4951292573332211E-002   3798.9686350255115        992.57259093163771     
           0           0          59   8.7500000000000000        28.000000000000000        1688.5676628385390        2.6462251334021282E-002   3798.9686350255115        992.57259093163771     
           0           0          60   7.0000000000000000        26.250000000000000        1704.6287390694374        2.6788428220682527E-002   1899.4843175127558        992.57259093163771     
           0           0          61   11.375000000000000        35.000000000000000        1485.9636722272951        2.2370353579744862E-002   949.74215875637799        992.57259093163771     
           0           0          62   4.3750000000000000        24.500000000000000        1722.2354538528252        2.7149988754773320E-002   1899.4843175127560        992.57259093163771     
           0           0          63   10.500000000000000        29.750000000000000        1675.3289941932899        2.6190787330944945E-002   1899.4843175127558        992.57259093163771     
           0           0          64   5.2500000000000000        24.500000000000000        1730.0434019606555        2.7292888535050141E-002   3798.9686350255115        992.57259093163771     
           0           0          65   11.375000000000000        31.500000000000000        1634.7631857150595        2.5396390098017398E-002   1899.4843175127560        992.57259093163771     
           0           0          66   9.6250000000000000        28.000000000000000        1708.5822276154079        2.6839876268612520E-002   1899.4843175127560        992.57259093163771     
           0           0          67   6.1250000000000000        24.500000000000000        1732.6586055704636        2.7340669271702336E-002   1899.4843175127560        992.57259093163771     
           0           0          68   0.0000000000000000        22.750000000000000        1710.4994650111148        2.6956151047439807E-002   949.74215875637799        992.57259093163771     
           0           0          69   12.250000000000000        35.000000000000000        1548.1989416029978        2.3668293072593671E-002   1899.4843175127560        992.57259093163759     
           0           0          70   12.250000000000000        33.250000000000000        1587.5511369324140        2.4480082414569389E-002   1899.4843175127558        992.57259093163771     
           0           0          71   1.7500000000000000        22.750000000000000        1725.9728743506041        2.7240659378672722E-002   1899.4843175127558        992.57259093163771     
           0           0          72   8.7500000000000000        26.250000000000000        1712.5905159231888        2.6935677984185884E-002   1899.4843175127558        992.57259093163771     
           0           0          73   7.0000000000000000        24.500000000000000        1733.1409144780291        2.7349884007310168E-002   3798.9686350255115        992.57259093163771     
           0           0          74   10.500000000000000        28.000000000000000        1712.0987803741655        2.6908361277136784E-002   3798.9686350255115        992.57259093163771     
           0           0          75   3.5000000000000000        22.750000000000000        1735.7602676343945        2.7418491317640487E-002   1899.4843175127558        992.57259093163771     
           0           0          76   12.250000000000000        31.500000000000000        1664.6332480382177        2.5982845143876318E-002   3798.9686350255115        992.57259093163771     
           0           0          77   7.8750000000000000        24.500000000000000        1734.5759708444900        2.7378022883009022E-002   1899.4843175127560        992.57259093163771     
           0           0          78   13.125000000000000        35.000000000000000        1541.7933561086952        2.3553963002517386E-002   949.74215875637799        992.57259093163771     
           0           0          79   5.2500000000000000        22.750000000000000        1739.2391265761339        2.7478753445717104E-002   1899.4843175127558        992.57259093163771     
           0           0          80   12.250000000000000        29.750000000000000        1708.0407611744604        2.6808625891097254E-002   1899.4843175127558        992.57259093163771     
           0           0          81   11.375000000000000        28.000000000000000        1716.7073447179648        2.6997696170537447E-002   1899.4843175127560        992.57259093163771     
           0           0          82   13.125000000000000        31.500000000000000        1718.2929668510740        2.6992726312525743E-002   1899.4843175127560        992.57259093163771     
           0           0          83   10.500000000000000        26.250000000000000        1710.5623796934292        2.6895983689432086E-002   1899.4843175127558        992.57259093163771     
           0           0          84   8.7500000000000000        24.500000000000000        1733.6820012821725        2.7360994985967092E-002   3798.9686350255115        992.57259093163771     
           0           0          85   0.0000000000000000        21.000000000000000        1749.9900721283902        2.7710623330758605E-002   1899.4843175127555        992.57259093163759     
           0           0          86   14.000000000000000        35.000000000000000        1619.7096476522570        2.5136570071500483E-002   1899.4843175127560        992.57259093163759     
           0           0          87  0.87500000000000000        21.000000000000000        1752.6125290506584        2.7756659985257521E-002   1899.4843175127560        992.57259093163771     
           0           0          88   14.000000000000000        33.250000000000000        1667.7520522066611        2.6058174697150278E-002   1899.4843175127558        992.57259093163771     
           0           0          89   7.0000000000000000        22.750000000000000        1731.8223088017123        2.7340118418600651E-002   1899.4843175127558        992.57259093163771     
           0           0          90   12.250000000000000        28.000000000000000        1713.5686519527121        2.6943255310540506E-002   3798.9686350255115        992.57259093163771     
           0           0          91   1.7500000000000000        21.000000000000000        1757.4628495429624        2.7843810957802848E-002   3798.9686350255115        992.57259093163771     
           0           0          92   9.6250000000000000        24.500000000000000        1728.3133666306931        2.7260072663390790E-002   1899.4843175127560        992.57259093163771     
           0           0          93   2.6250000000000000        21.000000000000000        1758.0816243737604        2.7854264117870668E-002   1899.4843175127560        992.57259093163771     
           0           0          94   14.000000000000000        31.500000000000000        1734.6016563662249        2.7311471392461224E-002   3798.9686350255115        992.57259093163771     
           0           0          95   3.5000000000000000        21.000000000000000        1761.1372780033332        2.7909345675299211E-002   3798.9686350255115        992.57259093163771     
           0           0          96   4.3750000000000000        21.000000000000000        1758.2751955530289        2.7856821159263623E-002   1899.4843175127560        992.57259093163771     
           0           0          97   10.500000000000000        24.500000000000000        1718.2805585882193        2.7069223027176629E-002   3798.9686350255115        992.57259093163771     
           0           0          98   13.125000000000000        28.000000000000000        1706.2973640550911        2.6809574340863108E-002   1899.4843175127560        992.57259093163771     
           0           0          99   14.875000000000000        35.000000000000000        1642.8656445601214        2.5606305171275934E-002   949.74215875637799        992.57259093163771     
           0           0         100   14.000000000000000        29.750000000000000        1704.5195539403107        2.6751945259299689E-002   1899.4843175127558        992.57259093163771     
           0           0         101   5.2500000000000000        21.000000000000000        1754.4669865298440        2.7785918254566035E-002   3798.9686350255115        992.57259093163771     
           0           0         102   8.7500000000000000        22.750000000000000        1720.4755916278755        2.7123137623469486E-002   1899.4843175127558        992.57259093163771     
           0           0         103   12.250000000000000        26.250000000000000        1689.4239786005619        2.6494779406297728E-002   1899.4843175127558        992.57259093163771     
           0           0         104   6.1250000000000000        21.000000000000000        1748.3746255973542        2.7673405490643534E-002   1899.4843175127560        992.57259093163771     
           0           0         105   14.875000000000000        31.500000000000000        1747.7027644796785        2.7549480353507072E-002   1899.4843175127560        992.57259093163771     
           0           0         106   11.375000000000000        24.500000000000000        1704.4981270189328        2.6809418133040091E-002   1899.4843175127560        992.57259093163771     
           0           0         107   14.000000000000000        28.000000000000000        1673.8109991953290        2.6189492324233728E-002   3798.9686350255115        992.57259093163771     
           0           0         108   7.0000000000000000        21.000000000000000        1739.0710192160075        2.7503228294611527E-002   3798.9686350255115        992.57259093163771     
           0           0         109   0.0000000000000000        19.250000000000000        1760.6068464303341        2.7901468279920773E-002   949.74215875637799        992.57259093163771     
           0           0         110   15.750000000000000        35.000000000000000        1706.5687727484833        2.6831932746087087E-002   1899.4843175127560        992.57259093163759     
           0           0         111   15.750000000000000        33.250000000000000        1761.5185390525012        2.7792680416806201E-002   1899.4843175127558        992.57259093163771     
           0           0         112   1.7500000000000000        19.250000000000000        1760.2132666403550        2.7893786183107748E-002   1899.4843175127558        992.57259093163771     
           0           0         113   7.8750000000000000        21.000000000000000        1731.4829942020501        2.7358278755704575E-002   1899.4843175127560        992.57259093163771     
           0           0         114   3.5000000000000000        19.250000000000000        1754.2104710891524        2.7782527991392934E-002   1899.4843175127558        992.57259093163771     
           0           0         115   10.500000000000000        22.750000000000000        1696.5895725293299        2.6666467687627274E-002   1899.4843175127558        992.57259093163771     
           0           0         116   15.750000000000000        31.500000000000000        1770.8455317001474        2.8002777106781833E-002   3798.9686350255115        992.57259093163771     
           0           0         117   12.250000000000000        24.500000000000000        1684.6867108527219        2.6431181166592779E-002   3798.9686350255115        992.57259093163771     
           0           0         118   14.875000000000000        28.000000000000000        1657.9705438267317        2.5888143358669395E-002   1899.4843175127560        992.57259093163771     
           0           0         119   14.000000000000000        26.250000000000000        1650.1888258176705        2.5740235929166091E-002   1899.4843175127558        992.57259093163771     
           0           0         120   8.7500000000000000        21.000000000000000        1721.0087219440775        2.7156559756330172E-002   3798.9686350255115        992.57259093163771     
           0           0         121   15.750000000000000        29.750000000000000        1644.5464110901248        2.5602580359533542E-002   1899.4843175127558        992.57259093163771     
           0           0         122   5.2500000000000000        19.250000000000000        1739.0085271175849        2.7501942282645242E-002   1899.4843175127558        992.57259093163771     
           0           0         123   16.625000000000000        35.000000000000000        2080.0271114061366        3.3514122658302975E-002   949.74215875637799        992.57259093163771     
           0           0         124   13.125000000000000        24.500000000000000        1665.1831746437247        2.6053732970794739E-002   1899.4843175127560        992.57259093163771     
           0           0         125   9.6250000000000000        21.000000000000000        1707.9836021334886        2.6907672799626425E-002   1899.4843175127560        992.57259093163771     
           0           0         126   16.625000000000000        31.500000000000000        1676.7495715955379        2.6263378710257201E-002   1899.4843175127560        992.57259093163771     
           0           0         127   7.0000000000000000        19.250000000000000        1722.1547832096030        2.7186382664635075E-002   1899.4843175127558        992.57259093163771     
           0           0         128   15.750000000000000        28.000000000000000        1609.5998356599002        2.4930354989638536E-002   3798.9686350255115        992.57259093163771     
           0           0         129   12.250000000000000        22.750000000000000        1666.5110474474131        2.6088309364037627E-002   1899.4843175127558        992.57259093163771     
           0           0         130   14.000000000000000        24.500000000000000        1642.2743256216379        2.5602315331483570E-002   3798.9686350255115        992.57259093163771     
           0           0         131   17.500000000000000        35.000000000000000        2617.3989513912429        4.1522363594143658E-002   949.74215875637788        992.57259093163748     
           0           0         132   0.0000000000000000        17.500000000000000        1781.7089954506584        2.8295319326629591E-002   1899.4843175127555        992.57259093163759     
           0           0         133   10.500000000000000        21.000000000000000        1691.2951201849978        2.6586102401464442E-002   3798.9686350255115        992.57259093163771     
           0           0         134  0.87500000000000000        17.500000000000000        1776.3369855621315        2.8199747540719956E-002   1899.4843175127560        992.57259093163771     
           0           0         135   1.7500000000000000        17.500000000000000        1772.3757071870723        2.8130116841128688E-002   3798.9686350255115        992.57259093163771     
           0           0         136   17.500000000000000        33.250000000000000        1850.4646024012645        2.9497688307737250E-002   949.74215875637799        992.57259093163771     
           0           0         137   2.6250000000000000        17.500000000000000        1766.3158371405520        2.8019632131377425E-002   1899.4843175127560        992.57259093163771     
           0           0         138   17.500000000000000        31.500000000000000        1490.7381399748185        2.2397647428217825E-002   1899.4843175127553        992.57259093163748     
           0           0         139   3.5000000000000000        17.500000000000000        1758.6456801504817        2.7878818029629725E-002   3798.9686350255115        992.57259093163771     
           0           0         140   8.7500000000000000        19.250000000000000        1702.1548252630164        2.6800421033367185E-002   1899.4843175127558        992.57259093163771     
           0           0         141   15.750000000000000        26.250000000000000        1609.7030034496393        2.4935177383482506E-002   1899.4843175127558        992.57259093163771     
           0           0         142   4.3750000000000000        17.500000000000000        1750.0196217460277        2.7721789148198110E-002   1899.4843175127560        992.57259093163771     
           0           0         143   11.375000000000000        21.000000000000000        1678.6245346707151        2.6341446748514408E-002   1899.4843175127560        992.57259093163771     
           0           0         144   16.625000000000000        28.000000000000000        1590.2198734609456        2.4541412832848251E-002   1899.4843175127560        992.57259093163771     
           0           0         145   14.875000000000000        24.500000000000000        1626.9391423609713        2.5291078308678629E-002   1899.4843175127560        992.57259093163771     
           0           0         146   17.500000000000000        29.750000000000000        1506.8799637808149        2.2815168835536543E-002   949.74215875637799        992.57259093163771     
           0           0         147   5.2500000000000000        17.500000000000000        1737.9255446355205        2.7499428903920663E-002   3798.9686350255115        992.57259093163771     
           0           0         148   6.1250000000000000        17.500000000000000        1729.4062084561331        2.7337308966719136E-002   1899.4843175127560        992.57259093163771     
           0           0         149   14.000000000000000        22.750000000000000        1637.5342083228393        2.5510895182706987E-002   1899.4843175127558        992.57259093163771     
           0           0         150   12.250000000000000        21.000000000000000        1661.6615081024675        2.6009833712961474E-002   3798.9686350255115        992.57259093163771     
           0           0         151   7.0000000000000000        17.500000000000000        1719.2615678014781        2.7141308305756427E-002   3798.9686350255115        992.57259093163771     
           0           0         152   17.500000000000000        28.000000000000000        1571.5125127568094        2.4157014756797681E-002   1899.4843175127553        992.57259093163748     
           0           0         153   10.500000000000000        19.250000000000000        1679.1362555353121        2.6353814154734846E-002   1899.4843175127558        992.57259093163771     
           0           0         154   15.750000000000000        24.500000000000000        1612.5890253057719        2.4994279473955754E-002   3798.9686350255115        992.57259093163771     
           0           0         155   7.8750000000000000        17.500000000000000        1708.1499225333764        2.6929501828316511E-002   1899.4843175127560        992.57259093163771     
           0           0         156   13.125000000000000        21.000000000000000        1652.2990677224341        2.5818746887187830E-002   1899.4843175127560        992.57259093163771     
           0           0         157   0.0000000000000000        15.750000000000000        1773.5023296138172        2.8129127924016509E-002   949.74215875637799        992.57259093163771     
           0           0         158   1.7500000000000000        15.750000000000000        1757.8573585595163        2.7851274764943590E-002   1899.4843175127558        992.57259093163771     
           0           0         159   3.5000000000000000        15.750000000000000        1740.4054768604497        2.7530897738003518E-002   1899.4843175127558        992.57259093163771     
           0           0         160   17.500000000000000        26.250000000000000        1594.4453782527107        2.4606002627207212E-002   949.74215875637799        992.57259093163771     
           0           0         161   8.7500000000000000        17.500000000000000        1695.7247241796574        2.6689568676141751E-002   3798.9686350255115        992.57259093163771     
           0           0         162   16.625000000000000        24.500000000000000        1603.1624903912768        2.4794077459204301E-002   1899.4843175127560        992.57259093163771     
           0           0         163   14.000000000000000        21.000000000000000        1640.3250378587736        2.5574535774435258E-002   3798.9686350255115        992.57259093163771     
           0           0         164   12.250000000000000        19.250000000000000        1657.3473324095175        2.5923509939898955E-002   1899.4843175127558        992.57259093163771     
           0           0         165   15.750000000000000        22.750000000000000        1621.4956906166481        2.5172608454175297E-002   1899.4843175127558        992.57259093163771     
           0           0         166   5.2500000000000000        15.750000000000000        1722.1081411057967        2.7189227502370600E-002   1899.4843175127558        992.57259093163771     
           0           0         167   9.6250000000000000        17.500000000000000        1687.7792467437271        2.6532423786571828E-002   1899.4843175127560        992.57259093163771     
           0           0         168   17.500000000000000        24.500000000000000        1593.7309912965623        2.4592102968907410E-002   1899.4843175127553        992.57259093163748     
           0           0         169   10.500000000000000        17.500000000000000        1676.3116446471904        2.6308084249926006E-002   3798.9686350255115        992.57259093163771     
           0           0         170   14.875000000000000        21.000000000000000        1636.3091868653933        2.5482721735292393E-002   1899.4843175127560        992.57259093163771     
           0           0         171   7.0000000000000000        15.750000000000000        1703.3351048309521        2.6830831381804952E-002   1899.4843175127558        992.57259093163771     
           0           0         172   11.375000000000000        17.500000000000000        1667.2615618008292        2.6127131763628714E-002   1899.4843175127560        992.57259093163771     
           0           0         173   0.0000000000000000        14.000000000000000        1773.6313597686030        2.8129041597742651E-002   1899.4843175127555        992.57259093163759     
           0           0         174  0.87500000000000000        14.000000000000000        1764.0972200807871        2.7962350411521193E-002   1899.4843175127560        992.57259093163771     
           0           0         175   14.000000000000000        19.250000000000000        1646.4578526734695        2.5691216410542516E-002   1899.4843175127558        992.57259093163771     
           0           0         176   1.7500000000000000        14.000000000000000        1753.8764480811228        2.7779909206133366E-002   3798.9686350255115        992.57259093163771     
           0           0         177   15.750000000000000        21.000000000000000        1631.0508734084206        2.5364626210523822E-002   3798.9686350255115        992.57259093163771     
           0           0         178   8.7500000000000000        15.750000000000000        1687.0986322773770        2.6515099342891077E-002   1899.4843175127558        992.57259093163771     
           0           0         179   2.6250000000000000        14.000000000000000        1746.0063949996661        2.7634932391752069E-002   1899.4843175127560        992.57259093163771     
           0           0         180   3.5000000000000000        14.000000000000000        1734.9228887182348        2.7429186766715755E-002   3798.9686350255115        992.57259093163771     
           0           0         181   12.250000000000000        17.500000000000000        1657.4712544154472        2.5929634740580774E-002   3798.9686350255115        992.57259093163771     
           0           0         182   17.500000000000000        22.750000000000000        1605.5404201492031        2.4827917058622341E-002   949.74215875637799        992.57259093163771     
           0           0         183   4.3750000000000000        14.000000000000000        1725.0387454324211        2.7242732868456014E-002   1899.4843175127560        992.57259093163771     
           0           0         184   5.2500000000000000        14.000000000000000        1715.2247597745975        2.7056632182590596E-002   3798.9686350255115        992.57259093163771     
           0           0         185   16.625000000000000        21.000000000000000        1625.3889225378946        2.5238778891129045E-002   1899.4843175127560        992.57259093163771     
           0           0         186   6.1250000000000000        14.000000000000000        1706.0196130589134        2.6883851081003097E-002   1899.4843175127560        992.57259093163771     
           0           0         187   13.125000000000000        17.500000000000000        1653.8692591654831        2.5849402284811376E-002   1899.4843175127560        992.57259093163771     
           0           0         188   10.500000000000000        15.750000000000000        1671.9194157078557        2.6215076839156484E-002   1899.4843175127558        992.57259093163771     
           0           0         189   7.0000000000000000        14.000000000000000        1695.5286596602941        2.6683994510341327E-002   3798.9686350255115        992.57259093163771     
           0           0         190   15.750000000000000        19.250000000000000        1639.5317717223843        2.5531053080827169E-002   1899.4843175127558        992.57259093163771     
           0           0         191   17.500000000000000        21.000000000000000        1620.8946836423772        2.5135718793594584E-002   1899.4843175127553        992.57259093163748     
           0           0         192   14.000000000000000        17.500000000000000        1651.5408028808197        2.5792722142520923E-002   3798.9686350255115        992.57259093163771     
           0           0         193   7.8750000000000000        14.000000000000000        1690.2802813301751        2.6578785480030186E-002   1899.4843175127560        992.57259093163771     
           0           0         194   0.0000000000000000        12.250000000000000        1754.6891151499892        2.7766479221311088E-002   949.74215875637799        992.57259093163771     
           0           0         195   8.7500000000000000        14.000000000000000        1684.2712034203964        2.6458374736188110E-002   3798.9686350255115        992.57259093163771     
           0           0         196   12.250000000000000        15.750000000000000        1660.2725477524173        2.5977126147148193E-002   1899.4843175127558        992.57259093163771     
           0           0         197   1.7500000000000000        12.250000000000000        1738.8930956522258        2.7482893412365265E-002   1899.4843175127558        992.57259093163771     
           0           0         198   14.875000000000000        17.500000000000000        1648.5351126687804        2.5723605699024536E-002   1899.4843175127560        992.57259093163771     
           0           0         199   3.5000000000000000        12.250000000000000        1721.4438445380292        2.7158258754772284E-002   1899.4843175127558        992.57259093163771     
           0           0         200   9.6250000000000000        14.000000000000000        1676.8579096659914        2.6312516982436508E-002   1899.4843175127560        992.57259093163771     
           0           0         201   5.2500000000000000        12.250000000000000        1702.7941992312658        2.6808431113746960E-002   1899.4843175127558        992.57259093163771     
           0           0         202   10.500000000000000        14.000000000000000        1669.1268342501339        2.6159405008130410E-002   3798.9686350255115        992.57259093163771     
           0           0         203   15.750000000000000        17.500000000000000        1646.3605699630402        2.5670341781784289E-002   3798.9686350255115        992.57259093163771     
           0           0         204   17.500000000000000        19.250000000000000        1634.2421969081554        2.5399870244147540E-002   949.74215875637799        992.57259093163771     
           0           0         205   7.0000000000000000        12.250000000000000        1690.7444969020100        2.6575675163116756E-002   1899.4843175127558        992.57259093163771     
           0           0         206   14.000000000000000        15.750000000000000        1657.2463899009585        2.5900555472228116E-002   1899.4843175127558        992.57259093163771     
           0           0         207   11.375000000000000        14.000000000000000        1664.8082089627951        2.6070958832935139E-002   1899.4843175127560        992.57259093163771     
           0           0         208   16.625000000000000        17.500000000000000        1646.4149770561753        2.5656958793287870E-002   1899.4843175127560        992.57259093163771     
           0           0         209   12.250000000000000        14.000000000000000        1662.2036820396356        2.6013779472953490E-002   3798.9686350255115        992.57259093163771     
           0           0         210   8.7500000000000000        12.250000000000000        1681.4898461690159        2.6392895193144861E-002   1899.4843175127558        992.57259093163771     
           0           0         211   0.0000000000000000        10.500000000000000        1742.5489277039262        2.7536075016926103E-002   1899.4843175127555        992.57259093163759     
           0           0         212  0.87500000000000000        10.500000000000000        1736.4264049087305        2.7424494029783805E-002   1899.4843175127560        992.57259093163771     
           0           0         213   1.7500000000000000        10.500000000000000        1729.0170924248944        2.7287698026940657E-002   3798.9686350255115        992.57259093163771     
           0           0         214   2.6250000000000000        10.500000000000000        1720.3432731728390        2.7126793848779869E-002   1899.4843175127560        992.57259093163771     
           0           0         215   3.5000000000000000        10.500000000000000        1711.7073739390496        2.6964982067382386E-002   3798.9686350255115        992.57259093163771     
           0           0         216   17.500000000000000        17.500000000000000        1645.7392813533827        2.5629839283218284E-002   1899.4843175127553        992.57259093163748     
           0           0         217   13.125000000000000        14.000000000000000        1661.8134850197732        2.5997971839202300E-002   1899.4843175127560        992.57259093163771     
           0           0         218   15.750000000000000        15.750000000000000        1656.7467239583661        2.5871074988657820E-002   1899.4843175127558        992.57259093163771     
           0           0         219   4.3750000000000000        10.500000000000000        1703.2680932963083        2.6807998960238971E-002   1899.4843175127560        992.57259093163771     
           0           0         220   5.2500000000000000        10.500000000000000        1692.9171126453477        2.6613503029238778E-002   3798.9686350255115        992.57259093163771     
           0           0         221   10.500000000000000        12.250000000000000        1670.2446466782944        2.6170921301689944E-002   1899.4843175127558        992.57259093163771     
           0           0         222   14.000000000000000        14.000000000000000        1660.1147298765559        2.5958132381091060E-002   3798.9686350255115        992.57259093163771     
           0           0         223   6.1250000000000000        10.500000000000000        1690.6638641405125        2.6567823722609379E-002   1899.4843175127560        992.57259093163771     
           0           0         224   7.0000000000000000        10.500000000000000        1687.0029876630640        2.6494440729053884E-002   3798.9686350255115        992.57259093163771     
           0           0         225   14.875000000000000        14.000000000000000        1661.7277254156611        2.5980513319642403E-002   1899.4843175127560        992.57259093163771     
           0           0         226   7.8750000000000000        10.500000000000000        1681.6233030117571        2.6390366110493575E-002   1899.4843175127560        992.57259093163771     
           0           0         227   12.250000000000000        12.250000000000000        1667.0347563840551        2.6099430295090292E-002   1899.4843175127558        992.57259093163771     
           0           0         228   17.500000000000000        15.750000000000000        1658.6934540788252        2.5884857951557854E-002   949.74215875637799        992.57259093163771     
           0           0         229   8.7500000000000000        10.500000000000000        1677.1480701411704        2.6303279298706867E-002   3798.9686350255115        992.57259093163771     
           0           0         230   15.750000000000000        14.000000000000000        1664.1587571914386        2.6017483753150057E-002   3798.9686350255115        992.57259093163771     
           0           0         231   0.0000000000000000        8.7500000000000000        1729.7530359793577        2.7281131724910195E-002   949.74215875637799        992.57259093163771     
           0           0         232   1.7500000000000000        8.7500000000000000        1715.5660689469210        2.7018896378467622E-002   1899.4843175127558        992.57259093163771     
           0           0         233   9.6250000000000000        10.500000000000000        1672.9520242142594        2.6220156576169416E-002   1899.4843175127560        992.57259093163771     
           0           0         234   3.5000000000000000        8.7500000000000000        1700.7546034090765        2.6743258864100214E-002   1899.4843175127558        992.57259093163771     
           0           0         235   10.500000000000000        10.500000000000000        1669.4953258899529        2.6150845717436189E-002   3798.9686350255115        992.57259093163771     
           0           0         236   14.000000000000000        12.250000000000000        1667.7901119049448        2.6101655429562151E-002   1899.4843175127558        992.57259093163771     
           0           0         237   5.2500000000000000        8.7500000000000000        1689.5635258718812        2.6533302885621262E-002   1899.4843175127558        992.57259093163771     
           0           0         238   16.625000000000000        14.000000000000000        1665.4233426827466        2.6031402372205692E-002   1899.4843175127560        992.57259093163771     
           0           0         239   11.375000000000000        10.500000000000000        1669.5811454787035        2.6148666663745504E-002   1899.4843175127560        992.57259093163771     
           0           0         240   7.0000000000000000        8.7500000000000000        1684.8327029428397        2.6439745948052873E-002   1899.4843175127558        992.57259093163771     
           0           0         241   17.500000000000000        14.000000000000000        1667.1207499481432        2.6055076777112902E-002   1899.4843175127553        992.57259093163748     
           0           0         242   12.250000000000000        10.500000000000000        1669.0176939590733        2.6135016472925335E-002   3798.9686350255115        992.57259093163771     
           0           0         243   15.750000000000000        12.250000000000000        1672.5515870017070        2.6179231172968692E-002   1899.4843175127558        992.57259093163771     
           0           0         244   8.7500000000000000        8.7500000000000000        1677.3714764940983        2.6296004223346735E-002   1899.4843175127558        992.57259093163771     
           0           0         245   13.125000000000000        10.500000000000000        1669.7202962696506        2.6143966494209841E-002   1899.4843175127560        992.57259093163771     
           0           0         246   0.0000000000000000        7.0000000000000000        1714.3155482077086        2.6978912139897133E-002   1899.4843175127555        992.57259093163759     
           0           0         247  0.87500000000000000        7.0000000000000000        1708.1906873564378        2.6865816676727772E-002   1899.4843175127560        992.57259093163771     
           0           0         248   1.7500000000000000        7.0000000000000000        1701.4861275080161        2.6741080269382999E-002   3798.9686350255115        992.57259093163771     
           0           0         249   2.6250000000000000        7.0000000000000000        1696.8641974020218        2.6655756207479488E-002   1899.4843175127560        992.57259093163771     
           0           0         250   3.5000000000000000        7.0000000000000000        1690.6929921869375        2.6540210608052769E-002   3798.9686350255115        992.57259093163771     
           0           0         251   14.000000000000000        10.500000000000000        1671.6368381708508        2.6174758701898063E-002   3798.9686350255115        992.57259093163771     
           0           0         252   10.500000000000000        8.7500000000000000        1673.7000115239434        2.6222864977539707E-002   1899.4843175127558        992.57259093163771     
           0           0         253   4.3750000000000000        7.0000000000000000        1686.7494531147204        2.6466055373101059E-002   1899.4843175127560        992.57259093163771     
           0           0         254   5.2500000000000000        7.0000000000000000        1684.5638370054603        2.6422996508657946E-002   3798.9686350255115        992.57259093163771     
           0           0         255   6.1250000000000000        7.0000000000000000        1681.7751271144916        2.6369211712258953E-002   1899.4843175127560        992.57259093163771     
           0           0         256   14.875000000000000        10.500000000000000        1674.5344359701626        2.6225501545134530E-002   1899.4843175127560        992.57259093163771     
           0           0         257   17.500000000000000        12.250000000000000        1676.9926009340493        2.6248199263609464E-002   949.74215875637799        992.57259093163771     
           0           0         258   7.0000000000000000        7.0000000000000000        1679.0277536427209        2.6318381960389471E-002   3798.9686350255115        992.57259093163771     
           0           0         259   12.250000000000000        8.7500000000000000        1673.4718776267473        2.6215633563812984E-002   1899.4843175127558        992.57259093163771     
           0           0         260   7.8750000000000000        7.0000000000000000        1677.1838940324380        2.6283543054209459E-002   1899.4843175127560        992.57259093163771     
           0           0         261   15.750000000000000        10.500000000000000        1677.1952520263790        2.6272166424429845E-002   3798.9686350255115        992.57259093163771     
           0           0         262   8.7500000000000000        7.0000000000000000        1674.9569595299415        2.6241140757343406E-002   3798.9686350255115        992.57259093163771     
           0           0         263   16.625000000000000        10.500000000000000        1680.5044220647219        2.6329184743941816E-002   1899.4843175127560        992.57259093163771     
           0           0         264   9.6250000000000000        7.0000000000000000        1674.2428140347099        2.6227720771860644E-002   1899.4843175127560        992.57259093163771     
           0           0         265   14.000000000000000        8.7500000000000000        1678.8649116538868        2.6310178236442751E-002   1899.4843175127558        992.57259093163771     
           0           0         266   0.0000000000000000        5.2500000000000000        1703.1172122683788        2.6759304428979721E-002   949.74215875637799        992.57259093163771     
           0           0         267   1.7500000000000000        5.2500000000000000        1694.5503681345613        2.6600239370923491E-002   1899.4843175127558        992.57259093163771     
           0           0         268   10.500000000000000        7.0000000000000000        1674.1470550588235        2.6224862286452863E-002   3798.9686350255115        992.57259093163771     
           0           0         269   3.5000000000000000        5.2500000000000000        1687.4178170199398        2.6466794656647724E-002   1899.4843175127558        992.57259093163771     
           0           0         270   17.500000000000000        10.500000000000000        1683.5116481751072        2.6380276646924730E-002   1899.4843175127553        992.57259093163748     
           0           0         271   5.2500000000000000        5.2500000000000000        1683.9314143461961        2.6401269192066819E-002   1899.4843175127558        992.57259093163771     
           0           0         272   11.375000000000000        7.0000000000000000        1675.0183653896809        2.6241275389886451E-002   1899.4843175127560        992.57259093163771     
           0           0         273   7.0000000000000000        5.2500000000000000        1680.1693628430276        2.6331608555165552E-002   1899.4843175127558        992.57259093163771     
           0           0         274   12.250000000000000        7.0000000000000000        1674.6868083575207        2.6236036934657023E-002   3798.9686350255115        992.57259093163771     
           0           0         275   15.750000000000000        8.7500000000000000        1683.7941598756981        2.6398402675914288E-002   1899.4843175127558        992.57259093163771     
           0           0         276   13.125000000000000        7.0000000000000000        1678.6588474460559        2.6308085722320247E-002   1899.4843175127560        992.57259093163771     
           0           0         277   8.7500000000000000        5.2500000000000000        1677.3028018827808        2.6278692756681543E-002   1899.4843175127558        992.57259093163771     
           0           0         278   14.000000000000000        7.0000000000000000        1682.2660594607635        2.6373910737336335E-002   3798.9686350255115        992.57259093163771     
           0           0         279   0.0000000000000000        3.5000000000000000        1690.8779659867641        2.6515758989180852E-002   1899.4843175127555        992.57259093163759     
           0           0         280  0.87500000000000000        3.5000000000000000        1689.1160233126004        2.6484114930487617E-002   1899.4843175127560        992.57259093163771     
           0           0         281   10.500000000000000        5.2500000000000000        1678.1331957098803        2.6294104332961622E-002   1899.4843175127558        992.57259093163771     
           0           0         282   17.500000000000000        8.7500000000000000        1691.3241235003579        2.6532646837182216E-002   949.74215875637799        992.57259093163771     
           0           0         283   1.7500000000000000        3.5000000000000000        1686.3011375412034        2.6431638548474096E-002   3798.9686350255115        992.57259093163771     
           0           0         284   2.6250000000000000        3.5000000000000000        1684.0257322175353        2.6388895689415930E-002   1899.4843175127560        992.57259093163771     
           0           0         285   3.5000000000000000        3.5000000000000000        1681.2465648570731        2.6337438883759869E-002   3798.9686350255115        992.57259093163771     
           0           0         286   14.875000000000000        7.0000000000000000        1683.7718396145151        2.6401233748638536E-002   1899.4843175127560        992.57259093163771     
           0           0         287   4.3750000000000000        3.5000000000000000        1681.1013923414348        2.6335780495733763E-002   1899.4843175127560        992.57259093163771     
           0           0         288   5.2500000000000000        3.5000000000000000        1680.1460453164250        2.6318731467484424E-002   3798.9686350255115        992.57259093163771     
           0           0         289   6.1250000000000000        3.5000000000000000        1679.2239297416168        2.6302619977992006E-002   1899.4843175127560        992.57259093163771     
           0           0         290   15.750000000000000        7.0000000000000000        1687.1205486803115        2.6463704433985859E-002   3798.9686350255115        992.57259093163771     
           0           0         291   12.250000000000000        5.2500000000000000        1680.9049759235809        2.6348344885065014E-002   1899.4843175127558        992.57259093163771     
           0           0         292   7.0000000000000000        3.5000000000000000        1678.7517289870264        2.6294263226336871E-002   3798.9686350255115        992.57259093163771     
           0           0         293   7.8750000000000000        3.5000000000000000        1678.2146135793651        2.6286372948722943E-002   1899.4843175127560        992.57259093163771     
           0           0         294   16.625000000000000        7.0000000000000000        1691.3180296267140        2.6540359895817621E-002   1899.4843175127560        992.57259093163771     
           0           0         295   8.7500000000000000        3.5000000000000000        1676.8149303182802        2.6262171388788239E-002   3798.9686350255115        992.57259093163771     
           0           0         296   14.000000000000000        5.2500000000000000        1686.2823188629598        2.6449301387971906E-002   1899.4843175127558        992.57259093163771     
           0           0         297   9.6250000000000000        3.5000000000000000        1677.9530561367737        2.6283899568831041E-002   1899.4843175127560        992.57259093163771     
           0           0         298   17.500000000000000        7.0000000000000000        1695.1798981001352        2.6610973116844995E-002   1899.4843175127553        992.57259093163748     
           0           0         299   10.500000000000000        3.5000000000000000        1679.1443462023942        2.6306881365134753E-002   3798.9686350255115        992.57259093163771     
           0           0         300   0.0000000000000000        1.7500000000000000        1688.6660821835530        2.6472144374378455E-002   949.74215875637799        992.57259093163771     
           0           0         301   1.7500000000000000        1.7500000000000000        1685.7999350634373        2.6418568098294154E-002   1899.4843175127558        992.57259093163771     
           0           0         302   3.5000000000000000        1.7500000000000000        1683.7482301612231        2.6381158052226732E-002   1899.4843175127558        992.57259093163771     
           0           0         303   11.375000000000000        3.5000000000000000        1679.7126296197575        2.6319465145634689E-002   1899.4843175127560        992.57259093163771     
           0           0         304   15.750000000000000        5.2500000000000000        1692.4182683973188        2.6564253342060314E-002   1899.4843175127558        992.57259093163771     
           0           0         305   5.2500000000000000        1.7500000000000000        1683.2260186644198        2.6372650238554105E-002   1899.4843175127558        992.57259093163771     
           0           0         306   12.250000000000000        3.5000000000000000        1683.9425726689392        2.6400165590120098E-002   3798.9686350255115        992.57259093163771     
           0           0         307   7.0000000000000000        1.7500000000000000        1682.3271936651583        2.6357915434612328E-002   1899.4843175127558        992.57259093163771     
           0           0         308   13.125000000000000        3.5000000000000000        1685.2976197838489        2.6427742521024596E-002   1899.4843175127560        992.57259093163771     
           0           0         309   8.7500000000000000        1.7500000000000000        1681.5541178326750        2.6346092589592269E-002   1899.4843175127558        992.57259093163771     
           0           0         310   14.000000000000000        3.5000000000000000        1686.6054483617052        2.6455313979842701E-002   3798.9686350255115        992.57259093163771     
           0           0         311   17.500000000000000        5.2500000000000000        1700.0930200491712        2.6707440212729423E-002   949.74215875637799        992.57259093163771     
           0           0         312   14.875000000000000        3.5000000000000000        1690.9257879755232        2.6536173712754661E-002   1899.4843175127560        992.57259093163771     
           0           0         313   10.500000000000000        1.7500000000000000        1683.6321855767021        2.6387314398433878E-002   1899.4843175127558        992.57259093163771     
           0           0         314   0.0000000000000000        0.0000000000000000        1684.1655128842137        2.6381157928660602E-002   949.74215875637776        992.57259093163748     
           0           0         315  0.87500000000000000        0.0000000000000000        1683.9373870709510        2.6376175624700200E-002   949.74215875637799        992.57259093163771     
           0           0         316   1.7500000000000000        0.0000000000000000        1683.1431536105224        2.6360217261814353E-002   1899.4843175127555        992.57259093163759     
           0           0         317   2.6250000000000000        0.0000000000000000        1683.5702514174973        2.6369241578956325E-002   949.74215875637799        992.57259093163771     
           0           0         318   3.5000000000000000        0.0000000000000000        1683.7336852379676        2.6372916397340990E-002   1899.4843175127555        992.57259093163759     
           0           0         319   15.750000000000000        3.5000000000000000        1695.1230152223848        2.6616343644105811E-002   3798.9686350255115        992.57259093163771     
           0           0         320   4.3750000000000000        0.0000000000000000        1683.2078478803851        2.6363159086543232E-002   949.74215875637799        992.57259093163771     
           0           0         321   5.2500000000000000        0.0000000000000000        1683.0985166826238        2.6361721813989648E-002   1899.4843175127555        992.57259093163759     
           0           0         322   12.250000000000000        1.7500000000000000        1687.7619732656190        2.6469087362293094E-002   1899.4843175127558        992.57259093163771     
           0           0         323   6.1250000000000000        0.0000000000000000        1683.5150143499984        2.6370687198196491E-002   949.74215875637799        992.57259093163771     
           0           0         324   16.625000000000000        3.5000000000000000        1697.8447264018521        2.6669214676125638E-002   1899.4843175127560        992.57259093163771     
           0           0         325   7.0000000000000000        0.0000000000000000        1683.9396972339289        2.6380334322383809E-002   1899.4843175127555        992.57259093163759     
           0           0         326   7.8750000000000000        0.0000000000000000        1683.3256564526434        2.6369004661083346E-002   949.74215875637799        992.57259093163771     
           0           0         327   17.500000000000000        3.5000000000000000        1700.6388576293537        2.6723626840942795E-002   1899.4843175127553        992.57259093163748     
           0           0         328   8.7500000000000000        0.0000000000000000        1683.5922735440322        2.6374995162331414E-002   1899.4843175127555        992.57259093163759     
           0           0         329   14.000000000000000        1.7500000000000000        1690.8808930141936        2.6532936871875860E-002   1899.4843175127558        992.57259093163771     
           0           0         330   9.6250000000000000        0.0000000000000000        1684.8747156607164        2.6401965736489740E-002   949.74215875637799        992.57259093163771     
           0           0         331   10.500000000000000        0.0000000000000000        1684.6289041152656        2.6399636183255162E-002   1899.4843175127555        992.57259093163759     
           0           0         332   15.750000000000000        1.7500000000000000        1697.9124008881536        2.6668698914000165E-002   1899.4843175127558        992.57259093163771     
           0           0         333   11.375000000000000        0.0000000000000000        1685.4592014668167        2.6417361097997912E-002   949.74215875637799        992.57259093163771     
           0           0         334   12.250000000000000        0.0000000000000000        1689.7030733628924        2.6500753602718759E-002   1899.4843175127555        992.57259093163759     
           0           0         335   13.125000000000000        0.0000000000000000        1691.7182709568897        2.6542118109154630E-002   949.74215875637799        992.57259093163771     
           0           0         336   17.500000000000000        1.7500000000000000        1702.9237184973038        2.6767383279971878E-002   949.74215875637799        992.57259093163771     
           0           0         337   14.000000000000000        0.0000000000000000        1692.8540313995777        2.6566151107058060E-002   1899.4843175127555        992.57259093163759     
           0           0         338   14.875000000000000        0.0000000000000000        1694.7709615798803        2.6604726554424914E-002   949.74215875637799        992.57259093163771     
           0           0         339   15.750000000000000        0.0000000000000000        1698.3907436095521        2.6676503402691044E-002   1899.4843175127555        992.57259093163759     
           0           0         340   16.625000000000000        0.0000000000000000        1701.0406472707407        2.6729258463626660E-002   949.74215875637799        992.57259093163771     
           0           0         341   17.500000000000000        0.0000000000000000        1704.0271089653213        2.6788003138545079E-002   949.74215875637788        992.57259093163759     
