           0           0           1   0.0000000000000000        35.000000000000000        1378.2619987504640        1.9979275734212980E-002   975.98594946624371        995.99959400378862     
           0           0           2  0.87500000000000000        35.000000000000000        1366.6672536364149        1.9714647549245585E-002   975.98594946624360        995.99959400378862     
           0           0           3   0.0000000000000000        33.250000000000000        1404.5994036708787        2.0596735044767844E-002   975.98594946624360        995.99959400378862     
           0           0           4   1.7500000000000000        35.000000000000000        1376.6659470875943        1.9945846820988773E-002   1951.9718989324874        995.99959400378839     
           0           0           5   1.7500000000000000        33.250000000000000        1430.4587261953604        2.1171064344736597E-002   1951.9718989324872        995.99959400378862     
           0           0           6   2.6250000000000000        35.000000000000000        1372.9920631784005        1.9860416228008181E-002   975.98594946624360        995.99959400378862     
           0           0           7   0.0000000000000000        31.500000000000000        1462.7488018108372        2.1895113779832928E-002   1951.9718989324872        995.99959400378873     
           0           0           8   3.5000000000000000        35.000000000000000        1377.6241396890127        1.9963228864458032E-002   1951.9718989324874        995.99959400378839     
           0           0           9  0.87500000000000000        31.500000000000000        1474.8506082207755        2.2146035419095343E-002   1951.9718989324872        995.99959400378850     
           0           0          10   3.5000000000000000        33.250000000000000        1442.5365120477666        2.1435839889849678E-002   1951.9718989324872        995.99959400378862     
           0           0          11   1.7500000000000000        31.500000000000000        1480.9105343606650        2.2275301030714817E-002   3903.9437978649735        995.99959400378862     
           0           0          12   2.6250000000000000        31.500000000000000        1489.1433271415722        2.2452735765813043E-002   1951.9718989324872        995.99959400378850     
           0           0          13   4.3750000000000000        35.000000000000000        1380.8861764501817        2.0041951677291548E-002   975.98594946624360        995.99959400378862     
           0           0          14   3.5000000000000000        31.500000000000000        1506.9797105804298        2.2827538383508067E-002   3903.9437978649735        995.99959400378862     
           0           0          15   0.0000000000000000        29.750000000000000        1536.3545837904019        2.3473899451956586E-002   975.98594946624360        995.99959400378862     
           0           0          16   5.2500000000000000        35.000000000000000        1396.6358563551767        2.0395110008508473E-002   1951.9718989324874        995.99959400378839     
           0           0          17   1.7500000000000000        29.750000000000000        1549.9348201337334        2.3748047009039642E-002   1951.9718989324872        995.99959400378862     
           0           0          18   5.2500000000000000        33.250000000000000        1458.8328239579860        2.1791707961339220E-002   1951.9718989324872        995.99959400378862     
           0           0          19   4.3750000000000000        31.500000000000000        1515.5964339762497        2.3008430390128475E-002   1951.9718989324872        995.99959400378850     
           0           0          20   6.1250000000000000        35.000000000000000        1395.3920565717312        2.0381562722626860E-002   975.98594946624360        995.99959400378862     
           0           0          21   3.5000000000000000        29.750000000000000        1574.9878981655975        2.4252462557765656E-002   1951.9718989324872        995.99959400378862     
           0           0          22   5.2500000000000000        31.500000000000000        1538.2791369120937        2.3473442373959999E-002   3903.9437978649735        995.99959400378862     
           0           0          23   0.0000000000000000        28.000000000000000        1588.2628300148049        2.4552102867030929E-002   1951.9718989324872        995.99959400378873     
           0           0          24   7.0000000000000000        35.000000000000000        1419.5166551587531        2.0921339081099423E-002   1951.9718989324874        995.99959400378839     
           0           0          25   6.1250000000000000        31.500000000000000        1535.5368705091728        2.3421463133472025E-002   1951.9718989324872        995.99959400378850     
           0           0          26  0.87500000000000000        28.000000000000000        1613.4388560044272        2.5050318486686641E-002   1951.9718989324872        995.99959400378850     
           0           0          27   7.0000000000000000        33.250000000000000        1484.0285979272348        2.2334605650710531E-002   1951.9718989324872        995.99959400378862     
           0           0          28   1.7500000000000000        28.000000000000000        1614.6543805112501        2.5071358153719955E-002   3903.9437978649735        995.99959400378862     
           0           0          29   5.2500000000000000        29.750000000000000        1594.4916079786165        2.4640240919974361E-002   1951.9718989324872        995.99959400378862     
           0           0          30   2.6250000000000000        28.000000000000000        1636.2739739966837        2.5487819981855783E-002   1951.9718989324872        995.99959400378850     
           0           0          31   7.0000000000000000        31.500000000000000        1553.7471185925804        2.3789904162511637E-002   3903.9437978649735        995.99959400378862     
           0           0          32   3.5000000000000000        28.000000000000000        1642.3967028132001        2.5608956464832560E-002   3903.9437978649735        995.99959400378862     
           0           0          33   7.8750000000000000        35.000000000000000        1454.0290619458474        2.1672144208598504E-002   975.98594946624360        995.99959400378862     
           0           0          34   4.3750000000000000        28.000000000000000        1658.4269961071502        2.5909041584677873E-002   1951.9718989324872        995.99959400378850     
           0           0          35   7.8750000000000000        31.500000000000000        1576.7686999951036        2.4264221650015582E-002   1951.9718989324872        995.99959400378850     
           0           0          36   8.7500000000000000        35.000000000000000        1435.7127341844819        2.1293794535859605E-002   1951.9718989324874        995.99959400378839     
           0           0          37   0.0000000000000000        26.250000000000000        1653.4532256840873        2.5854846895999772E-002   975.98594946624360        995.99959400378862     
           0           0          38   7.0000000000000000        29.750000000000000        1629.6985823027258        2.5329303877029561E-002   1951.9718989324872        995.99959400378862     
           0           0          39   5.2500000000000000        28.000000000000000        1681.0600968131957        2.6344592017219465E-002   3903.9437978649735        995.99959400378862     
           0           0          40   8.7500000000000000        33.250000000000000        1525.4840285582357        2.3209517336565538E-002   1951.9718989324872        995.99959400378862     
           0           0          41   1.7500000000000000        26.250000000000000        1678.5127735641477        2.6329311256991634E-002   1951.9718989324872        995.99959400378862     
           0           0          42   6.1250000000000000        28.000000000000000        1676.0269293717165        2.6241253462931192E-002   1951.9718989324872        995.99959400378850     
           0           0          43   8.7500000000000000        31.500000000000000        1589.1051367042110        2.4502698533689225E-002   3903.9437978649735        995.99959400378862     
           0           0          44   3.5000000000000000        26.250000000000000        1702.7449858204045        2.6779764887831799E-002   1951.9718989324872        995.99959400378862     
           0           0          45   9.6250000000000000        35.000000000000000        1485.5581959491483        2.2353170575184562E-002   975.98594946624360        995.99959400378862     
           0           0          46   7.0000000000000000        28.000000000000000        1713.9090074696101        2.6953013102835557E-002   3903.9437978649735        995.99959400378862     
           0           0          47   8.7500000000000000        29.750000000000000        1665.4354640944332        2.6018737139147159E-002   1951.9718989324872        995.99959400378862     
           0           0          48   5.2500000000000000        26.250000000000000        1723.2536496154510        2.7155014316354559E-002   1951.9718989324872        995.99959400378862     
           0           0          49   9.6250000000000000        31.500000000000000        1623.6686698353706        2.5199144661024853E-002   1951.9718989324872        995.99959400378850     
           0           0          50   10.500000000000000        35.000000000000000        1460.9198007939592        2.1861136345294789E-002   1951.9718989324874        995.99959400378839     
           0           0          51   0.0000000000000000        24.500000000000000        1710.1884595439667        2.6958237674856913E-002   1951.9718989324872        995.99959400378873     
           0           0          52   7.8750000000000000        28.000000000000000        1707.8967679056516        2.6837091190753663E-002   1951.9718989324872        995.99959400378850     
           0           0          53  0.87500000000000000        24.500000000000000        1720.5643436436210        2.7149456380853587E-002   1951.9718989324872        995.99959400378850     
           0           0          54   1.7500000000000000        24.500000000000000        1732.6401916358573        2.7369616340239853E-002   3903.9437978649735        995.99959400378862     
           0           0          55   10.500000000000000        33.250000000000000        1581.3497883616137        2.4357872877229864E-002   1951.9718989324872        995.99959400378862     
           0           0          56   2.6250000000000000        24.500000000000000        1741.4809096313322        2.7528413769012286E-002   1951.9718989324872        995.99959400378850     
           0           0          57   3.5000000000000000        24.500000000000000        1749.5244766405308        2.7672956168105875E-002   3903.9437978649735        995.99959400378862     
           0           0          58   10.500000000000000        31.500000000000000        1636.8200232897398        2.5442814532710037E-002   3903.9437978649735        995.99959400378862     
           0           0          59   8.7500000000000000        28.000000000000000        1735.1320095554829        2.7343572866974572E-002   3903.9437978649735        995.99959400378862     
           0           0          60   7.0000000000000000        26.250000000000000        1739.4896189317342        2.7450490747432141E-002   1951.9718989324872        995.99959400378862     
           0           0          61   11.375000000000000        35.000000000000000        1510.2144991315656        2.2897677789491581E-002   975.98594946624360        995.99959400378862     
           0           0          62   4.3750000000000000        24.500000000000000        1760.5573936774538        2.7872149801362923E-002   1951.9718989324872        995.99959400378850     
           0           0          63   10.500000000000000        29.750000000000000        1702.4979224250692        2.6719338347015786E-002   1951.9718989324872        995.99959400378862     
           0           0          64   5.2500000000000000        24.500000000000000        1766.5721286320072        2.7978161101189884E-002   3903.9437978649735        995.99959400378862     
           0           0          65   11.375000000000000        31.500000000000000        1666.7406079613775        2.6025428552723027E-002   1951.9718989324872        995.99959400378850     
           0           0          66   9.6250000000000000        28.000000000000000        1734.3834854137767        2.7330269770617290E-002   1951.9718989324872        995.99959400378850     
           0           0          67   6.1250000000000000        24.500000000000000        1770.4386302486269        2.8047200546840914E-002   1951.9718989324872        995.99959400378850     
           0           0          68   0.0000000000000000        22.750000000000000        1745.2078703474137        2.7620541613220577E-002   975.98594946624360        995.99959400378862     
           0           0          69   12.250000000000000        35.000000000000000        1525.8991624261141        2.3239083104525007E-002   1951.9718989324874        995.99959400378839     
           0           0          70   12.250000000000000        33.250000000000000        1625.9641424494175        2.5253237375468710E-002   1951.9718989324872        995.99959400378862     
           0           0          71   1.7500000000000000        22.750000000000000        1763.3818804966031        2.7947689054666727E-002   1951.9718989324872        995.99959400378862     
           0           0          72   8.7500000000000000        26.250000000000000        1750.4154662177425        2.7649508825297951E-002   1951.9718989324872        995.99959400378862     
           0           0          73   7.0000000000000000        24.500000000000000        1776.6869270354641        2.8161595480872867E-002   3903.9437978649735        995.99959400378862     
           0           0          74   10.500000000000000        28.000000000000000        1755.4400496987221        2.7720781563042775E-002   3903.9437978649735        995.99959400378862     
           0           0          75   3.5000000000000000        22.750000000000000        1775.2043103851618        2.8158084014668339E-002   1951.9718989324872        995.99959400378862     
           0           0          76   12.250000000000000        31.500000000000000        1714.2235899994610        2.6919908151274013E-002   3903.9437978649735        995.99959400378862     
           0           0          77   7.8750000000000000        24.500000000000000        1776.1357893702011        2.8153020071737481E-002   1951.9718989324872        995.99959400378850     
           0           0          78   13.125000000000000        35.000000000000000        1557.0915414453743        2.3881644372085002E-002   975.98594946624360        995.99959400378862     
           0           0          79   5.2500000000000000        22.750000000000000        1779.8859211421156        2.8238295030919597E-002   1951.9718989324872        995.99959400378862     
           0           0          80   12.250000000000000        29.750000000000000        1726.5140106293995        2.7169344447625303E-002   1951.9718989324872        995.99959400378862     
           0           0          81   11.375000000000000        28.000000000000000        1754.0706637011440        2.7699691800731736E-002   1951.9718989324872        995.99959400378850     
           0           0          82   13.125000000000000        31.500000000000000        1741.9739470868583        2.7446983127794287E-002   1951.9718989324872        995.99959400378850     
           0           0          83   10.500000000000000        26.250000000000000        1750.7622212875492        2.7654111557180436E-002   1951.9718989324872        995.99959400378862     
           0           0          84   8.7500000000000000        24.500000000000000        1775.4706083207882        2.8140925344341081E-002   3903.9437978649735        995.99959400378862     
           0           0          85   0.0000000000000000        21.000000000000000        1788.3037360578587        2.8428457229217014E-002   1951.9718989324872        995.99959400378873     
           0           0          86   14.000000000000000        35.000000000000000        1592.8903180444963        2.4626022798642740E-002   1951.9718989324874        995.99959400378839     
           0           0          87  0.87500000000000000        21.000000000000000        1792.2703015564337        2.8497244834755291E-002   1951.9718989324872        995.99959400378850     
           0           0          88   14.000000000000000        33.250000000000000        1705.7090997283026        2.6795485127838744E-002   1951.9718989324872        995.99959400378862     
           0           0          89   7.0000000000000000        22.750000000000000        1772.5537665893944        2.8104333709729139E-002   1951.9718989324872        995.99959400378862     
           0           0          90   12.250000000000000        28.000000000000000        1761.8318373277586        2.7847177456703898E-002   3903.9437978649735        995.99959400378862     
           0           0          91   1.7500000000000000        21.000000000000000        1798.1363174652008        2.8600531364235644E-002   3903.9437978649735        995.99959400378862     
           0           0          92   9.6250000000000000        24.500000000000000        1768.6794773991523        2.8016961954793956E-002   1951.9718989324872        995.99959400378850     
           0           0          93   2.6250000000000000        21.000000000000000        1799.5667872624624        2.8624871874786711E-002   1951.9718989324872        995.99959400378850     
           0           0          94   14.000000000000000        31.500000000000000        1796.7037762044181        2.8440177567814324E-002   3903.9437978649735        995.99959400378862     
           0           0          95   3.5000000000000000        21.000000000000000        1803.2347567526103        2.8689627376763348E-002   3903.9437978649735        995.99959400378862     
           0           0          96   4.3750000000000000        21.000000000000000        1800.5733688668045        2.8641790034804750E-002   1951.9718989324872        995.99959400378850     
           0           0          97   10.500000000000000        24.500000000000000        1758.0365556941470        2.7819652307078772E-002   3903.9437978649735        995.99959400378862     
           0           0          98   13.125000000000000        28.000000000000000        1749.6763511402451        2.7627670185213032E-002   1951.9718989324872        995.99959400378850     
           0           0          99   14.875000000000000        35.000000000000000        1641.2207451934469        2.5611103304123625E-002   975.98594946624360        995.99959400378862     
           0           0         100   14.000000000000000        29.750000000000000        1741.5466545409454        2.7454510567691805E-002   1951.9718989324872        995.99959400378862     
           0           0         101   5.2500000000000000        21.000000000000000        1796.9502453573857        2.8575954981321459E-002   3903.9437978649735        995.99959400378862     
           0           0         102   8.7500000000000000        22.750000000000000        1760.0038528535547        2.7870319049312475E-002   1951.9718989324872        995.99959400378862     
           0           0         103   12.250000000000000        26.250000000000000        1727.2182970282545        2.7218716126389451E-002   1951.9718989324872        995.99959400378862     
           0           0         104   6.1250000000000000        21.000000000000000        1790.4021006107801        2.8458059085277085E-002   1951.9718989324872        995.99959400378850     
           0           0         105   14.875000000000000        31.500000000000000        1779.5542627167158        2.8146464273714152E-002   1951.9718989324872        995.99959400378850     
           0           0         106   11.375000000000000        24.500000000000000        1743.7285371964208        2.7556439799705582E-002   1951.9718989324872        995.99959400378850     
           0           0         107   14.000000000000000        28.000000000000000        1716.3258428099539        2.7004741108395052E-002   3903.9437978649735        995.99959400378862     
           0           0         108   7.0000000000000000        21.000000000000000        1780.6108404907882        2.8283213309378254E-002   3903.9437978649735        995.99959400378862     
           0           0         109   0.0000000000000000        19.250000000000000        1801.6767853891247        2.8666073623910070E-002   975.98594946624360        995.99959400378862     
           0           0         110   15.750000000000000        35.000000000000000        1751.4998620788897        2.7678675214793096E-002   1951.9718989324874        995.99959400378839     
           0           0         111   15.750000000000000        33.250000000000000        1790.7927764906931        2.8331813498901265E-002   1951.9718989324872        995.99959400378862     
           0           0         112   1.7500000000000000        19.250000000000000        1802.4572740220515        2.8679287543532619E-002   1951.9718989324872        995.99959400378862     
           0           0         113   7.8750000000000000        21.000000000000000        1772.3244461526444        2.8128944949306605E-002   1951.9718989324872        995.99959400378850     
           0           0         114   3.5000000000000000        19.250000000000000        1796.6157165700747        2.8573283011418631E-002   1951.9718989324872        995.99959400378862     
           0           0         115   10.500000000000000        22.750000000000000        1733.9745001293245        2.7384045233756642E-002   1951.9718989324872        995.99959400378862     
           0           0         116   15.750000000000000        31.500000000000000        1846.9083290471301        2.9368797421692072E-002   3903.9437978649735        995.99959400378862     
           0           0         117   12.250000000000000        24.500000000000000        1721.8640154223790        2.7148556972537204E-002   3903.9437978649735        995.99959400378862     
           0           0         118   14.875000000000000        28.000000000000000        1697.2963607037138        2.6653781819728314E-002   1951.9718989324872        995.99959400378850     
           0           0         119   14.000000000000000        26.250000000000000        1684.6973587819282        2.6418711056523353E-002   1951.9718989324872        995.99959400378862     
           0           0         120   8.7500000000000000        21.000000000000000        1760.7191394975719        2.7910881855977437E-002   3903.9437978649735        995.99959400378862     
           0           0         121   15.750000000000000        29.750000000000000        1679.2172321298381        2.6284883217326832E-002   1951.9718989324872        995.99959400378862     
           0           0         122   5.2500000000000000        19.250000000000000        1780.2083673726506        2.8277504441595498E-002   1951.9718989324872        995.99959400378862     
           0           0         123   16.625000000000000        35.000000000000000        2138.7218750889274        3.4459671548521323E-002   975.98594946624360        995.99959400378862     
           0           0         124   13.125000000000000        24.500000000000000        1700.9843805469184        2.6753408381834189E-002   1951.9718989324872        995.99959400378850     
           0           0         125   9.6250000000000000        21.000000000000000        1746.4713164789821        2.7644978811782281E-002   1951.9718989324872        995.99959400378850     
           0           0         126   16.625000000000000        31.500000000000000        1711.4385504580112        2.6936621999204102E-002   1951.9718989324872        995.99959400378850     
           0           0         127   7.0000000000000000        19.250000000000000        1761.4203585493406        2.7933792957329902E-002   1951.9718989324872        995.99959400378862     
           0           0         128   15.750000000000000        28.000000000000000        1643.6408364753706        2.5613707601428826E-002   3903.9437978649735        995.99959400378862     
           0           0         129   12.250000000000000        22.750000000000000        1700.8584056332325        2.6761083847718747E-002   1951.9718989324872        995.99959400378862     
           0           0         130   14.000000000000000        24.500000000000000        1676.0532957702239        2.6272185688451698E-002   3903.9437978649735        995.99959400378862     
           0           0         131   17.500000000000000        35.000000000000000        2663.9051942948868        4.2026366084696662E-002   975.98594946624360        995.99959400378850     
           0           0         132   0.0000000000000000        17.500000000000000        1825.8737567348028        2.9108894988847344E-002   1951.9718989324872        995.99959400378873     
           0           0         133   10.500000000000000        21.000000000000000        1728.0587496007090        2.7297845561082303E-002   3903.9437978649735        995.99959400378862     
           0           0         134  0.87500000000000000        17.500000000000000        1820.5196299435493        2.9015881288985634E-002   1951.9718989324872        995.99959400378850     
           0           0         135   1.7500000000000000        17.500000000000000        1816.6558664893080        2.8949788001397424E-002   3903.9437978649735        995.99959400378862     
           0           0         136   17.500000000000000        33.250000000000000        1929.9377328849669        3.0877284910504156E-002   975.98594946624360        995.99959400378862     
           0           0         137   2.6250000000000000        17.500000000000000        1810.2499076530705        2.8835839720591172E-002   1951.9718989324872        995.99959400378850     
           0           0         138   17.500000000000000        31.500000000000000        1509.5552961108638        2.2843242418637694E-002   1951.9718989324876        995.99959400378827     
           0           0         139   3.5000000000000000        17.500000000000000        1802.0554476395560        2.8689076565041854E-002   3903.9437978649735        995.99959400378862     
           0           0         140   8.7500000000000000        19.250000000000000        1738.8587624538682        2.7508428784509299E-002   1951.9718989324872        995.99959400378862     
           0           0         141   15.750000000000000        26.250000000000000        1641.0332660387596        2.5568482206854405E-002   1951.9718989324872        995.99959400378862     
           0           0         142   4.3750000000000000        17.500000000000000        1792.4225581913643        2.8517852765278181E-002   1951.9718989324872        995.99959400378850     
           0           0         143   11.375000000000000        21.000000000000000        1714.4565252677648        2.7040485256649212E-002   1951.9718989324872        995.99959400378850     
           0           0         144   16.625000000000000        28.000000000000000        1621.3681556798945        2.5179070843220089E-002   1951.9718989324872        995.99959400378850     
           0           0         145   14.875000000000000        24.500000000000000        1659.9217733350042        2.5951050437385253E-002   1951.9718989324872        995.99959400378850     
           0           0         146   17.500000000000000        29.750000000000000        1530.8865695146060        2.3336638398470666E-002   975.98594946624360        995.99959400378862     
           0           0         147   5.2500000000000000        17.500000000000000        1779.1825528757288        2.8279990700660590E-002   3903.9437978649735        995.99959400378862     
           0           0         148   6.1250000000000000        17.500000000000000        1769.5960383929778        2.8101937187946447E-002   1951.9718989324872        995.99959400378850     
           0           0         149   14.000000000000000        22.750000000000000        1669.9893509384497        2.6157768372515475E-002   1951.9718989324872        995.99959400378862     
           0           0         150   12.250000000000000        21.000000000000000        1695.8683439186088        2.6684152230430663E-002   3903.9437978649735        995.99959400378862     
           0           0         151   7.0000000000000000        17.500000000000000        1758.0199966947318        2.7883608027765430E-002   3903.9437978649735        995.99959400378862     
           0           0         152   17.500000000000000        28.000000000000000        1603.3110194887950        2.4814192151391589E-002   1951.9718989324876        995.99959400378827     
           0           0         153   10.500000000000000        19.250000000000000        1713.5780948959052        2.7027836331105237E-002   1951.9718989324872        995.99959400378862     
           0           0         154   15.750000000000000        24.500000000000000        1644.7192192663047        2.5642334685848096E-002   3903.9437978649735        995.99959400378862     
           0           0         155   7.8750000000000000        17.500000000000000        1745.7508155184219        2.7654850182473815E-002   1951.9718989324872        995.99959400378850     
           0           0         156   13.125000000000000        21.000000000000000        1686.0178272579162        2.6486593561367407E-002   1951.9718989324872        995.99959400378850     
           0           0         157   0.0000000000000000        15.750000000000000        1818.1865614218154        2.8956126400953124E-002   975.98594946624360        995.99959400378862     
           0           0         158   1.7500000000000000        15.750000000000000        1801.4881199704600        2.8666666742957786E-002   1951.9718989324872        995.99959400378862     
           0           0         159   3.5000000000000000        15.750000000000000        1782.0435053729830        2.8318104081667940E-002   1951.9718989324872        995.99959400378862     
           0           0         160   17.500000000000000        26.250000000000000        1626.9229186442008        2.5266656971804330E-002   975.98594946624360        995.99959400378862     
           0           0         161   8.7500000000000000        17.500000000000000        1731.7234066173023        2.7389659136178034E-002   3903.9437978649735        995.99959400378862     
           0           0         162   16.625000000000000        24.500000000000000        1635.4054313491383        2.5447139586816239E-002   1951.9718989324872        995.99959400378850     
           0           0         163   14.000000000000000        21.000000000000000        1673.4086277349945        2.6233658179275945E-002   3903.9437978649735        995.99959400378862     
           0           0         164   12.250000000000000        19.250000000000000        1690.2831041317663        2.6575948698202116E-002   1951.9718989324872        995.99959400378862     
           0           0         165   15.750000000000000        22.750000000000000        1653.7603649934927        2.5820239806712199E-002   1951.9718989324872        995.99959400378862     
           0           0         166   5.2500000000000000        15.750000000000000        1761.2837080305401        2.7939192112447626E-002   1951.9718989324872        995.99959400378862     
           0           0         167   9.6250000000000000        17.500000000000000        1723.0240675692764        2.7220978210470679E-002   1951.9718989324872        995.99959400378850     
           0           0         168   17.500000000000000        24.500000000000000        1625.8610553050255        2.5245739959241335E-002   1951.9718989324876        995.99959400378827     
           0           0         169   10.500000000000000        17.500000000000000        1710.5767119948591        2.6981910823470845E-002   3903.9437978649735        995.99959400378862     
           0           0         170   14.875000000000000        21.000000000000000        1669.2080426610514        2.6138736882493269E-002   1951.9718989324872        995.99959400378850     
           0           0         171   7.0000000000000000        15.750000000000000        1739.8808569247506        2.7539392808423459E-002   1951.9718989324872        995.99959400378862     
           0           0         172   11.375000000000000        17.500000000000000        1700.9809159909935        2.6793230192620990E-002   1951.9718989324872        995.99959400378850     
           0           0         173   0.0000000000000000        14.000000000000000        1821.3943477415617        2.9013376027812069E-002   1951.9718989324872        995.99959400378873     
           0           0         174  0.87500000000000000        14.000000000000000        1810.6868444483771        2.8830683694917855E-002   1951.9718989324872        995.99959400378850     
           0           0         175   14.000000000000000        19.250000000000000        1679.0874642214440        2.6339733674202691E-002   1951.9718989324872        995.99959400378862     
           0           0         176   1.7500000000000000        14.000000000000000        1799.2419549366609        2.8631397077791124E-002   3903.9437978649735        995.99959400378862     
           0           0         177   15.750000000000000        21.000000000000000        1663.8152180297677        2.6018776804487664E-002   3903.9437978649735        995.99959400378862     
           0           0         178   8.7500000000000000        15.750000000000000        1721.4645037508133        2.7188304328055496E-002   1951.9718989324872        995.99959400378862     
           0           0         179   2.6250000000000000        14.000000000000000        1789.9948670003896        2.8465300457571497E-002   1951.9718989324872        995.99959400378850     
           0           0         180   3.5000000000000000        14.000000000000000        1777.3626899513486        2.8236475026302495E-002   3903.9437978649735        995.99959400378862     
           0           0         181   12.250000000000000        17.500000000000000        1690.5240779159008        2.6585729766096865E-002   3903.9437978649735        995.99959400378862     
           0           0         182   17.500000000000000        22.750000000000000        1637.6590439542986        2.5476706420144525E-002   975.98594946624360        995.99959400378862     
           0           0         183   4.3750000000000000        14.000000000000000        1766.2136556894168        2.8031130716658671E-002   1951.9718989324872        995.99959400378850     
           0           0         184   5.2500000000000000        14.000000000000000        1754.7462107384426        2.7818658027787730E-002   3903.9437978649735        995.99959400378862     
           0           0         185   16.625000000000000        21.000000000000000        1658.1408761371608        2.5893605736731194E-002   1951.9718989324872        995.99959400378850     
           0           0         186   6.1250000000000000        14.000000000000000        1744.1600740757008        2.7624063435268444E-002   1951.9718989324872        995.99959400378850     
           0           0         187   13.125000000000000        17.500000000000000        1687.0006491613326        2.6507051360919701E-002   1951.9718989324872        995.99959400378850     
           0           0         188   10.500000000000000        15.750000000000000        1704.9186489431358        2.6866686664606631E-002   1951.9718989324872        995.99959400378862     
           0           0         189   7.0000000000000000        14.000000000000000        1732.1200054329199        2.7399176877040132E-002   3903.9437978649735        995.99959400378862     
           0           0         190   15.750000000000000        19.250000000000000        1672.2054723407409        2.6180345928173004E-002   1951.9718989324872        995.99959400378862     
           0           0         191   17.500000000000000        21.000000000000000        1653.6036947883701        2.5790188321946510E-002   1951.9718989324876        995.99959400378827     
           0           0         192   14.000000000000000        17.500000000000000        1684.5792620372308        2.6448024367181952E-002   3903.9437978649735        995.99959400378862     
           0           0         193   7.8750000000000000        14.000000000000000        1726.0787835206827        2.7280414355635864E-002   1951.9718989324872        995.99959400378850     
           0           0         194   0.0000000000000000        12.250000000000000        1801.2800568039454        2.8636829290039648E-002   975.98594946624360        995.99959400378862     
           0           0         195   8.7500000000000000        14.000000000000000        1719.1459903424789        2.7143969729510779E-002   3903.9437978649735        995.99959400378862     
           0           0         196   12.250000000000000        15.750000000000000        1692.9012077262914        2.6623937235664114E-002   1951.9718989324872        995.99959400378862     
           0           0         197   1.7500000000000000        12.250000000000000        1782.4758509908954        2.8307083788051954E-002   1951.9718989324872        995.99959400378862     
           0           0         198   14.875000000000000        17.500000000000000        1681.5678231671056        2.6378543379146739E-002   1951.9718989324872        995.99959400378850     
           0           0         199   3.5000000000000000        12.250000000000000        1761.9079599021743        2.7933595472078097E-002   1951.9718989324872        995.99959400378862     
           0           0         200   9.6250000000000000        14.000000000000000        1710.9901361793334        2.6985951180440490E-002   1951.9718989324872        995.99959400378850     
           0           0         201   5.2500000000000000        12.250000000000000        1740.3006380905008        2.7536947883441847E-002   1951.9718989324872        995.99959400378862     
           0           0         202   10.500000000000000        14.000000000000000        1702.4072335296837        2.6818537103337498E-002   3903.9437978649735        995.99959400378862     
           0           0         203   15.750000000000000        17.500000000000000        1679.4135299585510        2.6324960335219666E-002   3903.9437978649735        995.99959400378862     
           0           0         204   17.500000000000000        19.250000000000000        1667.3266663656941        2.6056088333862873E-002   975.98594946624360        995.99959400378862     
           0           0         205   7.0000000000000000        12.250000000000000        1726.1026803481011        2.7268188966762051E-002   1951.9718989324872        995.99959400378862     
           0           0         206   14.000000000000000        15.750000000000000        1690.1426182310956        2.6550888542608536E-002   1951.9718989324872        995.99959400378862     
           0           0         207   11.375000000000000        14.000000000000000        1697.9318513180824        2.6727537685942489E-002   1951.9718989324872        995.99959400378850     
           0           0         208   16.625000000000000        17.500000000000000        1679.7176502105729        2.6314671336504298E-002   1951.9718989324872        995.99959400378850     
           0           0         209   12.250000000000000        14.000000000000000        1695.0685283103289        2.6665067610066213E-002   3903.9437978649735        995.99959400378862     
           0           0         210   8.7500000000000000        12.250000000000000        1715.6544387381055        2.7065140938499460E-002   1951.9718989324872        995.99959400378862     
           0           0         211   0.0000000000000000        10.500000000000000        1789.5250907442123        2.8418851470595446E-002   1951.9718989324872        995.99959400378873     
           0           0         212  0.87500000000000000        10.500000000000000        1781.5980965416529        2.8278005920478681E-002   1951.9718989324872        995.99959400378850     
           0           0         213   1.7500000000000000        10.500000000000000        1772.2337165870208        2.8109457345121228E-002   3903.9437978649735        995.99959400378862     
           0           0         214   2.6250000000000000        10.500000000000000        1761.9609422826154        2.7923473759029392E-002   1951.9718989324872        995.99959400378850     
           0           0         215   3.5000000000000000        10.500000000000000        1751.5174865532238        2.7732340805041961E-002   3903.9437978649735        995.99959400378862     
           0           0         216   17.500000000000000        17.500000000000000        1679.3607453513532        2.6292184678534128E-002   1951.9718989324876        995.99959400378827     
           0           0         217   13.125000000000000        14.000000000000000        1694.7844736129327        2.6650062566319167E-002   1951.9718989324872        995.99959400378850     
           0           0         218   15.750000000000000        15.750000000000000        1690.1026188566416        2.6527366439481153E-002   1951.9718989324872        995.99959400378862     
           0           0         219   4.3750000000000000        10.500000000000000        1741.7280831227424        2.7554041366474585E-002   1951.9718989324872        995.99959400378850     
           0           0         220   5.2500000000000000        10.500000000000000        1729.8926773353728        2.7336078134735150E-002   3903.9437978649735        995.99959400378862     
           0           0         221   10.500000000000000        12.250000000000000        1703.7233619839440        2.6832663617572212E-002   1951.9718989324872        995.99959400378862     
           0           0         222   14.000000000000000        14.000000000000000        1693.2976824801003        2.6613499200512383E-002   3903.9437978649735        995.99959400378862     
           0           0         223   6.1250000000000000        10.500000000000000        1726.7343671544459        2.7274050147908124E-002   1951.9718989324872        995.99959400378850     
           0           0         224   7.0000000000000000        10.500000000000000        1722.2972048828240        2.7186956970450239E-002   3903.9437978649735        995.99959400378862     
           0           0         225   14.875000000000000        14.000000000000000        1695.0907870554192        2.6637187229684684E-002   1951.9718989324872        995.99959400378850     
           0           0         226   7.8750000000000000        10.500000000000000        1716.2322538476524        2.7071641809407465E-002   1951.9718989324872        995.99959400378850     
           0           0         227   12.250000000000000        12.250000000000000        1700.3907984535335        2.6757804671114001E-002   1951.9718989324872        995.99959400378862     
           0           0         228   17.500000000000000        15.750000000000000        1692.7843650153229        2.6551068667374271E-002   975.98594946624360        995.99959400378862     
           0           0         229   8.7500000000000000        10.500000000000000        1711.0752734582047        2.6972838451800669E-002   3903.9437978649735        995.99959400378862     
           0           0         230   15.750000000000000        14.000000000000000        1697.9037937472153        2.6678812369492245E-002   3903.9437978649735        995.99959400378862     
           0           0         231   0.0000000000000000        8.7500000000000000        1774.5328409378562        2.8126879197519404E-002   975.98594946624360        995.99959400378862     
           0           0         232   1.7500000000000000        8.7500000000000000        1756.7056395140748        2.7805433070989198E-002   1951.9718989324872        995.99959400378862     
           0           0         233   9.6250000000000000        10.500000000000000        1706.7960635289437        2.6888995306330786E-002   1951.9718989324872        995.99959400378850     
           0           0         234   3.5000000000000000        8.7500000000000000        1738.8555277339274        2.7480515990675872E-002   1951.9718989324872        995.99959400378862     
           0           0         235   10.500000000000000        10.500000000000000        1703.1755339977231        2.6816965180204100E-002   3903.9437978649735        995.99959400378862     
           0           0         236   14.000000000000000        12.250000000000000        1701.3067263107507        2.6760178392543812E-002   1951.9718989324872        995.99959400378862     
           0           0         237   5.2500000000000000        8.7500000000000000        1725.5304060311264        2.7235423283650660E-002   1951.9718989324872        995.99959400378862     
           0           0         238   16.625000000000000        14.000000000000000        1699.5498369090444        2.6697794112625583E-002   1951.9718989324872        995.99959400378850     
           0           0         239   11.375000000000000        10.500000000000000        1703.2129133846013        2.6812865106573727E-002   1951.9718989324872        995.99959400378850     
           0           0         240   7.0000000000000000        8.7500000000000000        1719.6325266525971        2.7121251481344880E-002   1951.9718989324872        995.99959400378862     
           0           0         241   17.500000000000000        14.000000000000000        1701.7296966706092        2.6728239979041103E-002   1951.9718989324876        995.99959400378827     
           0           0         242   12.250000000000000        10.500000000000000        1702.6195522932640        2.6797825313422612E-002   3903.9437978649735        995.99959400378862     
           0           0         243   15.750000000000000        12.250000000000000        1706.9819002985064        2.6850206294368031E-002   1951.9718989324872        995.99959400378862     
           0           0         244   8.7500000000000000        8.7500000000000000        1711.3672694431725        2.6964376119047735E-002   1951.9718989324872        995.99959400378862     
           0           0         245   13.125000000000000        10.500000000000000        1703.4408369435657        2.6807470860527066E-002   1951.9718989324872        995.99959400378850     
           0           0         246   0.0000000000000000        7.0000000000000000        1757.5827038424561        2.7801806877506531E-002   1951.9718989324872        995.99959400378873     
           0           0         247  0.87500000000000000        7.0000000000000000        1749.6367717288977        2.7658564936891318E-002   1951.9718989324872        995.99959400378850     
           0           0         248   1.7500000000000000        7.0000000000000000        1741.2399536554124        2.7505866086331199E-002   3903.9437978649735        995.99959400378862     
           0           0         249   2.6250000000000000        7.0000000000000000        1735.2456612327167        2.7397415237282872E-002   1951.9718989324872        995.99959400378850     
           0           0         250   3.5000000000000000        7.0000000000000000        1727.6268456471962        2.7257692071414766E-002   3903.9437978649735        995.99959400378862     
           0           0         251   14.000000000000000        10.500000000000000        1705.5773684904827        2.6840353806839006E-002   3903.9437978649735        995.99959400378862     
           0           0         252   10.500000000000000        8.7500000000000000        1707.5828328729472        2.6889157729724292E-002   1951.9718989324872        995.99959400378862     
           0           0         253   4.3750000000000000        7.0000000000000000        1722.8023574939618        2.7168769801111079E-002   1951.9718989324872        995.99959400378850     
           0           0         254   5.2500000000000000        7.0000000000000000        1719.8730646784772        2.7112498844134181E-002   3903.9437978649735        995.99959400378862     
           0           0         255   6.1250000000000000        7.0000000000000000        1716.5066099253845        2.7048832755439227E-002   1951.9718989324872        995.99959400378850     
           0           0         256   14.875000000000000        10.500000000000000        1708.6971853462458        2.6892766252863045E-002   1951.9718989324872        995.99959400378850     
           0           0         257   17.500000000000000        12.250000000000000        1712.4510611920343        2.6933571428775609E-002   975.98594946624360        995.99959400378862     
           0           0         258   7.0000000000000000        7.0000000000000000        1713.0878868516656        2.6986345308446666E-002   3903.9437978649735        995.99959400378862     
           0           0         259   12.250000000000000        8.7500000000000000        1707.5674451913933        2.6884510975431850E-002   1951.9718989324872        995.99959400378862     
           0           0         260   7.8750000000000000        7.0000000000000000        1710.9941240417027        2.6947163398056105E-002   1951.9718989324872        995.99959400378850     
           0           0         261   15.750000000000000        10.500000000000000        1711.8787767832262        2.6946746476008761E-002   3903.9437978649735        995.99959400378862     
           0           0         262   8.7500000000000000        7.0000000000000000        1708.5263319550104        2.6900658243534267E-002   3903.9437978649735        995.99959400378862     
           0           0         263   16.625000000000000        10.500000000000000        1715.7510273433841        2.7011523199573312E-002   1951.9718989324872        995.99959400378850     
           0           0         264   9.6250000000000000        7.0000000000000000        1707.6844047862530        2.6884654096375547E-002   1951.9718989324872        995.99959400378850     
           0           0         265   14.000000000000000        8.7500000000000000        1713.5472593377428        2.6986177150626577E-002   1951.9718989324872        995.99959400378862     
           0           0         266   0.0000000000000000        5.2500000000000000        1744.0786742754317        2.7541272325564536E-002   975.98594946624360        995.99959400378862     
           0           0         267   1.7500000000000000        5.2500000000000000        1732.8379811127438        2.7337100170566394E-002   1951.9718989324872        995.99959400378862     
           0           0         268   10.500000000000000        7.0000000000000000        1707.7000555693103        2.6883372917082475E-002   3903.9437978649735        995.99959400378862     
           0           0         269   3.5000000000000000        5.2500000000000000        1723.7058047161656        2.7169702308721878E-002   1951.9718989324872        995.99959400378862     
           0           0         270   17.500000000000000        10.500000000000000        1719.5546655658047        2.7074742412507298E-002   1951.9718989324876        995.99959400378827     
           0           0         271   5.2500000000000000        5.2500000000000000        1719.0960674737037        2.7084561453622136E-002   1951.9718989324872        995.99959400378862     
           0           0         272   11.375000000000000        7.0000000000000000        1708.6813728954837        2.6901002988561663E-002   1951.9718989324872        995.99959400378850     
           0           0         273   7.0000000000000000        5.2500000000000000        1714.4419906670948        2.6999552314084456E-002   1951.9718989324872        995.99959400378862     
           0           0         274   12.250000000000000        7.0000000000000000        1708.5820111753776        2.6899828372591573E-002   3903.9437978649735        995.99959400378862     
           0           0         275   15.750000000000000        8.7500000000000000        1719.4418138480537        2.7088523274321239E-002   1951.9718989324872        995.99959400378862     
           0           0         276   13.125000000000000        7.0000000000000000        1712.9812051342008        2.6977720322470089E-002   1951.9718989324872        995.99959400378850     
           0           0         277   8.7500000000000000        5.2500000000000000        1711.2481871255397        2.6941367110653803E-002   1951.9718989324872        995.99959400378862     
           0           0         278   14.000000000000000        7.0000000000000000        1717.0961092628997        2.7051044465823793E-002   3903.9437978649735        995.99959400378862     
           0           0         279   0.0000000000000000        3.5000000000000000        1729.4484033099727        2.7254930702306470E-002   1951.9718989324872        995.99959400378873     
           0           0         280  0.87500000000000000        3.5000000000000000        1726.7706712447298        2.7207419782348433E-002   1951.9718989324872        995.99959400378850     
           0           0         281   10.500000000000000        5.2500000000000000        1712.2035576987205        2.6958512503241543E-002   1951.9718989324872        995.99959400378862     
           0           0         282   17.500000000000000        8.7500000000000000        1728.4362882964465        2.7244693471013662E-002   975.98594946624360        995.99959400378862     
           0           0         283   1.7500000000000000        3.5000000000000000        1723.0342718446982        2.7139062099870905E-002   3903.9437978649735        995.99959400378862     
           0           0         284   2.6250000000000000        3.5000000000000000        1720.0911368817049        2.7084971128725602E-002   1951.9718989324872        995.99959400378850     
           0           0         285   3.5000000000000000        3.5000000000000000        1716.6853029531837        2.7023012128431202E-002   3903.9437978649735        995.99959400378862     
           0           0         286   14.875000000000000        7.0000000000000000        1719.1038416646225        2.7086618985550613E-002   1951.9718989324872        995.99959400378850     
           0           0         287   4.3750000000000000        3.5000000000000000        1715.9709442606422        2.7010925471959255E-002   1951.9718989324872        995.99959400378850     
           0           0         288   5.2500000000000000        3.5000000000000000        1714.6300238827534        2.6987092179554421E-002   3903.9437978649735        995.99959400378862     
           0           0         289   6.1250000000000000        3.5000000000000000        1713.3605930628742        2.6964960981411833E-002   1951.9718989324872        995.99959400378850     
           0           0         290   15.750000000000000        7.0000000000000000        1723.1243611225618        2.7159710662752908E-002   3903.9437978649735        995.99959400378862     
           0           0         291   12.250000000000000        5.2500000000000000        1715.6365809995425        2.7023799909166972E-002   1951.9718989324872        995.99959400378862     
           0           0         292   7.0000000000000000        3.5000000000000000        1712.6305059557471        2.6952031445185834E-002   3903.9437978649735        995.99959400378862     
           0           0         293   7.8750000000000000        3.5000000000000000        1712.0363744354167        2.6943378514565165E-002   1951.9718989324872        995.99959400378850     
           0           0         294   16.625000000000000        7.0000000000000000        1728.1578491556281        2.7249454348527269E-002   1951.9718989324872        995.99959400378850     
           0           0         295   8.7500000000000000        3.5000000000000000        1710.6384626473227        2.6919970307878176E-002   3903.9437978649735        995.99959400378862     
           0           0         296   14.000000000000000        5.2500000000000000        1722.0362673731413        2.7141424875819543E-002   1951.9718989324872        995.99959400378862     
           0           0         297   9.6250000000000000        3.5000000000000000        1711.8511231321315        2.6942786136742489E-002   1951.9718989324872        995.99959400378850     
           0           0         298   17.500000000000000        7.0000000000000000        1733.0379143730468        2.7336606947595536E-002   1951.9718989324876        995.99959400378827     
           0           0         299   10.500000000000000        3.5000000000000000        1713.3088459886810        2.6970507577024266E-002   3903.9437978649735        995.99959400378862     
           0           0         300   0.0000000000000000        1.7500000000000000        1726.4523497197222        2.7195778735957084E-002   975.98594946624360        995.99959400378862     
           0           0         301   1.7500000000000000        1.7500000000000000        1722.6306053674468        2.7125890394214952E-002   1951.9718989324872        995.99959400378862     
           0           0         302   3.5000000000000000        1.7500000000000000        1719.6918210246679        2.7073024980312999E-002   1951.9718989324872        995.99959400378862     
           0           0         303   11.375000000000000        3.5000000000000000        1714.2042390249558        2.6989250916372141E-002   1951.9718989324872        995.99959400378850     
           0           0         304   15.750000000000000        5.2500000000000000        1729.5804580095623        2.7279712003101524E-002   1951.9718989324872        995.99959400378862     
           0           0         305   5.2500000000000000        1.7500000000000000        1718.5407939628114        2.7053256243126121E-002   1951.9718989324872        995.99959400378862     
           0           0         306   12.250000000000000        3.5000000000000000        1718.8308988835690        2.7076043969490277E-002   3903.9437978649735        995.99959400378862     
           0           0         307   7.0000000000000000        1.7500000000000000        1717.3681899384342        2.7034185045435630E-002   1951.9718989324872        995.99959400378862     
           0           0         308   13.125000000000000        3.5000000000000000        1720.8029524705341        2.7114815172451161E-002   1951.9718989324872        995.99959400378850     
           0           0         309   8.7500000000000000        1.7500000000000000        1716.5379889146593        2.7022187999638441E-002   1951.9718989324872        995.99959400378862     
           0           0         310   14.000000000000000        3.5000000000000000        1722.6957570823381        2.7153188140711000E-002   3903.9437978649735        995.99959400378862     
           0           0         311   17.500000000000000        5.2500000000000000        1738.9088428452349        2.7449866276407615E-002   975.98594946624360        995.99959400378862     
           0           0         312   14.875000000000000        3.5000000000000000        1727.6406822028523        2.7244092792719707E-002   1951.9718989324872        995.99959400378850     
           0           0         313   10.500000000000000        1.7500000000000000        1719.1101592482169        2.7072436474295171E-002   1951.9718989324872        995.99959400378862     
           0           0         314   0.0000000000000000        0.0000000000000000        1720.8602117416181        2.7084038447232117E-002   975.98594946624394        995.99959400378839     
           0           0         315  0.87500000000000000        0.0000000000000000        1720.4826941217366        2.7076548899642925E-002   975.98594946624360        995.99959400378862     
           0           0         316   1.7500000000000000        0.0000000000000000        1719.5949505545352        2.7059039062218123E-002   1951.9718989324872        995.99959400378873     
           0           0         317   2.6250000000000000        0.0000000000000000        1719.8955596858434        2.7065572099379698E-002   975.98594946624360        995.99959400378862     
           0           0         318   3.5000000000000000        0.0000000000000000        1719.7891004706034        2.7064131700172148E-002   1951.9718989324872        995.99959400378873     
           0           0         319   15.750000000000000        3.5000000000000000        1732.6103442629462        2.7337149625846015E-002   3903.9437978649735        995.99959400378862     
           0           0         320   4.3750000000000000        0.0000000000000000        1719.1513953369797        2.7052564097795974E-002   975.98594946624360        995.99959400378862     
           0           0         321   5.2500000000000000        0.0000000000000000        1718.9030048870445        2.7048702912847618E-002   1951.9718989324872        995.99959400378873     
           0           0         322   12.250000000000000        1.7500000000000000        1723.9563210816830        2.7166737519268590E-002   1951.9718989324872        995.99959400378862     
           0           0         323   6.1250000000000000        0.0000000000000000        1719.1627939484031        2.7054810519593825E-002   975.98594946624360        995.99959400378862     
           0           0         324   16.625000000000000        3.5000000000000000        1736.2324109410088        2.7405705995675194E-002   1951.9718989324872        995.99959400378850     
           0           0         325   7.0000000000000000        0.0000000000000000        1719.4924815242439        2.7062864977751851E-002   1951.9718989324872        995.99959400378873     
           0           0         326   7.8750000000000000        0.0000000000000000        1718.9397916952444        2.7053267295742173E-002   975.98594946624360        995.99959400378862     
           0           0         327   17.500000000000000        3.5000000000000000        1740.0864138486370        2.7478746691212308E-002   1951.9718989324876        995.99959400378827     
           0           0         328   8.7500000000000000        0.0000000000000000        1719.4650960652943        2.7064415283638829E-002   1951.9718989324872        995.99959400378873     
           0           0         329   14.000000000000000        1.7500000000000000        1728.0891096400551        2.7249153293405347E-002   1951.9718989324872        995.99959400378862     
           0           0         330   9.6250000000000000        0.0000000000000000        1720.7660892450790        2.7091722231433503E-002   975.98594946624360        995.99959400378862     
           0           0         331   10.500000000000000        0.0000000000000000        1720.8035081360847        2.7095391765083802E-002   1951.9718989324872        995.99959400378873     
           0           0         332   15.750000000000000        1.7500000000000000        1736.3866028075445        2.7406464889822943E-002   1951.9718989324872        995.99959400378862     
           0           0         333   11.375000000000000        0.0000000000000000        1721.9965627834481        2.7120044451741213E-002   975.98594946624360        995.99959400378862     
           0           0         334   12.250000000000000        0.0000000000000000        1726.4014570604688        2.7205470791221681E-002   1951.9718989324872        995.99959400378873     
           0           0         335   13.125000000000000        0.0000000000000000        1728.8303833906959        2.7254409248058338E-002   975.98594946624360        995.99959400378862     
           0           0         336   17.500000000000000        1.7500000000000000        1743.0524658601078        2.7534620612390093E-002   975.98594946624360        995.99959400378862     
           0           0         337   14.000000000000000        0.0000000000000000        1730.5101901486307        2.7288844038852261E-002   1951.9718989324872        995.99959400378873     
           0           0         338   14.875000000000000        0.0000000000000000        1732.8848578337252        2.7335893031691282E-002   975.98594946624360        995.99959400378862     
           0           0         339   15.750000000000000        0.0000000000000000        1737.0897131504917        2.7417974393877245E-002   1951.9718989324872        995.99959400378873     
           0           0         340   16.625000000000000        0.0000000000000000        1740.3787256619714        2.7482231805046498E-002   975.98594946624360        995.99959400378862     
           0           0         341   17.500000000000000        0.0000000000000000        1744.0239335155102        2.7552791550941827E-002   975.98594946624371        995.99959400378862     
