           0           0           1   0.0000000000000000        35.000000000000000        1369.2769128870837        1.9778905471584042E-002   984.54794759946208        997.26809984445163     
           0           0           2  0.87500000000000000        35.000000000000000        1362.5182342272306        1.9622296702221938E-002   984.54794759946230        997.26809984445197     
           0           0           3   0.0000000000000000        33.250000000000000        1417.3161450653611        2.0884974311830760E-002   984.54794759946230        997.26809984445197     
           0           0           4   1.7500000000000000        35.000000000000000        1378.6970418936030        1.9991770779458247E-002   1969.0958951989242        997.26809984445163     
           0           0           5   1.7500000000000000        33.250000000000000        1428.8611505167462        2.1138377799625310E-002   1969.0958951989246        997.26809984445197     
           0           0           6   2.6250000000000000        35.000000000000000        1374.0517427200450        1.9884568637759514E-002   984.54794759946230        997.26809984445197     
           0           0           7   0.0000000000000000        31.500000000000000        1461.1994680005000        2.1858976760006484E-002   1969.0958951989244        997.26809984445151     
           0           0           8   3.5000000000000000        35.000000000000000        1374.4212202850183        1.9898594746412167E-002   1969.0958951989242        997.26809984445163     
           0           0           9  0.87500000000000000        31.500000000000000        1471.5204086798544        2.2082798520068461E-002   1969.0958951989246        997.26809984445208     
           0           0          10   3.5000000000000000        33.250000000000000        1451.1879152166910        2.1627254692333966E-002   1969.0958951989246        997.26809984445197     
           0           0          11   1.7500000000000000        31.500000000000000        1484.1765132260739        2.2351959786003354E-002   3938.1917903978483        997.26809984445174     
           0           0          12   2.6250000000000000        31.500000000000000        1501.1660706734924        2.2708981663153164E-002   1969.0958951989246        997.26809984445208     
           0           0          13   4.3750000000000000        35.000000000000000        1386.4454595744955        2.0166814832139768E-002   984.54794759946230        997.26809984445197     
           0           0          14   3.5000000000000000        31.500000000000000        1510.0846760453185        2.2896100957651863E-002   3938.1917903978483        997.26809984445174     
           0           0          15   0.0000000000000000        29.750000000000000        1534.1014077069062        2.3432475890148158E-002   984.54794759946230        997.26809984445197     
           0           0          16   5.2500000000000000        35.000000000000000        1393.1426277235526        2.0327696930283020E-002   1969.0958951989242        997.26809984445163     
           0           0          17   1.7500000000000000        29.750000000000000        1564.5621684524053        2.4049305514633065E-002   1969.0958951989246        997.26809984445197     
           0           0          18   5.2500000000000000        33.250000000000000        1472.5241696389446        2.2090500115212124E-002   1969.0958951989246        997.26809984445197     
           0           0          19   4.3750000000000000        31.500000000000000        1525.9102071885677        2.3226276203907756E-002   1969.0958951989246        997.26809984445208     
           0           0          20   6.1250000000000000        35.000000000000000        1410.8393218285419        2.0726059866908099E-002   984.54794759946230        997.26809984445197     
           0           0          21   3.5000000000000000        29.750000000000000        1591.7869892983040        2.4592274301269861E-002   1969.0958951989246        997.26809984445197     
           0           0          22   5.2500000000000000        31.500000000000000        1530.4732402585428        2.3323152598035218E-002   3938.1917903978483        997.26809984445174     
           0           0          23   0.0000000000000000        28.000000000000000        1609.1732778623364        2.4971580347263534E-002   1969.0958951989244        997.26809984445151     
           0           0          24   7.0000000000000000        35.000000000000000        1416.0654463687358        2.0840363909534532E-002   1969.0958951989242        997.26809984445163     
           0           0          25   6.1250000000000000        31.500000000000000        1550.4467722899496        2.3725887677091932E-002   1969.0958951989246        997.26809984445208     
           0           0          26  0.87500000000000000        28.000000000000000        1608.8603822871137        2.4963053406785389E-002   1969.0958951989246        997.26809984445208     
           0           0          27   7.0000000000000000        33.250000000000000        1492.2878297534094        2.2513823629682600E-002   1969.0958951989246        997.26809984445197     
           0           0          28   1.7500000000000000        28.000000000000000        1636.7875898198472        2.5505265552470811E-002   3938.1917903978483        997.26809984445174     
           0           0          29   5.2500000000000000        29.750000000000000        1622.7339908444528        2.5199964742411055E-002   1969.0958951989246        997.26809984445197     
           0           0          30   2.6250000000000000        28.000000000000000        1639.2597255037313        2.5553603357533108E-002   1969.0958951989246        997.26809984445208     
           0           0          31   7.0000000000000000        31.500000000000000        1572.9853049205851        2.4192036859883252E-002   3938.1917903978483        997.26809984445174     
           0           0          32   3.5000000000000000        28.000000000000000        1661.4697480005309        2.5977243280098469E-002   3938.1917903978483        997.26809984445174     
           0           0          33   7.8750000000000000        35.000000000000000        1445.6260881687826        2.1498367754239321E-002   984.54794759946230        997.26809984445197     
           0           0          34   4.3750000000000000        28.000000000000000        1669.5279157477210        2.6129150463727779E-002   1969.0958951989246        997.26809984445208     
           0           0          35   7.8750000000000000        31.500000000000000        1585.7436557452547        2.4439635624382047E-002   1969.0958951989246        997.26809984445208     
           0           0          36   8.7500000000000000        35.000000000000000        1443.1727967853876        2.1447882784908681E-002   1969.0958951989242        997.26809984445163     
           0           0          37   0.0000000000000000        26.250000000000000        1660.6722916047752        2.6000042895329166E-002   984.54794759946230        997.26809984445197     
           0           0          38   7.0000000000000000        29.750000000000000        1647.1696929996253        2.5672163803284121E-002   1969.0958951989246        997.26809984445197     
           0           0          39   5.2500000000000000        28.000000000000000        1671.9694389491558        2.6170835801944722E-002   3938.1917903978483        997.26809984445174     
           0           0          40   8.7500000000000000        33.250000000000000        1523.1978519718241        2.3168544683079322E-002   1969.0958951989246        997.26809984445197     
           0           0          41   1.7500000000000000        26.250000000000000        1688.8180978188739        2.6529453718607262E-002   1969.0958951989246        997.26809984445197     
           0           0          42   6.1250000000000000        28.000000000000000        1704.3614445746573        2.6780517408572499E-002   1969.0958951989246        997.26809984445208     
           0           0          43   8.7500000000000000        31.500000000000000        1608.3257524165538        2.4893935367941059E-002   3938.1917903978483        997.26809984445174     
           0           0          44   3.5000000000000000        26.250000000000000        1711.9977690910450        2.6958004937646066E-002   1969.0958951989246        997.26809984445197     
           0           0          45   9.6250000000000000        35.000000000000000        1468.3167958622298        2.2004062781926820E-002   984.54794759946230        997.26809984445197     
           0           0          46   7.0000000000000000        28.000000000000000        1700.0906546614792        2.6697696112873787E-002   3938.1917903978483        997.26809984445174     
           0           0          47   8.7500000000000000        29.750000000000000        1679.9846506112578        2.6298297037059493E-002   1969.0958951989246        997.26809984445197     
           0           0          48   5.2500000000000000        26.250000000000000        1733.2123121796262        2.7343918540832020E-002   1969.0958951989246        997.26809984445197     
           0           0          49   9.6250000000000000        31.500000000000000        1624.1774350795381        2.5202211193234531E-002   1969.0958951989246        997.26809984445208     
           0           0          50   10.500000000000000        35.000000000000000        1480.6996094614924        2.2277478351413985E-002   1969.0958951989242        997.26809984445163     
           0           0          51   0.0000000000000000        24.500000000000000        1720.0375013571688        2.7148711970141223E-002   1969.0958951989244        997.26809984445151     
           0           0          52   7.8750000000000000        28.000000000000000        1729.0540670388605        2.7236466555215381E-002   1969.0958951989246        997.26809984445208     
           0           0          53  0.87500000000000000        24.500000000000000        1729.8647343310133        2.7326872524206635E-002   1969.0958951989246        997.26809984445208     
           0           0          54   1.7500000000000000        24.500000000000000        1744.7847005309852        2.7599594476101014E-002   3938.1917903978483        997.26809984445174     
           0           0          55   10.500000000000000        33.250000000000000        1573.6648831015896        2.4207029122265824E-002   1969.0958951989246        997.26809984445197     
           0           0          56   2.6250000000000000        24.500000000000000        1752.4140844674992        2.7733562608629355E-002   1969.0958951989246        997.26809984445208     
           0           0          57   3.5000000000000000        24.500000000000000        1763.2350586884404        2.7929689528990567E-002   3938.1917903978483        997.26809984445174     
           0           0          58   10.500000000000000        31.500000000000000        1640.4234408978946        2.5526654284972691E-002   3938.1917903978483        997.26809984445174     
           0           0          59   8.7500000000000000        28.000000000000000        1736.6491322090712        2.7375491829882456E-002   3938.1917903978483        997.26809984445174     
           0           0          60   7.0000000000000000        26.250000000000000        1752.6419773101788        2.7696064118128354E-002   1969.0958951989246        997.26809984445197     
           0           0          61   11.375000000000000        35.000000000000000        1514.2898284976611        2.2979403903114912E-002   984.54794759946230        997.26809984445197     
           0           0          62   4.3750000000000000        24.500000000000000        1771.8096504630385        2.8080681793695612E-002   1969.0958951989246        997.26809984445208     
           0           0          63   10.500000000000000        29.750000000000000        1720.5668324468184        2.7058681712183241E-002   1969.0958951989246        997.26809984445197     
           0           0          64   5.2500000000000000        24.500000000000000        1780.4633201315298        2.8234505055894574E-002   3938.1917903978483        997.26809984445174     
           0           0          65   11.375000000000000        31.500000000000000        1683.4727370243677        2.6350385301502178E-002   1969.0958951989246        997.26809984445208     
           0           0          66   9.6250000000000000        28.000000000000000        1755.4895979331748        2.7721982771978758E-002   1969.0958951989246        997.26809984445208     
           0           0          67   6.1250000000000000        24.500000000000000        1784.0887425518717        2.8298859871746233E-002   1969.0958951989246        997.26809984445208     
           0           0          68   0.0000000000000000        22.750000000000000        1756.6394613155808        2.7835831457788666E-002   984.54794759946230        997.26809984445197     
           0           0          69   12.250000000000000        35.000000000000000        1547.6439814381233        2.3675187112067772E-002   1969.0958951989242        997.26809984445163     
           0           0          70   12.250000000000000        33.250000000000000        1624.0788471066980        2.5225766427678091E-002   1969.0958951989246        997.26809984445197     
           0           0          71   1.7500000000000000        22.750000000000000        1775.5336230342514        2.8173905823195761E-002   1969.0958951989246        997.26809984445197     
           0           0          72   8.7500000000000000        26.250000000000000        1763.3224629397923        2.7889199540197408E-002   1969.0958951989246        997.26809984445197     
           0           0          73   7.0000000000000000        24.500000000000000        1787.1004527203991        2.8353676021087376E-002   3938.1917903978483        997.26809984445174     
           0           0          74   10.500000000000000        28.000000000000000        1763.7177375895374        2.7875268338283302E-002   3938.1917903978483        997.26809984445174     
           0           0          75   3.5000000000000000        22.750000000000000        1787.8979952480959        2.8392558300689912E-002   1969.0958951989246        997.26809984445197     
           0           0          76   12.250000000000000        31.500000000000000        1711.8590472029894        2.6888529198587859E-002   3938.1917903978483        997.26809984445174     
           0           0          77   7.8750000000000000        24.500000000000000        1788.3690775328139        2.8378279671944201E-002   1969.0958951989246        997.26809984445208     
           0           0          78   13.125000000000000        35.000000000000000        1541.8828965189348        2.3602641796810112E-002   984.54794759946230        997.26809984445197     
           0           0          79   5.2500000000000000        22.750000000000000        1792.8577354883528        2.8477167481048844E-002   1969.0958951989246        997.26809984445197     
           0           0          80   12.250000000000000        29.750000000000000        1759.0722364043213        2.7767138730458732E-002   1969.0958951989246        997.26809984445197     
           0           0          81   11.375000000000000        28.000000000000000        1769.2898304088844        2.7980715549379118E-002   1969.0958951989246        997.26809984445208     
           0           0          82   13.125000000000000        31.500000000000000        1749.1463237112778        2.7572454247224071E-002   1969.0958951989246        997.26809984445208     
           0           0          83   10.500000000000000        26.250000000000000        1763.3086042942832        2.7887477971429077E-002   1969.0958951989246        997.26809984445197     
           0           0          84   8.7500000000000000        24.500000000000000        1787.9570852927045        2.8370839841204330E-002   3938.1917903978483        997.26809984445174     
           0           0          85   0.0000000000000000        21.000000000000000        1800.7293477359249        2.8657872799306885E-002   1969.0958951989244        997.26809984445151     
           0           0          86   14.000000000000000        35.000000000000000        1610.2873136187704        2.4993708701879787E-002   1969.0958951989242        997.26809984445163     
           0           0          87  0.87500000000000000        21.000000000000000        1805.0121420528467        2.8731691646410443E-002   1969.0958951989246        997.26809984445208     
           0           0          88   14.000000000000000        33.250000000000000        1717.9284904796032        2.7020239391042415E-002   1969.0958951989246        997.26809984445197     
           0           0          89   7.0000000000000000        22.750000000000000        1785.4528972753924        2.8342892288765235E-002   1969.0958951989246        997.26809984445197     
           0           0          90   12.250000000000000        28.000000000000000        1765.5990274224009        2.7919650785951069E-002   3938.1917903978483        997.26809984445174     
           0           0          91   1.7500000000000000        21.000000000000000        1811.2328722458947        2.8840470343416965E-002   3938.1917903978483        997.26809984445174     
           0           0          92   9.6250000000000000        24.500000000000000        1781.9477126676336        2.8261995617346911E-002   1969.0958951989246        997.26809984445208     
           0           0          93   2.6250000000000000        21.000000000000000        1812.7732772881859        2.8866620004179607E-002   1969.0958951989246        997.26809984445208     
           0           0          94   14.000000000000000        31.500000000000000        1785.0482120193324        2.8246036065195261E-002   3938.1917903978483        997.26809984445174     
           0           0          95   3.5000000000000000        21.000000000000000        1816.7218714762212        2.8935795696789446E-002   3938.1917903978483        997.26809984445174     
           0           0          96   4.3750000000000000        21.000000000000000        1814.0381103537109        2.8887999922610461E-002   1969.0958951989246        997.26809984445208     
           0           0          97   10.500000000000000        24.500000000000000        1771.0005689844741        2.8060648448472975E-002   3938.1917903978483        997.26809984445174     
           0           0          98   13.125000000000000        28.000000000000000        1760.1766302242970        2.7824962682147038E-002   1969.0958951989246        997.26809984445208     
           0           0          99   14.875000000000000        35.000000000000000        1678.3013389718358        2.6309326177707856E-002   984.54794759946230        997.26809984445197     
           0           0         100   14.000000000000000        29.750000000000000        1756.8670233849493        2.7738672334967247E-002   1969.0958951989246        997.26809984445197     
           0           0         101   5.2500000000000000        21.000000000000000        1810.5179488702170        2.8824472120043826E-002   3938.1917903978483        997.26809984445174     
           0           0         102   8.7500000000000000        22.750000000000000        1772.7385807342814        2.8107544341587264E-002   1969.0958951989246        997.26809984445197     
           0           0         103   12.250000000000000        26.250000000000000        1739.8927563758571        2.7457534872381235E-002   1969.0958951989246        997.26809984445197     
           0           0         104   6.1250000000000000        21.000000000000000        1803.8724284236725        2.8705771805812692E-002   1969.0958951989246        997.26809984445208     
           0           0         105   14.875000000000000        31.500000000000000        1805.5794853626364        2.8611867326381830E-002   1969.0958951989246        997.26809984445208     
           0           0         106   11.375000000000000        24.500000000000000        1756.3317042024883        2.7792963202419325E-002   1969.0958951989246        997.26809984445208     
           0           0         107   14.000000000000000        28.000000000000000        1724.2808395502277        2.7160618551964995E-002   3938.1917903978483        997.26809984445174     
           0           0         108   7.0000000000000000        21.000000000000000        1793.9091573434478        2.8529300865214317E-002   3938.1917903978483        997.26809984445174     
           0           0         109   0.0000000000000000        19.250000000000000        1814.8500094146625        2.8907862299294977E-002   984.54794759946230        997.26809984445197     
           0           0         110   15.750000000000000        35.000000000000000        1755.5537715958294        2.7749098533039616E-002   1969.0958951989242        997.26809984445163     
           0           0         111   15.750000000000000        33.250000000000000        1811.2621538297949        2.8706723260105572E-002   1969.0958951989246        997.26809984445197     
           0           0         112   1.7500000000000000        19.250000000000000        1816.0444680520254        2.8928209618468467E-002   1969.0958951989246        997.26809984445197     
           0           0         113   7.8750000000000000        21.000000000000000        1785.4283178885166        2.8372613403320160E-002   1969.0958951989246        997.26809984445208     
           0           0         114   3.5000000000000000        19.250000000000000        1810.2527948644552        2.8823824206393386E-002   1969.0958951989246        997.26809984445197     
           0           0         115   10.500000000000000        22.750000000000000        1745.9776523571718        2.7611372339817905E-002   1969.0958951989246        997.26809984445197     
           0           0         116   15.750000000000000        31.500000000000000        1834.6997357726564        2.9159672476830649E-002   3938.1917903978483        997.26809984445174     
           0           0         117   12.250000000000000        24.500000000000000        1734.1670385073385        2.7382442202967129E-002   3938.1917903978483        997.26809984445174     
           0           0         118   14.875000000000000        28.000000000000000        1707.6779464926567        2.6855355988093084E-002   1969.0958951989246        997.26809984445208     
           0           0         119   14.000000000000000        26.250000000000000        1695.6511736493501        2.6631700296442459E-002   1969.0958951989246        997.26809984445197     
           0           0         120   8.7500000000000000        21.000000000000000        1773.4861504063945        2.8149963701685415E-002   3938.1917903978483        997.26809984445174     
           0           0         121   15.750000000000000        29.750000000000000        1691.2882179172177        2.6518769211889760E-002   1969.0958951989246        997.26809984445197     
           0           0         122   5.2500000000000000        19.250000000000000        1793.4684891909828        2.8523490901918989E-002   1969.0958951989246        997.26809984445197     
           0           0         123   16.625000000000000        35.000000000000000        2129.4764797618595        3.4305719841644475E-002   984.54794759946230        997.26809984445197     
           0           0         124   13.125000000000000        24.500000000000000        1712.6927737429505        2.6979001382084991E-002   1969.0958951989246        997.26809984445208     
           0           0         125   9.6250000000000000        21.000000000000000        1758.8944424863009        2.7879630866427810E-002   1969.0958951989246        997.26809984445208     
           0           0         126   16.625000000000000        31.500000000000000        1723.4768858612426        2.7175465764544667E-002   1969.0958951989246        997.26809984445208     
           0           0         127   7.0000000000000000        19.250000000000000        1774.0463520512035        2.8170803266730528E-002   1969.0958951989246        997.26809984445197     
           0           0         128   15.750000000000000        28.000000000000000        1652.7608000209725        2.5797690486476822E-002   3938.1917903978483        997.26809984445174     
           0           0         129   12.250000000000000        22.750000000000000        1711.9836709234273        2.6976165598781104E-002   1969.0958951989246        997.26809984445197     
           0           0         130   14.000000000000000        24.500000000000000        1686.8824762878996        2.6484379856240820E-002   3938.1917903978483        997.26809984445174     
           0           0         131   17.500000000000000        35.000000000000000        2675.3191367527002        4.2259005144866982E-002   984.54794759946219        997.26809984445163     
           0           0         132   0.0000000000000000        17.500000000000000        1840.0439405071620        2.9366143022729132E-002   1969.0958951989244        997.26809984445151     
           0           0         133   10.500000000000000        21.000000000000000        1739.9050515467770        2.7524122471804940E-002   3938.1917903978483        997.26809984445174     
           0           0         134  0.87500000000000000        17.500000000000000        1834.7529277936160        2.9274928196398875E-002   1969.0958951989246        997.26809984445208     
           0           0         135   1.7500000000000000        17.500000000000000        1830.9524664015546        2.9210539031950134E-002   3938.1917903978483        997.26809984445174     
           0           0         136   17.500000000000000        33.250000000000000        1918.1612433935443        3.0684467592646310E-002   984.54794759946230        997.26809984445197     
           0           0         137   2.6250000000000000        17.500000000000000        1824.4310912923297        2.9095435618437079E-002   1969.0958951989246        997.26809984445208     
           0           0         138   17.500000000000000        31.500000000000000        1514.4064392580017        2.2956360805538756E-002   1969.0958951989242        997.26809984445163     
           0           0         139   3.5000000000000000        17.500000000000000        1816.0653931892969        2.8946798541836967E-002   3938.1917903978483        997.26809984445174     
           0           0         140   8.7500000000000000        19.250000000000000        1750.6260440561723        2.7732484180123758E-002   1969.0958951989246        997.26809984445197     
           0           0         141   15.750000000000000        26.250000000000000        1651.1885738020949        2.5771432010414517E-002   1969.0958951989246        997.26809984445197     
           0           0         142   4.3750000000000000        17.500000000000000        1806.1188860033092        2.8771339066650130E-002   1969.0958951989246        997.26809984445208     
           0           0         143   11.375000000000000        21.000000000000000        1726.0037716794579        2.7262848451044333E-002   1969.0958951989246        997.26809984445208     
           0           0         144   16.625000000000000        28.000000000000000        1632.0319318643947        2.5394071719509772E-002   1969.0958951989246        997.26809984445208     
           0           0         145   14.875000000000000        24.500000000000000        1670.5495562172407        2.6161136391097448E-002   1969.0958951989246        997.26809984445208     
           0           0         146   17.500000000000000        29.750000000000000        1537.9881435543628        2.3490529320730404E-002   984.54794759946230        997.26809984445197     
           0           0         147   5.2500000000000000        17.500000000000000        1792.5185569152623        2.8528809818913193E-002   3938.1917903978483        997.26809984445174     
           0           0         148   6.1250000000000000        17.500000000000000        1782.5700256939297        2.8345441207862206E-002   1969.0958951989246        997.26809984445208     
           0           0         149   14.000000000000000        22.750000000000000        1680.4225178664128        2.6363226775582158E-002   1969.0958951989246        997.26809984445197     
           0           0         150   12.250000000000000        21.000000000000000        1706.8804884840920        2.6898519414300440E-002   3938.1917903978483        997.26809984445174     
           0           0         151   7.0000000000000000        17.500000000000000        1770.5198131759457        2.8119863855605037E-002   3938.1917903978483        997.26809984445174     
           0           0         152   17.500000000000000        28.000000000000000        1613.3638295989208        2.5020654785062425E-002   1969.0958951989242        997.26809984445163     
           0           0         153   10.500000000000000        19.250000000000000        1724.5996316076803        2.7240928038619272E-002   1969.0958951989246        997.26809984445197     
           0           0         154   15.750000000000000        24.500000000000000        1655.1234142005762        2.5849682914939148E-002   3938.1917903978483        997.26809984445174     
           0           0         155   7.8750000000000000        17.500000000000000        1757.8354333652806        2.7885028596042201E-002   1969.0958951989246        997.26809984445208     
           0           0         156   13.125000000000000        21.000000000000000        1696.8854447200220        2.6699225647606586E-002   1969.0958951989246        997.26809984445208     
           0           0         157   0.0000000000000000        15.750000000000000        1832.6606307332506        2.9220152697874157E-002   984.54794759946230        997.26809984445197     
           0           0         158   1.7500000000000000        15.750000000000000        1815.6684272816060        2.8927918047843657E-002   1969.0958951989246        997.26809984445197     
           0           0         159   3.5000000000000000        15.750000000000000        1795.7273369336499        2.8573171828409599E-002   1969.0958951989246        997.26809984445197     
           0           0         160   17.500000000000000        26.250000000000000        1637.5434638980751        2.5480115195329119E-002   984.54794759946230        997.26809984445197     
           0           0         161   8.7500000000000000        17.500000000000000        1743.2322141065999        2.7610790093291367E-002   3938.1917903978483        997.26809984445174     
           0           0         162   16.625000000000000        24.500000000000000        1645.9368682232571        2.5657834958887790E-002   1969.0958951989246        997.26809984445208     
           0           0         163   14.000000000000000        21.000000000000000        1684.0728107478719        2.6443581589285739E-002   3938.1917903978483        997.26809984445174     
           0           0         164   12.250000000000000        19.250000000000000        1700.8248104095546        2.6782376293400023E-002   1969.0958951989246        997.26809984445197     
           0           0         165   15.750000000000000        22.750000000000000        1664.2069778917544        2.6027428239677949E-002   1969.0958951989246        997.26809984445197     
           0           0         166   5.2500000000000000        15.750000000000000        1774.1208902815652        2.8181725821425453E-002   1969.0958951989246        997.26809984445197     
           0           0         167   9.6250000000000000        17.500000000000000        1734.2685428627092        2.7438073189534649E-002   1969.0958951989246        997.26809984445208     
           0           0         168   17.500000000000000        24.500000000000000        1636.4093004979507        2.5457693381057522E-002   1969.0958951989242        997.26809984445163     
           0           0         169   10.500000000000000        17.500000000000000        1721.4620987643088        2.7193517306881045E-002   3938.1917903978483        997.26809984445174     
           0           0         170   14.875000000000000        21.000000000000000        1679.8437454194279        2.6348269316875658E-002   1969.0958951989246        997.26809984445208     
           0           0         171   7.0000000000000000        15.750000000000000        1751.7670471306305        2.7767101223437278E-002   1969.0958951989246        997.26809984445197     
           0           0         172   11.375000000000000        17.500000000000000        1711.7604596303527        2.7003694873911539E-002   1969.0958951989246        997.26809984445208     
           0           0         173   0.0000000000000000        14.000000000000000        1836.9985809883665        2.9297842268579070E-002   1969.0958951989244        997.26809984445151     
           0           0         174  0.87500000000000000        14.000000000000000        1825.9151832996708        2.9110221878266077E-002   1969.0958951989246        997.26809984445208     
           0           0         175   14.000000000000000        19.250000000000000        1689.5797810575136        2.6545854760544694E-002   1969.0958951989246        997.26809984445197     
           0           0         176   1.7500000000000000        14.000000000000000        1814.0777336740205        2.8905755681844992E-002   3938.1917903978483        997.26809984445174     
           0           0         177   15.750000000000000        21.000000000000000        1674.4450200232741        2.6228423318038659E-002   3938.1917903978483        997.26809984445174     
           0           0         178   8.7500000000000000        15.750000000000000        1732.5843097780455        2.7403713720188374E-002   1969.0958951989246        997.26809984445197     
           0           0         179   2.6250000000000000        14.000000000000000        1804.3395447937623        2.8732256042322660E-002   1969.0958951989246        997.26809984445208     
           0           0         180   3.5000000000000000        14.000000000000000        1791.1579170914554        2.8495339755804303E-002   3938.1917903978483        997.26809984445174     
           0           0         181   12.250000000000000        17.500000000000000        1701.1210198470578        2.6793672584264502E-002   3938.1917903978483        997.26809984445174     
           0           0         182   17.500000000000000        22.750000000000000        1648.1459740063258        2.5685977345722689E-002   984.54794759946230        997.26809984445197     
           0           0         183   4.3750000000000000        14.000000000000000        1779.5635520472126        2.8283438547576773E-002   1969.0958951989246        997.26809984445208     
           0           0         184   5.2500000000000000        14.000000000000000        1767.5320457447879        2.8062144428631395E-002   3938.1917903978483        997.26809984445174     
           0           0         185   16.625000000000000        21.000000000000000        1668.7949390280717        2.6104011777333382E-002   1969.0958951989246        997.26809984445208     
           0           0         186   6.1250000000000000        14.000000000000000        1756.4954210083965        2.7860627509910026E-002   1969.0958951989246        997.26809984445208     
           0           0         187   13.125000000000000        17.500000000000000        1697.6404166725729        2.6715787093097305E-002   1969.0958951989246        997.26809984445208     
           0           0         188   10.500000000000000        15.750000000000000        1715.5512680634006        2.7074371382597037E-002   1969.0958951989246        997.26809984445197     
           0           0         189   7.0000000000000000        14.000000000000000        1743.9098845799217        2.7627045588127890E-002   3938.1917903978483        997.26809984445174     
           0           0         190   15.750000000000000        19.250000000000000        1682.7742225840725        2.6387879286056175E-002   1969.0958951989246        997.26809984445197     
           0           0         191   17.500000000000000        21.000000000000000        1664.2653065865998        2.6000888418283120E-002   1969.0958951989242        997.26809984445163     
           0           0         192   14.000000000000000        17.500000000000000        1695.2247770104234        2.6656707690655999E-002   3938.1917903978483        997.26809984445174     
           0           0         193   7.8750000000000000        14.000000000000000        1737.6037265478890        2.7503848942304569E-002   1969.0958951989246        997.26809984445208     
           0           0         194   0.0000000000000000        12.250000000000000        1816.5340730407061        2.8917392948734837E-002   984.54794759946230        997.26809984445197     
           0           0         195   8.7500000000000000        14.000000000000000        1730.3427962441167        2.7361789378187822E-002   3938.1917903978483        997.26809984445174     
           0           0         196   12.250000000000000        15.750000000000000        1703.3035838952273        2.6827933296790545E-002   1969.0958951989246        997.26809984445197     
           0           0         197   1.7500000000000000        12.250000000000000        1796.6916239041336        2.8572080433478864E-002   1969.0958951989246        997.26809984445197     
           0           0         198   14.875000000000000        17.500000000000000        1692.2461431468494        2.6587763508580622E-002   1969.0958951989246        997.26809984445208     
           0           0         199   3.5000000000000000        12.250000000000000        1775.0194859947703        2.8181564350411005E-002   1969.0958951989246        997.26809984445197     
           0           0         200   9.6250000000000000        14.000000000000000        1721.9617401008709        2.7200200140615662E-002   1969.0958951989246        997.26809984445208     
           0           0         201   5.2500000000000000        12.250000000000000        1752.3604124917472        2.7768468920014389E-002   1969.0958951989246        997.26809984445197     
           0           0         202   10.500000000000000        14.000000000000000        1713.1044659111640        2.7028261237279364E-002   3938.1917903978483        997.26809984445174     
           0           0         203   15.750000000000000        17.500000000000000        1690.1199572470146        2.6534468999478672E-002   3938.1917903978483        997.26809984445174     
           0           0         204   17.500000000000000        19.250000000000000        1678.0859770903955        2.6266876115158527E-002   984.54794759946230        997.26809984445197     
           0           0         205   7.0000000000000000        12.250000000000000        1737.4059474530579        2.7487208177031892E-002   1969.0958951989246        997.26809984445197     
           0           0         206   14.000000000000000        15.750000000000000        1700.7035901261756        2.6757315908765882E-002   1969.0958951989246        997.26809984445197     
           0           0         207   11.375000000000000        14.000000000000000        1708.6374778086401        2.6937463799264458E-002   1969.0958951989246        997.26809984445208     
           0           0         208   16.625000000000000        17.500000000000000        1690.5396193572410        2.6525794178892514E-002   1969.0958951989246        997.26809984445208     
           0           0         209   12.250000000000000        14.000000000000000        1705.7157682871541        2.6873730168402742E-002   3938.1917903978483        997.26809984445174     
           0           0         210   8.7500000000000000        12.250000000000000        1726.5403576058739        2.7277152122817717E-002   1969.0958951989246        997.26809984445197     
           0           0         211   0.0000000000000000        10.500000000000000        1804.9755436420089        2.8704675248243154E-002   1969.0958951989244        997.26809984445151     
           0           0         212  0.87500000000000000        10.500000000000000        1796.4026765542424        2.8553607067996273E-002   1969.0958951989246        997.26809984445208     
           0           0         213   1.7500000000000000        10.500000000000000        1786.3465575109083        2.8374078410799929E-002   3938.1917903978483        997.26809984445174     
           0           0         214   2.6250000000000000        10.500000000000000        1775.4931512560718        2.8179112363964896E-002   1969.0958951989246        997.26809984445208     
           0           0         215   3.5000000000000000        10.500000000000000        1764.4057626821641        2.7977720667868182E-002   3938.1917903978483        997.26809984445174     
           0           0         216   17.500000000000000        17.500000000000000        1690.3198097504342        2.6505384580766771E-002   1969.0958951989242        997.26809984445163     
           0           0         217   13.125000000000000        14.000000000000000        1705.4079186189720        2.6857817813112521E-002   1969.0958951989246        997.26809984445208     
           0           0         218   15.750000000000000        15.750000000000000        1700.8949447623816        2.6737176538792755E-002   1969.0958951989246        997.26809984445197     
           0           0         219   4.3750000000000000        10.500000000000000        1754.1305172946559        2.7791828030055796E-002   1969.0958951989246        997.26809984445208     
           0           0         220   5.2500000000000000        10.500000000000000        1741.7512278824233        2.7565308644785087E-002   3938.1917903978483        997.26809984445174     
           0           0         221   10.500000000000000        12.250000000000000        1714.3816283061906        2.7041188141800555E-002   1969.0958951989246        997.26809984445197     
           0           0         222   14.000000000000000        14.000000000000000        1703.9014119806211        2.6820567475485672E-002   3938.1917903978483        997.26809984445174     
           0           0         223   6.1250000000000000        10.500000000000000        1738.2851303080188        2.7497831880182823E-002   1969.0958951989246        997.26809984445208     
           0           0         224   7.0000000000000000        10.500000000000000        1733.5659926162721        2.7405819363138149E-002   3938.1917903978483        997.26809984445174     
           0           0         225   14.875000000000000        14.000000000000000        1705.8779595119538        2.6846979737820385E-002   1969.0958951989246        997.26809984445208     
           0           0         226   7.8750000000000000        10.500000000000000        1727.2682525175542        2.7286713721679332E-002   1969.0958951989246        997.26809984445208     
           0           0         227   12.250000000000000        12.250000000000000        1711.1342494455960        2.6967523060441697E-002   1969.0958951989246        997.26809984445197     
           0           0         228   17.500000000000000        15.750000000000000        1703.8714466399624        2.6765033222158230E-002   984.54794759946230        997.26809984445197     
           0           0         229   8.7500000000000000        10.500000000000000        1721.8722649974368        2.7183831437743777E-002   3938.1917903978483        997.26809984445174     
           0           0         230   15.750000000000000        14.000000000000000        1708.8575288598611        2.6890879156519432E-002   3938.1917903978483        997.26809984445174     
           0           0         231   0.0000000000000000        8.7500000000000000        1789.2425733081411        2.8400548322912483E-002   984.54794759946230        997.26809984445197     
           0           0         232   1.7500000000000000        8.7500000000000000        1770.0885095972312        2.8057915639771315E-002   1969.0958951989246        997.26809984445197     
           0           0         233   9.6250000000000000        10.500000000000000        1717.5687614763528        2.7099746692000548E-002   1969.0958951989246        997.26809984445208     
           0           0         234   3.5000000000000000        8.7500000000000000        1751.1156211423292        2.7715006123153169E-002   1969.0958951989246        997.26809984445197     
           0           0         235   10.500000000000000        10.500000000000000        1713.8877595601232        2.7026686118487971E-002   3938.1917903978483        997.26809984445174     
           0           0         236   14.000000000000000        12.250000000000000        1712.2357316835448        2.6972328532480813E-002   1969.0958951989246        997.26809984445197     
           0           0         237   5.2500000000000000        8.7500000000000000        1737.0104452903097        2.7457207710660167E-002   1969.0958951989246        997.26809984445197     
           0           0         238   16.625000000000000        14.000000000000000        1710.6404866955870        2.6911703325904243E-002   1969.0958951989246        997.26809984445208     
           0           0         239   11.375000000000000        10.500000000000000        1713.9781075709811        2.7023212592651863E-002   1969.0958951989246        997.26809984445208     
           0           0         240   7.0000000000000000        8.7500000000000000        1730.6912437085036        2.7335717644959533E-002   1969.0958951989246        997.26809984445197     
           0           0         241   17.500000000000000        14.000000000000000        1712.9909142659712        2.6944534962046299E-002   1969.0958951989242        997.26809984445163     
           0           0         242   12.250000000000000        10.500000000000000        1713.4656274826959        2.7009359937581922E-002   3938.1917903978483        997.26809984445174     
           0           0         243   15.750000000000000        12.250000000000000        1718.1542740993023        2.7065258723833623E-002   1969.0958951989246        997.26809984445197     
           0           0         244   8.7500000000000000        8.7500000000000000        1722.1599516328602        2.7174559392104131E-002   1969.0958951989246        997.26809984445197     
           0           0         245   13.125000000000000        10.500000000000000        1714.4185723063570        2.7020969245506576E-002   1969.0958951989246        997.26809984445208     
           0           0         246   0.0000000000000000        7.0000000000000000        1771.8081673182146        2.8068414686154598E-002   1969.0958951989244        997.26809984445151     
           0           0         247  0.87500000000000000        7.0000000000000000        1763.1960463233595        2.7914356870029841E-002   1969.0958951989246        997.26809984445208     
           0           0         248   1.7500000000000000        7.0000000000000000        1754.1534026807133        2.7751124996440606E-002   3938.1917903978483        997.26809984445174     
           0           0         249   2.6250000000000000        7.0000000000000000        1747.6543603734156        2.7634321967398599E-002   1969.0958951989246        997.26809984445208     
           0           0         250   3.5000000000000000        7.0000000000000000        1739.4934045622142        2.7485654228758781E-002   3938.1917903978483        997.26809984445174     
           0           0         251   14.000000000000000        10.500000000000000        1716.6696262985974        2.7055254294680659E-002   3938.1917903978483        997.26809984445174     
           0           0         252   10.500000000000000        8.7500000000000000        1718.4287505684206        2.7100321774316156E-002   1969.0958951989246        997.26809984445197     
           0           0         253   4.3750000000000000        7.0000000000000000        1734.3581946043371        2.7391625026704045E-002   1969.0958951989246        997.26809984445208     
           0           0         254   5.2500000000000000        7.0000000000000000        1731.1509817010510        2.7330520650266268E-002   3938.1917903978483        997.26809984445174     
           0           0         255   6.1250000000000000        7.0000000000000000        1727.5819975063650        2.7263471194750446E-002   1969.0958951989246        997.26809984445208     
           0           0         256   14.875000000000000        10.500000000000000        1719.9614404738847        2.7110012047742486E-002   1969.0958951989246        997.26809984445208     
           0           0         257   17.500000000000000        12.250000000000000        1723.9315296139926        2.7152683710562817E-002   984.54794759946230        997.26809984445197     
           0           0         258   7.0000000000000000        7.0000000000000000        1723.9251323132530        2.7196944772083429E-002   3938.1917903978483        997.26809984445174     
           0           0         259   12.250000000000000        8.7500000000000000        1718.6505453762077        2.7099514067939003E-002   1969.0958951989246        997.26809984445197     
           0           0         260   7.8750000000000000        7.0000000000000000        1721.7721594376212        2.7156834291428639E-002   1969.0958951989246        997.26809984445208     
           0           0         261   15.750000000000000        10.500000000000000        1723.1204272671125        2.7162739246682145E-002   3938.1917903978483        997.26809984445174     
           0           0         262   8.7500000000000000        7.0000000000000000        1719.2539506883079        2.7109592415286324E-002   3938.1917903978483        997.26809984445174     
           0           0         263   16.625000000000000        10.500000000000000        1727.1536958265260        2.7229530613791228E-002   1969.0958951989246        997.26809984445208     
           0           0         264   9.6250000000000000        7.0000000000000000        1718.4539857004693        2.7094350662855048E-002   1969.0958951989246        997.26809984445208     
           0           0         265   14.000000000000000        8.7500000000000000        1724.9651887742430        2.7205943135670756E-002   1969.0958951989246        997.26809984445197     
           0           0         266   0.0000000000000000        5.2500000000000000        1757.5773541979361        2.7795458613248520E-002   984.54794759946230        997.26809984445197     
           0           0         267   1.7500000000000000        5.2500000000000000        1745.3058750204518        2.7574155046595744E-002   1969.0958951989246        997.26809984445197     
           0           0         268   10.500000000000000        7.0000000000000000        1718.5587699091852        2.7094568677142952E-002   3938.1917903978483        997.26809984445174     
           0           0         269   3.5000000000000000        5.2500000000000000        1735.4108076709156        2.7393991820037308E-002   1969.0958951989246        997.26809984445197     
           0           0         270   17.500000000000000        10.500000000000000        1731.1623036415315        2.7295574767980394E-002   1969.0958951989242        997.26809984445163     
           0           0         271   5.2500000000000000        5.2500000000000000        1730.3704986786493        2.7301463520718550E-002   1969.0958951989246        997.26809984445197     
           0           0         272   11.375000000000000        7.0000000000000000        1719.6434313318830        2.7113863910108484E-002   1969.0958951989246        997.26809984445208     
           0           0         273   7.0000000000000000        5.2500000000000000        1725.4398430318945        2.7211858705160533E-002   1969.0958951989246        997.26809984445197     
           0           0         274   12.250000000000000        7.0000000000000000        1719.6982084970798        2.7115391161018586E-002   3938.1917903978483        997.26809984445174     
           0           0         275   15.750000000000000        8.7500000000000000        1731.0887705051784        2.7311147015681103E-002   1969.0958951989246        997.26809984445197     
           0           0         276   13.125000000000000        7.0000000000000000        1724.2755326166250        2.7195772384693707E-002   1969.0958951989246        997.26809984445208     
           0           0         277   8.7500000000000000        5.2500000000000000        1722.2256407710647        2.7153571937001450E-002   1969.0958951989246        997.26809984445197     
           0           0         278   14.000000000000000        7.0000000000000000        1728.6227519505912        2.7272601124473911E-002   3938.1917903978483        997.26809984445174     
           0           0         279   0.0000000000000000        3.5000000000000000        1742.1653007268762        2.7495528331433559E-002   1969.0958951989244        997.26809984445151     
           0           0         280  0.87500000000000000        3.5000000000000000        1739.1254145026162        2.7441852062629734E-002   1969.0958951989246        997.26809984445208     
           0           0         281   10.500000000000000        5.2500000000000000        1723.3283782826766        2.7173196154233574E-002   1969.0958951989246        997.26809984445197     
           0           0         282   17.500000000000000        8.7500000000000000        1740.4346317630552        2.7471755319421531E-002   984.54794759946230        997.26809984445197     
           0           0         283   1.7500000000000000        3.5000000000000000        1734.9968847934804        2.7366787046827365E-002   3938.1917903978483        997.26809984445174     
           0           0         284   2.6250000000000000        3.5000000000000000        1731.8012716932519        2.7308466954638910E-002   1969.0958951989246        997.26809984445208     
           0           0         285   3.5000000000000000        3.5000000000000000        1728.1430106344139        2.7242289547806185E-002   3938.1917903978483        997.26809984445174     
           0           0         286   14.875000000000000        7.0000000000000000        1730.7617716440143        2.7310039612670731E-002   1969.0958951989246        997.26809984445208     
           0           0         287   4.3750000000000000        3.5000000000000000        1727.2257921841765        2.7226573759916238E-002   1969.0958951989246        997.26809984445208     
           0           0         288   5.2500000000000000        3.5000000000000000        1725.7363068983095        2.7200157218889714E-002   3938.1917903978483        997.26809984445174     
           0           0         289   6.1250000000000000        3.5000000000000000        1724.3589546793035        2.7176196892759262E-002   1969.0958951989246        997.26809984445208     
           0           0         290   15.750000000000000        7.0000000000000000        1734.8771519682618        2.7384081784545950E-002   3938.1917903978483        997.26809984445174     
           0           0         291   12.250000000000000        5.2500000000000000        1727.0299826320620        2.7242866877252248E-002   1969.0958951989246        997.26809984445197     
           0           0         292   7.0000000000000000        3.5000000000000000        1723.5400942578567        2.7161716737022834E-002   3938.1917903978483        997.26809984445174     
           0           0         293   7.8750000000000000        3.5000000000000000        1722.9246932888627        2.7152759219854074E-002   1969.0958951989246        997.26809984445208     
           0           0         294   16.625000000000000        7.0000000000000000        1740.0628547864148        2.7475646243471413E-002   1969.0958951989246        997.26809984445208     
           0           0         295   8.7500000000000000        3.5000000000000000        1721.5294546338894        2.7129608539683211E-002   3938.1917903978483        997.26809984445174     
           0           0         296   14.000000000000000        5.2500000000000000        1733.6978364329618        2.7364396050074118E-002   1969.0958951989246        997.26809984445197     
           0           0         297   9.6250000000000000        3.5000000000000000        1722.8134774371840        2.7153559799854891E-002   1969.0958951989246        997.26809984445208     
           0           0         298   17.500000000000000        7.0000000000000000        1745.3212550518024        2.7568735330046040E-002   1969.0958951989242        997.26809984445163     
           0           0         299   10.500000000000000        3.5000000000000000        1724.3534199140081        2.7182628191104227E-002   3938.1917903978483        997.26809984445174     
           0           0         300   0.0000000000000000        1.7500000000000000        1738.9392716011819        2.7431804657584512E-002   984.54794759946230        997.26809984445197     
           0           0         301   1.7500000000000000        1.7500000000000000        1734.7186066686006        2.7355164352633764E-002   1969.0958951989246        997.26809984445197     
           0           0         302   3.5000000000000000        1.7500000000000000        1731.4145158729921        2.7295959244829027E-002   1969.0958951989246        997.26809984445197     
           0           0         303   11.375000000000000        3.5000000000000000        1725.2809790792808        2.7201848493588372E-002   1969.0958951989246        997.26809984445208     
           0           0         304   15.750000000000000        5.2500000000000000        1741.6325211526105        2.7508695879676907E-002   1969.0958951989246        997.26809984445197     
           0           0         305   5.2500000000000000        1.7500000000000000        1730.0337188482131        2.7272077223255649E-002   1969.0958951989246        997.26809984445197     
           0           0         306   12.250000000000000        3.5000000000000000        1729.9189545227764        2.7288307138106885E-002   3938.1917903978483        997.26809984445174     
           0           0         307   7.0000000000000000        1.7500000000000000        1728.7762155427170        2.7251571635424746E-002   1969.0958951989246        997.26809984445197     
           0           0         308   13.125000000000000        3.5000000000000000        1732.1037384727849        2.7330813235544572E-002   1969.0958951989246        997.26809984445208     
           0           0         309   8.7500000000000000        1.7500000000000000        1727.9380467895753        2.7239634688987793E-002   1969.0958951989246        997.26809984445197     
           0           0         310   14.000000000000000        3.5000000000000000        1734.2381524358050        2.7373514099454287E-002   3938.1917903978483        997.26809984445174     
           0           0         311   17.500000000000000        5.2500000000000000        1751.6047706777779        2.7689198571819805E-002   984.54794759946230        997.26809984445197     
           0           0         312   14.875000000000000        3.5000000000000000        1739.4706430018041        2.7469149158516688E-002   1969.0958951989246        997.26809984445208     
           0           0         313   10.500000000000000        1.7500000000000000        1730.4355264038068        2.7288390968337378E-002   1969.0958951989246        997.26809984445197     
           0           0         314   0.0000000000000000        0.0000000000000000        1732.9816721455024        2.7313353019280371E-002   984.54794759946185        997.26809984445163     
           0           0         315  0.87500000000000000        0.0000000000000000        1732.5486837969870        2.7304956613304458E-002   984.54794759946230        997.26809984445197     
           0           0         316   1.7500000000000000        0.0000000000000000        1731.5967404040391        2.7286311208557641E-002   1969.0958951989244        997.26809984445197     
           0           0         317   2.6250000000000000        0.0000000000000000        1731.8617233092568        2.7292111550678812E-002   984.54794759946230        997.26809984445197     
           0           0         318   3.5000000000000000        0.0000000000000000        1731.6586350244065        2.7288832216918170E-002   1969.0958951989244        997.26809984445197     
           0           0         319   15.750000000000000        3.5000000000000000        1744.7662787601248        2.7567715231904721E-002   3938.1917903978483        997.26809984445174     
           0           0         320   4.3750000000000000        0.0000000000000000        1730.9648876644894        2.7276249881974718E-002   984.54794759946230        997.26809984445197     
           0           0         321   5.2500000000000000        0.0000000000000000        1730.6439020549972        2.7271016707931785E-002   1969.0958951989244        997.26809984445197     
           0           0         322   12.250000000000000        1.7500000000000000        1735.5643832404344        2.7387549801773929E-002   1969.0958951989246        997.26809984445197     
           0           0         323   6.1250000000000000        0.0000000000000000        1730.8275070397174        2.7275651263213293E-002   984.54794759946230        997.26809984445197     
           0           0         324   16.625000000000000        3.5000000000000000        1748.7374708271725        2.7642281096823478E-002   1969.0958951989246        997.26809984445208     
           0           0         325   7.0000000000000000        0.0000000000000000        1731.1208492271444        2.7282975594555729E-002   1969.0958951989244        997.26809984445197     
           0           0         326   7.8750000000000000        0.0000000000000000        1730.5466091229050        2.7273050768888158E-002   984.54794759946230        997.26809984445197     
           0           0         327   17.500000000000000        3.5000000000000000        1753.0126612715994        2.7722604387101252E-002   1969.0958951989242        997.26809984445163     
           0           0         328   8.7500000000000000        0.0000000000000000        1730.9499396585297        2.7281946462243911E-002   1969.0958951989244        997.26809984445197     
           0           0         329   14.000000000000000        1.7500000000000000        1740.1072769175325        2.7477370158594631E-002   1969.0958951989246        997.26809984445197     
           0           0         330   9.6250000000000000        0.0000000000000000        1732.2043480479545        2.7308424071490159E-002   984.54794759946230        997.26809984445197     
           0           0         331   10.500000000000000        0.0000000000000000        1732.4563599165986        2.7316266125979850E-002   1969.0958951989244        997.26809984445197     
           0           0         332   15.750000000000000        1.7500000000000000        1748.9232656792919        2.7643509015985945E-002   1969.0958951989246        997.26809984445197     
           0           0         333   11.375000000000000        0.0000000000000000        1733.7592704929905        2.7342972848609370E-002   984.54794759946230        997.26809984445197     
           0           0         334   12.250000000000000        0.0000000000000000        1738.2240655566441        2.7429325554361027E-002   1969.0958951989244        997.26809984445197     
           0           0         335   13.125000000000000        0.0000000000000000        1740.8172325216979        2.7481242418061921E-002   984.54794759946230        997.26809984445197     
           0           0         336   17.500000000000000        1.7500000000000000        1756.2587039822879        2.7783430735990284E-002   984.54794759946230        997.26809984445197     
           0           0         337   14.000000000000000        0.0000000000000000        1742.7035078421065        2.7519562852106834E-002   1969.0958951989244        997.26809984445197     
           0           0         338   14.875000000000000        0.0000000000000000        1745.2656329336323        2.7570064913944529E-002   984.54794759946230        997.26809984445197     
           0           0         339   15.750000000000000        0.0000000000000000        1749.7150105126505        2.7656452112514121E-002   1969.0958951989244        997.26809984445197     
           0           0         340   16.625000000000000        0.0000000000000000        1753.2486459529814        2.7725069671339093E-002   984.54794759946230        997.26809984445197     
           0           0         341   17.500000000000000        0.0000000000000000        1757.2543185485406        2.7802068249521573E-002   984.54794759946208        997.26809984445174     
