           0           0           1   0.0000000000000000        35.000000000000000        1380.5039263158710        2.0064342219554738E-002   1107.0813474342344        1038.5515474153976     
           0           0           2  0.87500000000000000        35.000000000000000        1388.5625269635225        2.0246296843058495E-002   1107.0813474342344        1038.5515474153974     
           0           0           3   0.0000000000000000        33.250000000000000        1457.7922988777539        2.1813416308221308E-002   1107.0813474342344        1038.5515474153974     
           0           0           4   1.7500000000000000        35.000000000000000        1400.3307541513318        2.0516196509714237E-002   2214.1626948684689        1038.5515474153976     
           0           0           5   1.7500000000000000        33.250000000000000        1479.8734450351587        2.2286732107204370E-002   2214.1626948684689        1038.5515474153974     
           0           0           6   2.6250000000000000        35.000000000000000        1406.9535724900879        2.0664916811572204E-002   1107.0813474342344        1038.5515474153974     
           0           0           7   0.0000000000000000        31.500000000000000        1524.2996334780742        2.3238390243209079E-002   2214.1626948684689        1038.5515474153974     
           0           0           8   3.5000000000000000        35.000000000000000        1420.6970064081993        2.0975522962426656E-002   2214.1626948684689        1038.5515474153976     
           0           0           9  0.87500000000000000        31.500000000000000        1536.1157083610954        2.3482642732456181E-002   2214.1626948684689        1038.5515474153976     
           0           0          10   3.5000000000000000        33.250000000000000        1503.0425618240370        2.2780064623166247E-002   2214.1626948684689        1038.5515474153974     
           0           0          11   1.7500000000000000        31.500000000000000        1549.0000456196922        2.3744329402153024E-002   4428.3253897369386        1038.5515474153976     
           0           0          12   2.6250000000000000        31.500000000000000        1565.9549975637979        2.4088295338585478E-002   2214.1626948684689        1038.5515474153976     
           0           0          13   4.3750000000000000        35.000000000000000        1430.0594086354311        2.1184197936909309E-002   1107.0813474342344        1038.5515474153974     
           0           0          14   3.5000000000000000        31.500000000000000        1580.1562850254420        2.4375872266446091E-002   4428.3253897369386        1038.5515474153976     
           0           0          15   0.0000000000000000        29.750000000000000        1612.6492638673110        2.5067026913592659E-002   1107.0813474342344        1038.5515474153974     
           0           0          16   5.2500000000000000        35.000000000000000        1448.7597566758948        2.1599318067382408E-002   2214.1626948684689        1038.5515474153976     
           0           0          17   1.7500000000000000        29.750000000000000        1649.5716436806113        2.5779375632211436E-002   2214.1626948684689        1038.5515474153974     
           0           0          18   5.2500000000000000        33.250000000000000        1535.8634823300622        2.3468118571965187E-002   2214.1626948684689        1038.5515474153974     
           0           0          19   4.3750000000000000        31.500000000000000        1600.7828873315750        2.4786450365767435E-002   2214.1626948684689        1038.5515474153976     
           0           0          20   6.1250000000000000        35.000000000000000        1455.9433906353754        2.1759728292183658E-002   1107.0813474342344        1038.5515474153974     
           0           0          21   3.5000000000000000        29.750000000000000        1685.5764834860026        2.6461925245077032E-002   2214.1626948684689        1038.5515474153974     
           0           0          22   5.2500000000000000        31.500000000000000        1614.3847280673999        2.5059357885501482E-002   4428.3253897369386        1038.5515474153976     
           0           0          23   0.0000000000000000        28.000000000000000        1698.0972610573554        2.6737601265192007E-002   2214.1626948684689        1038.5515474153974     
           0           0          24   7.0000000000000000        35.000000000000000        1471.1539478905797        2.2100150918773410E-002   2214.1626948684689        1038.5515474153976     
           0           0          25   6.1250000000000000        31.500000000000000        1640.7464441284967        2.5569462915949834E-002   2214.1626948684689        1038.5515474153976     
           0           0          26  0.87500000000000000        28.000000000000000        1713.9122310012083        2.7027931429505696E-002   2214.1626948684689        1038.5515474153976     
           0           0          27   7.0000000000000000        33.250000000000000        1575.1949261015072        2.4276707772578409E-002   2214.1626948684689        1038.5515474153974     
           0           0          28   1.7500000000000000        28.000000000000000        1736.0284795011576        2.7431947583690528E-002   4428.3253897369386        1038.5515474153976     
           0           0          29   5.2500000000000000        29.750000000000000        1727.6015663747171        2.7242439370120428E-002   2214.1626948684689        1038.5515474153974     
           0           0          30   2.6250000000000000        28.000000000000000        1754.9132134536878        2.7774363347734549E-002   2214.1626948684689        1038.5515474153976     
           0           0          31   7.0000000000000000        31.500000000000000        1655.2813017867165        2.5854541363880233E-002   4428.3253897369386        1038.5515474153976     
           0           0          32   3.5000000000000000        28.000000000000000        1774.2511960290201        2.8121293358716860E-002   4428.3253897369386        1038.5515474153976     
           0           0          33   7.8750000000000000        35.000000000000000        1504.0338994716526        2.2794355218157258E-002   1107.0813474342344        1038.5515474153974     
           0           0          34   4.3750000000000000        28.000000000000000        1794.3836742886415        2.8476792863056800E-002   2214.1626948684689        1038.5515474153976     
           0           0          35   7.8750000000000000        31.500000000000000        1691.6283673124728        2.6545586722581539E-002   2214.1626948684689        1038.5515474153976     
           0           0          36   8.7500000000000000        35.000000000000000        1508.2425192384123        2.2899308879317397E-002   2214.1626948684689        1038.5515474153976     
           0           0          37   0.0000000000000000        26.250000000000000        1777.2245341551068        2.8228670216133567E-002   1107.0813474342344        1038.5515474153974     
           0           0          38   7.0000000000000000        29.750000000000000        1768.5466392275948        2.7988962217070409E-002   2214.1626948684689        1038.5515474153974     
           0           0          39   5.2500000000000000        28.000000000000000        1809.0316574221904        2.8732811933292354E-002   4428.3253897369386        1038.5515474153976     
           0           0          40   8.7500000000000000        33.250000000000000        1618.1689402100419        2.5141077054053725E-002   2214.1626948684689        1038.5515474153974     
           0           0          41   1.7500000000000000        26.250000000000000        1818.5580852707828        2.8954770867935485E-002   2214.1626948684689        1038.5515474153974     
           0           0          42   6.1250000000000000        28.000000000000000        1835.3697272804006        2.9193111334683542E-002   2214.1626948684689        1038.5515474153976     
           0           0          43   8.7500000000000000        31.500000000000000        1707.8818601746043        2.6854386778754177E-002   4428.3253897369386        1038.5515474153976     
           0           0          44   3.5000000000000000        26.250000000000000        1855.6316959502069        2.9591832544387329E-002   2214.1626948684689        1038.5515474153974     
           0           0          45   9.6250000000000000        35.000000000000000        1536.7185007108833        2.3497293448237529E-002   1107.0813474342344        1038.5515474153974     
           0           0          46   7.0000000000000000        28.000000000000000        1854.6938969497241        2.9523960747471194E-002   4428.3253897369386        1038.5515474153976     
           0           0          47   8.7500000000000000        29.750000000000000        1818.8724866123525        2.8886718664930151E-002   2214.1626948684689        1038.5515474153974     
           0           0          48   5.2500000000000000        26.250000000000000        1890.0761619531841        3.0172680024637653E-002   2214.1626948684689        1038.5515474153974     
           0           0          49   9.6250000000000000        31.500000000000000        1743.0305122946838        2.7504187158563953E-002   2214.1626948684689        1038.5515474153976     
           0           0          50   10.500000000000000        35.000000000000000        1559.5024815116831        2.3974007215308901E-002   2214.1626948684689        1038.5515474153976     
           0           0          51   0.0000000000000000        24.500000000000000        1852.5669758511985        2.9592558690255157E-002   2214.1626948684689        1038.5515474153974     
           0           0          52   7.8750000000000000        28.000000000000000        1877.7850158457074        2.9921403907490703E-002   2214.1626948684689        1038.5515474153976     
           0           0          53  0.87500000000000000        24.500000000000000        1871.8313569097288        2.9918861034116367E-002   2214.1626948684689        1038.5515474153976     
           0           0          54   1.7500000000000000        24.500000000000000        1893.8314857460291        3.0289180470030708E-002   4428.3253897369386        1038.5515474153976     
           0           0          55   10.500000000000000        33.250000000000000        1674.8315878868773        2.6252881263098937E-002   2214.1626948684689        1038.5515474153974     
           0           0          56   2.6250000000000000        24.500000000000000        1908.9662014619680        3.0538001975306709E-002   2214.1626948684689        1038.5515474153976     
           0           0          57   3.5000000000000000        24.500000000000000        1926.0977392091920        3.0821901538364942E-002   4428.3253897369386        1038.5515474153976     
           0           0          58   10.500000000000000        31.500000000000000        1780.1635998287909        2.8186269542554220E-002   4428.3253897369386        1038.5515474153976     
           0           0          59   8.7500000000000000        28.000000000000000        1900.3511384466822        3.0304631333021435E-002   4428.3253897369386        1038.5515474153976     
           0           0          60   7.0000000000000000        26.250000000000000        1920.8081983967616        3.0686560208102710E-002   2214.1626948684689        1038.5515474153974     
           0           0          61   11.375000000000000        35.000000000000000        1599.9088467227821        2.4797271547290691E-002   1107.0813474342344        1038.5515474153974     
           0           0          62   4.3750000000000000        24.500000000000000        1940.9332346645260        3.1063494678573403E-002   2214.1626948684689        1038.5515474153976     
           0           0          63   10.500000000000000        29.750000000000000        1878.1134659404643        2.9916984052301681E-002   2214.1626948684689        1038.5515474153974     
           0           0          64   5.2500000000000000        24.500000000000000        1955.8732413490582        3.1306736218116117E-002   4428.3253897369386        1038.5515474153976     
           0           0          65   11.375000000000000        31.500000000000000        1823.2485486167875        2.8948730716128579E-002   2214.1626948684689        1038.5515474153976     
           0           0          66   9.6250000000000000        28.000000000000000        1920.8296319604690        3.0652882922030007E-002   2214.1626948684689        1038.5515474153976     
           0           0          67   6.1250000000000000        24.500000000000000        1963.3950748363854        3.1428941111915368E-002   2214.1626948684689        1038.5515474153976     
           0           0          68   0.0000000000000000        22.750000000000000        1908.0931041419140        3.0569660201635922E-002   1107.0813474342344        1038.5515474153974     
           0           0          69   12.250000000000000        35.000000000000000        1634.4203753381876        2.5495007300768185E-002   2214.1626948684689        1038.5515474153976     
           0           0          70   12.250000000000000        33.250000000000000        1759.4554596727078        2.7840766934978552E-002   2214.1626948684689        1038.5515474153974     
           0           0          71   1.7500000000000000        22.750000000000000        1943.8211082928187        3.1157422255658394E-002   2214.1626948684689        1038.5515474153974     
           0           0          72   8.7500000000000000        26.250000000000000        1942.6577271908545        3.1051844351580454E-002   2214.1626948684689        1038.5515474153974     
           0           0          73   7.0000000000000000        24.500000000000000        1973.1531866116188        3.1591294526479172E-002   4428.3253897369386        1038.5515474153976     
           0           0          74   10.500000000000000        28.000000000000000        1941.7469306701159        3.1008038581174895E-002   4428.3253897369386        1038.5515474153976     
           0           0          75   3.5000000000000000        22.750000000000000        1969.7839458752437        3.1577873741156282E-002   2214.1626948684689        1038.5515474153974     
           0           0          76   12.250000000000000        31.500000000000000        1866.0307927154290        2.9699958791003511E-002   4428.3253897369386        1038.5515474153976     
           0           0          77   7.8750000000000000        24.500000000000000        1975.8519751030278        3.1638679190334258E-002   2214.1626948684689        1038.5515474153976     
           0           0          78   13.125000000000000        35.000000000000000        1681.1433762274683        2.6404669404699543E-002   1107.0813474342344        1038.5515474153974     
           0           0          79   5.2500000000000000        22.750000000000000        1983.4783403912152        3.1795836568022998E-002   2214.1626948684689        1038.5515474153974     
           0           0          80   12.250000000000000        29.750000000000000        1930.9847290189775        3.0816474712886871E-002   2214.1626948684689        1038.5515474153974     
           0           0          81   11.375000000000000        28.000000000000000        1949.2744059302343        3.1141098278839152E-002   2214.1626948684689        1038.5515474153976     
           0           0          82   13.125000000000000        31.500000000000000        1925.7838818704504        3.0718575758339216E-002   2214.1626948684689        1038.5515474153976     
           0           0          83   10.500000000000000        26.250000000000000        1949.5651936106124        3.1170938264584488E-002   2214.1626948684689        1038.5515474153974     
           0           0          84   8.7500000000000000        24.500000000000000        1978.8387167007575        3.1691146014910763E-002   4428.3253897369386        1038.5515474153976     
           0           0          85   0.0000000000000000        21.000000000000000        1969.5803805218841        3.1630578302986240E-002   2214.1626948684689        1038.5515474153974     
           0           0          86   14.000000000000000        35.000000000000000        1738.0900824201849        2.7507371051824478E-002   2214.1626948684689        1038.5515474153976     
           0           0          87  0.87500000000000000        21.000000000000000        1982.6547125814066        3.1838782965002692E-002   2214.1626948684689        1038.5515474153976     
           0           0          88   14.000000000000000        33.250000000000000        1888.4304667995098        3.0131834700364242E-002   2214.1626948684689        1038.5515474153974     
           0           0          89   7.0000000000000000        22.750000000000000        1978.3718970597602        3.1713841863331448E-002   2214.1626948684689        1038.5515474153974     
           0           0          90   12.250000000000000        28.000000000000000        1956.3919151426624        3.1272721266146219E-002   4428.3253897369386        1038.5515474153976     
           0           0          91   1.7500000000000000        21.000000000000000        1997.4297023960494        3.2074794265225678E-002   4428.3253897369386        1038.5515474153976     
           0           0          92   9.6250000000000000        24.500000000000000        1972.6932508685352        3.1594412557392683E-002   2214.1626948684689        1038.5515474153976     
           0           0          93   2.6250000000000000        21.000000000000000        2004.5686382249382        3.2186934753391898E-002   2214.1626948684689        1038.5515474153976     
           0           0          94   14.000000000000000        31.500000000000000        1973.4906912450658        3.1521290004601868E-002   4428.3253897369386        1038.5515474153976     
           0           0          95   3.5000000000000000        21.000000000000000        2014.6218400946364        3.2346856494627305E-002   4428.3253897369386        1038.5515474153976     
           0           0          96   4.3750000000000000        21.000000000000000        2013.8005779084422        3.2333215354863422E-002   2214.1626948684689        1038.5515474153976     
           0           0          97   10.500000000000000        24.500000000000000        1960.7552245990255        3.1400606991993603E-002   4428.3253897369386        1038.5515474153976     
           0           0          98   13.125000000000000        28.000000000000000        1950.3028022712617        3.1184862188381166E-002   2214.1626948684689        1038.5515474153976     
           0           0          99   14.875000000000000        35.000000000000000        1805.1664636082955        2.8741174955888359E-002   1107.0813474342344        1038.5515474153974     
           0           0         100   14.000000000000000        29.750000000000000        1946.1845644365915        3.1091586738134308E-002   2214.1626948684689        1038.5515474153974     
           0           0         101   5.2500000000000000        21.000000000000000        2013.0414789981094        3.2321222881339977E-002   4428.3253897369386        1038.5515474153976     
           0           0         102   8.7500000000000000        22.750000000000000        1961.6246776848493        3.1438613490825593E-002   2214.1626948684689        1038.5515474153974     
           0           0         103   12.250000000000000        26.250000000000000        1921.5671906823800        3.0713822720317314E-002   2214.1626948684689        1038.5515474153974     
           0           0         104   6.1250000000000000        21.000000000000000        2004.7508516861610        3.2189470873486586E-002   2214.1626948684689        1038.5515474153976     
           0           0         105   14.875000000000000        31.500000000000000        1996.2954167228518        3.1903259730243973E-002   2214.1626948684689        1038.5515474153976     
           0           0         106   11.375000000000000        24.500000000000000        1942.5903471737950        3.1107512667108202E-002   2214.1626948684689        1038.5515474153976     
           0           0         107   14.000000000000000        28.000000000000000        1907.0398346938325        3.0465250670772721E-002   4428.3253897369386        1038.5515474153976     
           0           0         108   7.0000000000000000        21.000000000000000        1993.4432669461710        3.2011720941458863E-002   4428.3253897369386        1038.5515474153976     
           0           0         109   0.0000000000000000        19.250000000000000        1999.9474345868086        3.2137648817570502E-002   1107.0813474342344        1038.5515474153974     
           0           0         110   15.750000000000000        35.000000000000000        1927.6300720973004        3.0877944386051574E-002   2214.1626948684689        1038.5515474153976     
           0           0         111   15.750000000000000        33.250000000000000        2010.7848311711141        3.2132802462470911E-002   2214.1626948684689        1038.5515474153974     
           0           0         112   1.7500000000000000        19.250000000000000        2014.7123538229866        3.2371923449018937E-002   2214.1626948684689        1038.5515474153974     
           0           0         113   7.8750000000000000        21.000000000000000        1981.2581852872031        3.1812333842338447E-002   2214.1626948684689        1038.5515474153976     
           0           0         114   3.5000000000000000        19.250000000000000        2014.8085718247050        3.2371295034300043E-002   2214.1626948684689        1038.5515474153974     
           0           0         115   10.500000000000000        22.750000000000000        1922.9704707678400        3.0796527163534385E-002   2214.1626948684689        1038.5515474153974     
           0           0         116   15.750000000000000        31.500000000000000        2061.0931162919792        3.2984545034999938E-002   4428.3253897369386        1038.5515474153976     
           0           0         117   12.250000000000000        24.500000000000000        1912.3252374901876        3.0604820229425820E-002   4428.3253897369386        1038.5515474153976     
           0           0         118   14.875000000000000        28.000000000000000        1887.7857872035745        3.0156542833523675E-002   2214.1626948684689        1038.5515474153976     
           0           0         119   14.000000000000000        26.250000000000000        1858.8314428160324        2.9659164248776900E-002   2214.1626948684689        1038.5515474153974     
           0           0         120   8.7500000000000000        21.000000000000000        1963.8148532442578        3.1522755081825782E-002   4428.3253897369386        1038.5515474153976     
           0           0         121   15.750000000000000        29.750000000000000        1863.2529143175570        2.9699253809390647E-002   2214.1626948684689        1038.5515474153974     
           0           0         122   5.2500000000000000        19.250000000000000        1994.2669686893946        3.2042130349252802E-002   2214.1626948684689        1038.5515474153974     
           0           0         123   16.625000000000000        35.000000000000000        2430.7698820303585        3.8780687166066988E-002   1107.0813474342344        1038.5515474153974     
           0           0         124   13.125000000000000        24.500000000000000        1883.9086346259412        3.0125850674732210E-002   2214.1626948684689        1038.5515474153976     
           0           0         125   9.6250000000000000        21.000000000000000        1942.7041271037606        3.1173684694337893E-002   2214.1626948684689        1038.5515474153976     
           0           0         126   16.625000000000000        31.500000000000000        1905.5910004381917        3.0498027175772529E-002   2214.1626948684689        1038.5515474153976     
           0           0         127   7.0000000000000000        19.250000000000000        1964.6878852996983        3.1560941133048886E-002   2214.1626948684689        1038.5515474153974     
           0           0         128   15.750000000000000        28.000000000000000        1807.8624055376374        2.8756644092275168E-002   4428.3253897369386        1038.5515474153976     
           0           0         129   12.250000000000000        22.750000000000000        1872.6249453167939        2.9946628803836153E-002   2214.1626948684689        1038.5515474153974     
           0           0         130   14.000000000000000        24.500000000000000        1845.8446514959489        2.9465129411135250E-002   4428.3253897369386        1038.5515474153976     
           0           0         131   17.500000000000000        35.000000000000000        3012.6722187176433        4.6280666980846416E-002   1107.0813474342347        1038.5515474153976     
           0           0         132   0.0000000000000000        17.500000000000000        2044.3121408371733        3.2880410775584581E-002   2214.1626948684689        1038.5515474153974     
           0           0         133   10.500000000000000        21.000000000000000        1913.5611164032221        3.0682052622406995E-002   4428.3253897369386        1038.5515474153976     
           0           0         134  0.87500000000000000        17.500000000000000        2043.4797244298302        3.2868051393409536E-002   2214.1626948684689        1038.5515474153976     
           0           0         135   1.7500000000000000        17.500000000000000        2045.0357862684145        3.2895647057067233E-002   4428.3253897369386        1038.5515474153976     
           0           0         136   17.500000000000000        33.250000000000000        2164.6427502200168        3.4703234336840090E-002   1107.0813474342344        1038.5515474153974     
           0           0         137   2.6250000000000000        17.500000000000000        2038.9373845359708        3.2799627823117648E-002   2214.1626948684689        1038.5515474153976     
           0           0         138   17.500000000000000        31.500000000000000        1607.2836304993723        2.5013064808072850E-002   2214.1626948684689        1038.5515474153976     
           0           0         139   3.5000000000000000        17.500000000000000        2030.9171434946356        3.2673209494471923E-002   4428.3253897369386        1038.5515474153976     
           0           0         140   8.7500000000000000        19.250000000000000        1925.0878869340327        3.0896274595642249E-002   2214.1626948684689        1038.5515474153974     
           0           0         141   15.750000000000000        26.250000000000000        1800.1021185918692        2.8630047169986728E-002   2214.1626948684689        1038.5515474153974     
           0           0         142   4.3750000000000000        17.500000000000000        2016.8120869700304        3.2451596936834179E-002   2214.1626948684689        1038.5515474153976     
           0           0         143   11.375000000000000        21.000000000000000        1895.0917230787975        3.0368570873916999E-002   2214.1626948684689        1038.5515474153976     
           0           0         144   16.625000000000000        28.000000000000000        1786.0922921874319        2.8379535077985657E-002   2214.1626948684689        1038.5515474153976     
           0           0         145   14.875000000000000        24.500000000000000        1828.1796725610407        2.9146098609880690E-002   2214.1626948684689        1038.5515474153976     
           0           0         146   17.500000000000000        29.750000000000000        1646.0182901828339        2.5760169179874514E-002   1107.0813474342344        1038.5515474153974     
           0           0         147   5.2500000000000000        17.500000000000000        1998.6920442533765        3.2163248533685351E-002   4428.3253897369386        1038.5515474153976     
           0           0         148   6.1250000000000000        17.500000000000000        1982.9465013974364        3.1905169825775744E-002   2214.1626948684689        1038.5515474153976     
           0           0         149   14.000000000000000        22.750000000000000        1831.6841565549735        2.9223380707807691E-002   2214.1626948684689        1038.5515474153974     
           0           0         150   12.250000000000000        21.000000000000000        1866.3211826821130        2.9869424047754334E-002   4428.3253897369386        1038.5515474153976     
           0           0         151   7.0000000000000000        17.500000000000000        1963.2131808715676        3.1575481496931429E-002   4428.3253897369386        1038.5515474153976     
           0           0         152   17.500000000000000        28.000000000000000        1769.4785949658942        2.8084737505173277E-002   2214.1626948684689        1038.5515474153976     
           0           0         153   10.500000000000000        19.250000000000000        1884.7308061810641        3.0205318083800538E-002   2214.1626948684689        1038.5515474153974     
           0           0         154   15.750000000000000        24.500000000000000        1810.1941056189519        2.8813129934343023E-002   4428.3253897369386        1038.5515474153976     
           0           0         155   7.8750000000000000        17.500000000000000        1943.2330043846230        3.1243921548979172E-002   2214.1626948684689        1038.5515474153976     
           0           0         156   13.125000000000000        21.000000000000000        1855.8256310245677        2.9676806724012038E-002   2214.1626948684689        1038.5515474153976     
           0           0         157   0.0000000000000000        15.750000000000000        2049.5808959971982        3.2959158288419818E-002   1107.0813474342344        1038.5515474153974     
           0           0         158   1.7500000000000000        15.750000000000000        2033.8579357506496        3.2720288188353056E-002   2214.1626948684689        1038.5515474153974     
           0           0         159   3.5000000000000000        15.750000000000000        2005.7000102860111        3.2273372680484157E-002   2214.1626948684689        1038.5515474153974     
           0           0         160   17.500000000000000        26.250000000000000        1800.2873889220248        2.8610412393060464E-002   1107.0813474342344        1038.5515474153974     
           0           0         161   8.7500000000000000        17.500000000000000        1917.9695337125211        3.0815551720168425E-002   4428.3253897369386        1038.5515474153976     
           0           0         162   16.625000000000000        24.500000000000000        1805.3828739017288        2.8713395286120318E-002   2214.1626948684689        1038.5515474153976     
           0           0         163   14.000000000000000        21.000000000000000        1840.8747466960308        2.9401400138891438E-002   4428.3253897369386        1038.5515474153976     
           0           0         164   12.250000000000000        19.250000000000000        1853.1867144952007        2.9647929780855002E-002   2214.1626948684689        1038.5515474153974     
           0           0         165   15.750000000000000        22.750000000000000        1819.8970703583250        2.8989924302356321E-002   2214.1626948684689        1038.5515474153974     
           0           0         166   5.2500000000000000        15.750000000000000        1969.2422515872377        3.1681962080326878E-002   2214.1626948684689        1038.5515474153974     
           0           0         167   9.6250000000000000        17.500000000000000        1904.8103291253522        3.0585349823943491E-002   2214.1626948684689        1038.5515474153976     
           0           0         168   17.500000000000000        24.500000000000000        1798.8501494480277        2.8581759974143660E-002   2214.1626948684689        1038.5515474153976     
           0           0         169   10.500000000000000        17.500000000000000        1885.0291013943058        3.0239632478263036E-002   4428.3253897369386        1038.5515474153976     
           0           0         170   14.875000000000000        21.000000000000000        1838.4944013039369        2.9342312403590389E-002   2214.1626948684689        1038.5515474153976     
           0           0         171   7.0000000000000000        15.750000000000000        1928.6947879132931        3.1005033713744960E-002   2214.1626948684689        1038.5515474153974     
           0           0         172   11.375000000000000        17.500000000000000        1872.9569419790571        3.0021404501875789E-002   2214.1626948684689        1038.5515474153976     
           0           0         173   0.0000000000000000        14.000000000000000        2074.9396985209296        3.3379826611178241E-002   2214.1626948684689        1038.5515474153974     
           0           0         174  0.87500000000000000        14.000000000000000        2059.7607344422772        3.3152042878745631E-002   2214.1626948684689        1038.5515474153976     
           0           0         175   14.000000000000000        19.250000000000000        1843.6508944169257        2.9451932463073299E-002   2214.1626948684689        1038.5515474153974     
           0           0         176   1.7500000000000000        14.000000000000000        2044.3109543111977        3.2916386271776843E-002   4428.3253897369386        1038.5515474153976     
           0           0         177   15.750000000000000        21.000000000000000        1834.6270853995636        2.9254775691397870E-002   4428.3253897369386        1038.5515474153976     
           0           0         178   8.7500000000000000        15.750000000000000        1895.8454567709819        3.0439738755396670E-002   2214.1626948684689        1038.5515474153974     
           0           0         179   2.6250000000000000        14.000000000000000        2027.1371861669620        3.2644929594710083E-002   2214.1626948684689        1038.5515474153976     
           0           0         180   3.5000000000000000        14.000000000000000        2005.9359791262943        3.2305935649413989E-002   4428.3253897369386        1038.5515474153976     
           0           0         181   12.250000000000000        17.500000000000000        1858.9213787711001        2.9764825294930838E-002   4428.3253897369386        1038.5515474153976     
           0           0         182   17.500000000000000        22.750000000000000        1808.8848934181890        2.8760304031029131E-002   1107.0813474342344        1038.5515474153974     
           0           0         183   4.3750000000000000        14.000000000000000        1985.9787172571021        3.1981138406757065E-002   2214.1626948684689        1038.5515474153976     
           0           0         184   5.2500000000000000        14.000000000000000        1963.6964482469616        3.1614063065785618E-002   4428.3253897369386        1038.5515474153976     
           0           0         185   16.625000000000000        21.000000000000000        1830.6787099297696        2.9166239980915849E-002   2214.1626948684689        1038.5515474153976     
           0           0         186   6.1250000000000000        14.000000000000000        1943.7472445029612        3.1285806630921509E-002   2214.1626948684689        1038.5515474153976     
           0           0         187   13.125000000000000        17.500000000000000        1856.7994630839548        2.9710040750166242E-002   2214.1626948684689        1038.5515474153976     
           0           0         188   10.500000000000000        15.750000000000000        1871.6757075891960        3.0008604127459936E-002   2214.1626948684689        1038.5515474153974     
           0           0         189   7.0000000000000000        14.000000000000000        1919.9267401617210        3.0884601903511142E-002   4428.3253897369386        1038.5515474153976     
           0           0         190   15.750000000000000        19.250000000000000        1840.2385528328969        2.9354337877395199E-002   2214.1626948684689        1038.5515474153974     
           0           0         191   17.500000000000000        21.000000000000000        1827.7181023077444        2.9095189626896344E-002   2214.1626948684689        1038.5515474153976     
           0           0         192   14.000000000000000        17.500000000000000        1854.8534250669434        2.9656429412847608E-002   4428.3253897369386        1038.5515474153976     
           0           0         193   7.8750000000000000        14.000000000000000        1909.7515045363812        3.0703423812737770E-002   2214.1626948684689        1038.5515474153976     
           0           0         194   0.0000000000000000        12.250000000000000        2054.5577278375104        3.3039105121733567E-002   1107.0813474342344        1038.5515474153974     
           0           0         195   8.7500000000000000        14.000000000000000        1896.3748673466382        3.0464604881513348E-002   4428.3253897369386        1038.5515474153976     
           0           0         196   12.250000000000000        15.750000000000000        1858.4240638104229        2.9753603250908423E-002   2214.1626948684689        1038.5515474153974     
           0           0         197   1.7500000000000000        12.250000000000000        2018.4958400951559        3.2481096296972344E-002   2214.1626948684689        1038.5515474153974     
           0           0         198   14.875000000000000        17.500000000000000        1853.0562148493884        2.9606410113191584E-002   2214.1626948684689        1038.5515474153976     
           0           0         199   3.5000000000000000        12.250000000000000        1976.3186407156709        3.1803647913375900E-002   2214.1626948684689        1038.5515474153974     
           0           0         200   9.6250000000000000        14.000000000000000        1884.9512154220795        3.0260364160549467E-002   2214.1626948684689        1038.5515474153976     
           0           0         201   5.2500000000000000        12.250000000000000        1932.1600713396101        3.1077274168602551E-002   2214.1626948684689        1038.5515474153974     
           0           0         202   10.500000000000000        14.000000000000000        1871.9960525546157        3.0026785545946993E-002   4428.3253897369386        1038.5515474153976     
           0           0         203   15.750000000000000        17.500000000000000        1851.4497153874979        2.9558902121036873E-002   4428.3253897369386        1038.5515474153976     
           0           0         204   17.500000000000000        19.250000000000000        1840.2299023734176        2.9311992335107707E-002   1107.0813474342344        1038.5515474153974     
           0           0         205   7.0000000000000000        12.250000000000000        1902.4870368893237        3.0570149756793088E-002   2214.1626948684689        1038.5515474153974     
           0           0         206   14.000000000000000        15.750000000000000        1858.4698173819006        2.9718738081655649E-002   2214.1626948684689        1038.5515474153974     
           0           0         207   11.375000000000000        14.000000000000000        1868.5163756569837        2.9953753531463914E-002   2214.1626948684689        1038.5515474153976     
           0           0         208   16.625000000000000        17.500000000000000        1854.0076883901811        2.9579173967599952E-002   2214.1626948684689        1038.5515474153976     
           0           0         209   12.250000000000000        14.000000000000000        1865.8504000302419        2.9891440236308162E-002   4428.3253897369386        1038.5515474153976     
           0           0         210   8.7500000000000000        12.250000000000000        1884.3825475371059        3.0246763729480812E-002   2214.1626948684689        1038.5515474153974     
           0           0         211   0.0000000000000000        10.500000000000000        2054.2355086698226        3.3037775973337888E-002   2214.1626948684689        1038.5515474153974     
           0           0         212  0.87500000000000000        10.500000000000000        2033.4723224064433        3.2715048611155283E-002   2214.1626948684689        1038.5515474153976     
           0           0         213   1.7500000000000000        10.500000000000000        2010.8682454873822        3.2358456934010113E-002   4428.3253897369386        1038.5515474153976     
           0           0         214   2.6250000000000000        10.500000000000000        1987.8481934576739        3.1991079225862987E-002   2214.1626948684689        1038.5515474153976     
           0           0         215   3.5000000000000000        10.500000000000000        1963.8329526967721        3.1601091663293411E-002   4428.3253897369386        1038.5515474153976     
           0           0         216   17.500000000000000        17.500000000000000        1856.0671576709094        2.9590868013847457E-002   2214.1626948684689        1038.5515474153976     
           0           0         217   13.125000000000000        14.000000000000000        1867.0371174989941        2.9893605404240842E-002   2214.1626948684689        1038.5515474153976     
           0           0         218   15.750000000000000        15.750000000000000        1862.1157441963433        2.9742592460903647E-002   2214.1626948684689        1038.5515474153974     
           0           0         219   4.3750000000000000        10.500000000000000        1943.3364141420107        3.1266760611808331E-002   2214.1626948684689        1038.5515474153976     
           0           0         220   5.2500000000000000        10.500000000000000        1918.7693773696435        3.0858251613044577E-002   4428.3253897369386        1038.5515474153976     
           0           0         221   10.500000000000000        12.250000000000000        1869.3212876226753        2.9969674265858982E-002   2214.1626948684689        1038.5515474153974     
           0           0         222   14.000000000000000        14.000000000000000        1866.4931512184291        2.9867066694000497E-002   4428.3253897369386        1038.5515474153976     
           0           0         223   6.1250000000000000        10.500000000000000        1910.3155629757355        3.0710226913715083E-002   2214.1626948684689        1038.5515474153976     
           0           0         224   7.0000000000000000        10.500000000000000        1899.8303189695880        3.0524263506483823E-002   4428.3253897369386        1038.5515474153976     
           0           0         225   14.875000000000000        14.000000000000000        1870.0960326302470        2.9909204814274965E-002   2214.1626948684689        1038.5515474153976     
           0           0         226   7.8750000000000000        10.500000000000000        1889.7395605675654        3.0347526230985491E-002   2214.1626948684689        1038.5515474153976     
           0           0         227   12.250000000000000        12.250000000000000        1869.4439427465113        2.9944704924698626E-002   2214.1626948684689        1038.5515474153974     
           0           0         228   17.500000000000000        15.750000000000000        1869.4861408196928        2.9824073938031419E-002   1107.0813474342344        1038.5515474153974     
           0           0         229   8.7500000000000000        10.500000000000000        1879.7478652219045        3.0170248393426843E-002   4428.3253897369386        1038.5515474153976     
           0           0         230   15.750000000000000        14.000000000000000        1874.9816361814987        2.9970766579098872E-002   4428.3253897369386        1038.5515474153976     
           0           0         231   0.0000000000000000        8.7500000000000000        2030.1099298211191        3.2621775678948306E-002   1107.0813474342344        1038.5515474153974     
           0           0         232   1.7500000000000000        8.7500000000000000        1982.3701131237644        3.1865088222651980E-002   2214.1626948684689        1038.5515474153974     
           0           0         233   9.6250000000000000        10.500000000000000        1875.6006794664613        3.0090217168836302E-002   2214.1626948684689        1038.5515474153976     
           0           0         234   3.5000000000000000        8.7500000000000000        1937.4370813813025        3.1135004191698033E-002   2214.1626948684689        1038.5515474153974     
           0           0         235   10.500000000000000        10.500000000000000        1871.2939882539613        3.0005732862676687E-002   4428.3253897369386        1038.5515474153976     
           0           0         236   14.000000000000000        12.250000000000000        1874.6655217785242        3.0001777254839452E-002   2214.1626948684689        1038.5515474153974     
           0           0         237   5.2500000000000000        8.7500000000000000        1906.1587969095408        3.0614334277845733E-002   2214.1626948684689        1038.5515474153974     
           0           0         238   16.625000000000000        14.000000000000000        1878.3841315074969        3.0006500529264325E-002   2214.1626948684689        1038.5515474153976     
           0           0         239   11.375000000000000        10.500000000000000        1873.1046496673900        3.0024213968702800E-002   2214.1626948684689        1038.5515474153976     
           0           0         240   7.0000000000000000        8.7500000000000000        1891.2476838020687        3.0352930649684352E-002   2214.1626948684689        1038.5515474153974     
           0           0         241   17.500000000000000        14.000000000000000        1882.4954051586324        3.0055619267597224E-002   2214.1626948684689        1038.5515474153976     
           0           0         242   12.250000000000000        10.500000000000000        1874.2293206157817        3.0031372299202008E-002   4428.3253897369386        1038.5515474153976     
           0           0         243   15.750000000000000        12.250000000000000        1886.0779337093013        3.0159831035272242E-002   2214.1626948684689        1038.5515474153974     
           0           0         244   8.7500000000000000        8.7500000000000000        1877.6808762357152        3.0112141762349678E-002   2214.1626948684689        1038.5515474153974     
           0           0         245   13.125000000000000        10.500000000000000        1877.4610822764407        3.0071982870420434E-002   2214.1626948684689        1038.5515474153976     
           0           0         246   0.0000000000000000        7.0000000000000000        2010.5103404303479        3.2287380217496248E-002   2214.1626948684689        1038.5515474153974     
           0           0         247  0.87500000000000000        7.0000000000000000        1986.1427210042880        3.1901463404231903E-002   2214.1626948684689        1038.5515474153976     
           0           0         248   1.7500000000000000        7.0000000000000000        1960.9214446699348        3.1495486272599703E-002   4428.3253897369386        1038.5515474153976     
           0           0         249   2.6250000000000000        7.0000000000000000        1942.5872169596933        3.1198695674134039E-002   2214.1626948684689        1038.5515474153976     
           0           0         250   3.5000000000000000        7.0000000000000000        1920.9937186577181        3.0842616771680285E-002   4428.3253897369386        1038.5515474153976     
           0           0         251   14.000000000000000        10.500000000000000        1882.2646194811209        3.0136632330976649E-002   4428.3253897369386        1038.5515474153976     
           0           0         252   10.500000000000000        8.7500000000000000        1875.5805456780172        3.0060960955408923E-002   2214.1626948684689        1038.5515474153974     
           0           0         253   4.3750000000000000        7.0000000000000000        1909.8479687849465        3.0657259730644523E-002   2214.1626948684689        1038.5515474153976     
           0           0         254   5.2500000000000000        7.0000000000000000        1900.0067019969599        3.0488273422561652E-002   4428.3253897369386        1038.5515474153976     
           0           0         255   6.1250000000000000        7.0000000000000000        1892.5445698365770        3.0360043688068949E-002   2214.1626948684689        1038.5515474153976     
           0           0         256   14.875000000000000        10.500000000000000        1888.4420102908971        3.0225497906555428E-002   2214.1626948684689        1038.5515474153976     
           0           0         257   17.500000000000000        12.250000000000000        1896.7037933022530        3.0299755373357926E-002   1107.0813474342344        1038.5515474153974     
           0           0         258   7.0000000000000000        7.0000000000000000        1883.6320143974826        3.0208622130636843E-002   4428.3253897369386        1038.5515474153976     
           0           0         259   12.250000000000000        8.7500000000000000        1880.1519633580278        3.0120723090286787E-002   2214.1626948684689        1038.5515474153974     
           0           0         260   7.8750000000000000        7.0000000000000000        1880.4903057174906        3.0152356676588672E-002   2214.1626948684689        1038.5515474153976     
           0           0         261   15.750000000000000        10.500000000000000        1894.5172693762072        3.0312373810191220E-002   4428.3253897369386        1038.5515474153976     
           0           0         262   8.7500000000000000        7.0000000000000000        1876.4761629863217        3.0080025436204843E-002   4428.3253897369386        1038.5515474153976     
           0           0         263   16.625000000000000        10.500000000000000        1900.9225164345498        3.0402328417676726E-002   2214.1626948684689        1038.5515474153976     
           0           0         264   9.6250000000000000        7.0000000000000000        1876.4335562994797        3.0074602769815356E-002   2214.1626948684689        1038.5515474153976     
           0           0         265   14.000000000000000        8.7500000000000000        1892.8067648518286        3.0308102252024245E-002   2214.1626948684689        1038.5515474153974     
           0           0         266   0.0000000000000000        5.2500000000000000        1983.3200903162528        3.1818569704124833E-002   1107.0813474342344        1038.5515474153974     
           0           0         267   1.7500000000000000        5.2500000000000000        1942.9149531970695        3.1166840263016277E-002   2214.1626948684689        1038.5515474153974     
           0           0         268   10.500000000000000        7.0000000000000000        1877.6681360846706        3.0088764787678083E-002   4428.3253897369386        1038.5515474153976     
           0           0         269   3.5000000000000000        5.2500000000000000        1913.8857067330314        3.0688528903114819E-002   2214.1626948684689        1038.5515474153974     
           0           0         270   17.500000000000000        10.500000000000000        1908.3082946238824        3.0507651686754900E-002   2214.1626948684689        1038.5515474153976     
           0           0         271   5.2500000000000000        5.2500000000000000        1899.2215733121179        3.0441740990446997E-002   2214.1626948684689        1038.5515474153974     
           0           0         272   11.375000000000000        7.0000000000000000        1880.3241789523156        3.0127423125439194E-002   2214.1626948684689        1038.5515474153976     
           0           0         273   7.0000000000000000        5.2500000000000000        1887.8401982426135        3.0248221055580858E-002   2214.1626948684689        1038.5515474153974     
           0           0         274   12.250000000000000        7.0000000000000000        1882.5965648148281        3.0160794618539270E-002   4428.3253897369386        1038.5515474153976     
           0           0         275   15.750000000000000        8.7500000000000000        1905.9165324729634        3.0503727945823934E-002   2214.1626948684689        1038.5515474153974     
           0           0         276   13.125000000000000        7.0000000000000000        1890.1980385868137        3.0277445805418506E-002   2214.1626948684689        1038.5515474153976     
           0           0         277   8.7500000000000000        5.2500000000000000        1883.5340420751245        3.0171646248159011E-002   2214.1626948684689        1038.5515474153974     
           0           0         278   14.000000000000000        7.0000000000000000        1898.1130983925179        3.0399564139656023E-002   4428.3253897369386        1038.5515474153976     
           0           0         279   0.0000000000000000        3.5000000000000000        1956.3969734822790        3.1346874743184448E-002   2214.1626948684689        1038.5515474153974     
           0           0         280  0.87500000000000000        3.5000000000000000        1943.1441729871449        3.1135264650944322E-002   2214.1626948684689        1038.5515474153976     
           0           0         281   10.500000000000000        5.2500000000000000        1886.6053616733611        3.0215819069327028E-002   2214.1626948684689        1038.5515474153974     
           0           0         282   17.500000000000000        8.7500000000000000        1922.9036031654018        3.0757179978947728E-002   1107.0813474342344        1038.5515474153974     
           0           0         283   1.7500000000000000        3.5000000000000000        1926.9405835936477        3.0868987329820810E-002   4428.3253897369386        1038.5515474153976     
           0           0         284   2.6250000000000000        3.5000000000000000        1918.1611665979035        3.0724701620946683E-002   2214.1626948684689        1038.5515474153976     
           0           0         285   3.5000000000000000        3.5000000000000000        1907.8839797974633        3.0554292867623765E-002   4428.3253897369386        1038.5515474153976     
           0           0         286   14.875000000000000        7.0000000000000000        1903.1612354365241        3.0474936680750693E-002   2214.1626948684689        1038.5515474153976     
           0           0         287   4.3750000000000000        3.5000000000000000        1903.3981372064391        3.0479954762447903E-002   2214.1626948684689        1038.5515474153976     
           0           0         288   5.2500000000000000        3.5000000000000000        1897.4346188976313        3.0379883521044260E-002   4428.3253897369386        1038.5515474153976     
           0           0         289   6.1250000000000000        3.5000000000000000        1893.7394802043684        3.0318000451650909E-002   2214.1626948684689        1038.5515474153976     
           0           0         290   15.750000000000000        7.0000000000000000        1911.0069905841799        3.0596186497016058E-002   4428.3253897369386        1038.5515474153976     
           0           0         291   12.250000000000000        5.2500000000000000        1894.7943808036371        3.0347092494311452E-002   2214.1626948684689        1038.5515474153974     
           0           0         292   7.0000000000000000        3.5000000000000000        1890.3661715127071        3.0260028638457774E-002   4428.3253897369386        1038.5515474153976     
           0           0         293   7.8750000000000000        3.5000000000000000        1888.6486128340207        3.0231591183909643E-002   2214.1626948684689        1038.5515474153976     
           0           0         294   16.625000000000000        7.0000000000000000        1920.8344756749598        3.0747588972415155E-002   2214.1626948684689        1038.5515474153976     
           0           0         295   8.7500000000000000        3.5000000000000000        1886.5167138066304        3.0196919945615092E-002   4428.3253897369386        1038.5515474153976     
           0           0         296   14.000000000000000        5.2500000000000000        1907.9219928229684        3.0555866230356693E-002   2214.1626948684689        1038.5515474153974     
           0           0         297   9.6250000000000000        3.5000000000000000        1887.8818259350221        3.0217719841733791E-002   2214.1626948684689        1038.5515474153976     
           0           0         298   17.500000000000000        7.0000000000000000        1931.5859450006581        3.0913764139867152E-002   2214.1626948684689        1038.5515474153976     
           0           0         299   10.500000000000000        3.5000000000000000        1889.9482782922128        3.0251270653382848E-002   4428.3253897369386        1038.5515474153976     
           0           0         300   0.0000000000000000        1.7500000000000000        1943.0701023621446        3.1108048432271114E-002   1107.0813474342344        1038.5515474153974     
           0           0         301   1.7500000000000000        1.7500000000000000        1928.1677657185951        3.0864978441700580E-002   2214.1626948684689        1038.5515474153974     
           0           0         302   3.5000000000000000        1.7500000000000000        1917.1484639223236        3.0682325082064234E-002   2214.1626948684689        1038.5515474153974     
           0           0         303   11.375000000000000        3.5000000000000000        1892.1847504460991        3.0288930528513329E-002   2214.1626948684689        1038.5515474153976     
           0           0         304   15.750000000000000        5.2500000000000000        1924.4049779986699        3.0817435585617885E-002   2214.1626948684689        1038.5515474153974     
           0           0         305   5.2500000000000000        1.7500000000000000        1910.3273207448715        3.0567241845657560E-002   2214.1626948684689        1038.5515474153974     
           0           0         306   12.250000000000000        3.5000000000000000        1898.5789717644775        3.0395201779912645E-002   4428.3253897369386        1038.5515474153976     
           0           0         307   7.0000000000000000        1.7500000000000000        1906.1268136500680        3.0496541672251531E-002   2214.1626948684689        1038.5515474153974     
           0           0         308   13.125000000000000        3.5000000000000000        1903.0441433665831        3.0469769588989830E-002   2214.1626948684689        1038.5515474153976     
           0           0         309   8.7500000000000000        1.7500000000000000        1904.1580599016474        3.0464374706224359E-002   2214.1626948684689        1038.5515474153974     
           0           0         310   14.000000000000000        3.5000000000000000        1908.1021105523077        3.0556256033196456E-002   4428.3253897369386        1038.5515474153976     
           0           0         311   17.500000000000000        5.2500000000000000        1945.6293489461741        3.1152967676975681E-002   1107.0813474342344        1038.5515474153974     
           0           0         312   14.875000000000000        3.5000000000000000        1916.9935644388097        3.0700232388140979E-002   2214.1626948684689        1038.5515474153976     
           0           0         313   10.500000000000000        1.7500000000000000        1907.4342856745070        3.0519353895974932E-002   2214.1626948684689        1038.5515474153974     
           0           0         314   0.0000000000000000        0.0000000000000000        1932.0196291390121        3.0906486233720089E-002   1107.0813474342344        1038.5515474153974     
           0           0         315  0.87500000000000000        0.0000000000000000        1932.6775755843669        3.0918206823760046E-002   1107.0813474342344        1038.5515474153974     
           0           0         316   1.7500000000000000        0.0000000000000000        1930.2255605590940        3.0873712386853935E-002   2214.1626948684693        1038.5515474153974     
           0           0         317   2.6250000000000000        0.0000000000000000        1929.1642131630090        3.0855112851563466E-002   1107.0813474342344        1038.5515474153974     
           0           0         318   3.5000000000000000        0.0000000000000000        1925.9792571359180        3.0799378009616921E-002   2214.1626948684693        1038.5515474153974     
           0           0         319   15.750000000000000        3.5000000000000000        1927.5080645287671        3.0873121958984073E-002   4428.3253897369386        1038.5515474153976     
           0           0         320   4.3750000000000000        0.0000000000000000        1923.4134621259916        3.0754199967768570E-002   1107.0813474342344        1038.5515474153974     
           0           0         321   5.2500000000000000        0.0000000000000000        1920.3503546286124        3.0700977827475048E-002   2214.1626948684693        1038.5515474153974     
           0           0         322   12.250000000000000        1.7500000000000000        1914.9143593262543        3.0647416678828671E-002   2214.1626948684689        1038.5515474153974     
           0           0         323   6.1250000000000000        0.0000000000000000        1918.3006683363164        3.0665577945626344E-002   1107.0813474342344        1038.5515474153974     
           0           0         324   16.625000000000000        3.5000000000000000        1937.1058609605882        3.1029451355348871E-002   2214.1626948684689        1038.5515474153976     
           0           0         325   7.0000000000000000        0.0000000000000000        1916.8006350594858        3.0640504735529987E-002   2214.1626948684693        1038.5515474153974     
           0           0         326   7.8750000000000000        0.0000000000000000        1915.0798573170296        3.0610582246143658E-002   1107.0813474342344        1038.5515474153974     
           0           0         327   17.500000000000000        3.5000000000000000        1949.2279205723942        3.1227525217710109E-002   2214.1626948684689        1038.5515474153976     
           0           0         328   8.7500000000000000        0.0000000000000000        1914.6990892694489        3.0604409757078406E-002   2214.1626948684693        1038.5515474153974     
           0           0         329   14.000000000000000        1.7500000000000000        1924.3644725086606        3.0810904132197107E-002   2214.1626948684689        1038.5515474153974     
           0           0         330   9.6250000000000000        0.0000000000000000        1915.0585322068146        3.0612753216088574E-002   1107.0813474342344        1038.5515474153974     
           0           0         331   10.500000000000000        0.0000000000000000        1915.6139731364287        3.0625482669479419E-002   2214.1626948684693        1038.5515474153974     
           0           0         332   15.750000000000000        1.7500000000000000        1941.4949906624170        3.1098857623125968E-002   2214.1626948684689        1038.5515474153974     
           0           0         333   11.375000000000000        0.0000000000000000        1917.0429242270818        3.0651825047700604E-002   1107.0813474342344        1038.5515474153974     
           0           0         334   12.250000000000000        0.0000000000000000        1921.8419357013966        3.0737288745255692E-002   2214.1626948684693        1038.5515474153974     
           0           0         335   13.125000000000000        0.0000000000000000        1925.4456826071475        3.0803033583227581E-002   1107.0813474342344        1038.5515474153974     
           0           0         336   17.500000000000000        1.7500000000000000        1960.7712229878396        3.1422043109107935E-002   1107.0813474342344        1038.5515474153974     
           0           0         337   14.000000000000000        0.0000000000000000        1929.7003705392071        3.0880267308487908E-002   2214.1626948684693        1038.5515474153974     
           0           0         338   14.875000000000000        0.0000000000000000        1934.0660353439187        3.0959289094983709E-002   1107.0813474342344        1038.5515474153974     
           0           0         339   15.750000000000000        0.0000000000000000        1942.2041226704177        3.1103789381132466E-002   2214.1626948684693        1038.5515474153974     
           0           0         340   16.625000000000000        0.0000000000000000        1949.2792937637882        3.1228652740981775E-002   1107.0813474342344        1038.5515474153974     
           0           0         341   17.500000000000000        0.0000000000000000        1958.5331406383111        3.1389486051248708E-002   1107.0813474342347        1038.5515474153976     
