           0           0           1   0.0000000000000000        35.000000000000000        1392.7317664787670        2.0343850672343906E-002   1128.9590810468014        1049.4668353430138     
           0           0           2  0.87500000000000000        35.000000000000000        1392.9582966685045        2.0352431051685466E-002   1128.9590810468014        1049.4668353430138     
           0           0           3   0.0000000000000000        33.250000000000000        1459.1580428285260        2.1847995412101317E-002   1128.9590810468014        1049.4668353430138     
           0           0           4   1.7500000000000000        35.000000000000000        1400.1133246399215        2.0516653691811701E-002   2257.9181620936024        1049.4668353430138     
           0           0           5   1.7500000000000000        33.250000000000000        1483.9681523625406        2.2378880506738051E-002   2257.9181620936029        1049.4668353430138     
           0           0           6   2.6250000000000000        35.000000000000000        1415.8963887669929        2.0869707155701585E-002   1128.9590810468014        1049.4668353430138     
           0           0           7   0.0000000000000000        31.500000000000000        1532.0055690477570        2.3402675726933143E-002   2257.9181620936029        1049.4668353430138     
           0           0           8   3.5000000000000000        35.000000000000000        1431.4631457865157        2.1216748651088760E-002   2257.9181620936024        1049.4668353430138     
           0           0           9  0.87500000000000000        31.500000000000000        1541.5259440954787        2.3596966320807804E-002   2257.9181620936029        1049.4668353430136     
           0           0          10   3.5000000000000000        33.250000000000000        1508.6110368355273        2.2902542345330488E-002   2257.9181620936029        1049.4668353430138     
           0           0          11   1.7500000000000000        31.500000000000000        1555.6536266374487        2.3883843103101210E-002   4515.8363241872048        1049.4668353430143     
           0           0          12   2.6250000000000000        31.500000000000000        1573.7237637951571        2.4249466920525663E-002   2257.9181620936029        1049.4668353430136     
           0           0          13   4.3750000000000000        35.000000000000000        1439.1336649034713        2.1390008026505432E-002   1128.9590810468014        1049.4668353430138     
           0           0          14   3.5000000000000000        31.500000000000000        1591.7030740460373        2.4611561919913517E-002   4515.8363241872048        1049.4668353430143     
           0           0          15   0.0000000000000000        29.750000000000000        1624.2157969278421        2.5300288932453181E-002   1128.9590810468014        1049.4668353430138     
           0           0          16   5.2500000000000000        35.000000000000000        1446.8291603113428        2.1563916465700245E-002   2257.9181620936024        1049.4668353430138     
           0           0          17   1.7500000000000000        29.750000000000000        1661.1433362646605        2.6007737566141803E-002   2257.9181620936029        1049.4668353430138     
           0           0          18   5.2500000000000000        33.250000000000000        1541.8893841675026        2.3598756244487703E-002   2257.9181620936029        1049.4668353430138     
           0           0          19   4.3750000000000000        31.500000000000000        1607.4470028343376        2.4923445412781034E-002   2257.9181620936029        1049.4668353430136     
           0           0          20   6.1250000000000000        35.000000000000000        1467.6950489922028        2.2021002968774819E-002   1128.9590810468014        1049.4668353430138     
           0           0          21   3.5000000000000000        29.750000000000000        1699.1767557826436        2.6723892677179187E-002   2257.9181620936029        1049.4668353430138     
           0           0          22   5.2500000000000000        31.500000000000000        1628.2822436075257        2.5335746746217462E-002   4515.8363241872048        1049.4668353430143     
           0           0          23   0.0000000000000000        28.000000000000000        1712.0424643459619        2.7004480474731141E-002   2257.9181620936029        1049.4668353430138     
           0           0          24   7.0000000000000000        35.000000000000000        1477.5071310310905        2.2238896029906488E-002   2257.9181620936024        1049.4668353430138     
           0           0          25   6.1250000000000000        31.500000000000000        1650.2957927499137        2.5759706657562900E-002   2257.9181620936029        1049.4668353430136     
           0           0          26  0.87500000000000000        28.000000000000000        1729.2453207659937        2.7317649717904024E-002   2257.9181620936029        1049.4668353430136     
           0           0          27   7.0000000000000000        33.250000000000000        1581.5455816958868        2.4411597322688057E-002   2257.9181620936029        1049.4668353430138     
           0           0          28   1.7500000000000000        28.000000000000000        1751.9531126694264        2.7729011415094436E-002   4515.8363241872048        1049.4668353430143     
           0           0          29   5.2500000000000000        29.750000000000000        1743.2378484435530        2.7536419153162704E-002   2257.9181620936029        1049.4668353430138     
           0           0          30   2.6250000000000000        28.000000000000000        1771.9906246478686        2.8088795837445668E-002   2257.9181620936029        1049.4668353430136     
           0           0          31   7.0000000000000000        31.500000000000000        1671.4142890722442        2.6169139155859313E-002   4515.8363241872048        1049.4668353430143     
           0           0          32   3.5000000000000000        28.000000000000000        1793.0420990820953        2.8463429359362497E-002   4515.8363241872048        1049.4668353430143     
           0           0          33   7.8750000000000000        35.000000000000000        1500.6857067993042        2.2732293439606033E-002   1128.9590810468014        1049.4668353430138     
           0           0          34   4.3750000000000000        28.000000000000000        1813.6264483583150        2.8822801547180150E-002   2257.9181620936029        1049.4668353430136     
           0           0          35   7.8750000000000000        31.500000000000000        1707.0213349619562        2.6840740438660235E-002   2257.9181620936029        1049.4668353430136     
           0           0          36   8.7500000000000000        35.000000000000000        1525.0520697716850        2.3254291946703046E-002   2257.9181620936024        1049.4668353430138     
           0           0          37   0.0000000000000000        26.250000000000000        1795.1411806492076        2.8557235078169138E-002   1128.9590810468014        1049.4668353430138     
           0           0          38   7.0000000000000000        29.750000000000000        1786.4935892592457        2.8318631302800337E-002   2257.9181620936029        1049.4668353430138     
           0           0          39   5.2500000000000000        28.000000000000000        1831.2204563246191        2.9128412482906030E-002   4515.8363241872048        1049.4668353430143     
           0           0          40   8.7500000000000000        33.250000000000000        1631.1623071285787        2.5403876734100436E-002   2257.9181620936029        1049.4668353430138     
           0           0          41   1.7500000000000000        26.250000000000000        1839.1905849855586        2.9323238622811811E-002   2257.9181620936029        1049.4668353430138     
           0           0          42   6.1250000000000000        28.000000000000000        1856.9381027820045        2.9572195171930334E-002   2257.9181620936029        1049.4668353430136     
           0           0          43   8.7500000000000000        31.500000000000000        1726.7271988615021        2.7212202705538410E-002   4515.8363241872048        1049.4668353430143     
           0           0          44   3.5000000000000000        26.250000000000000        1879.0652528872220        3.0000814282349134E-002   2257.9181620936029        1049.4668353430138     
           0           0          45   9.6250000000000000        35.000000000000000        1543.8216983993693        2.3651174618291373E-002   1128.9590810468014        1049.4668353430138     
           0           0          46   7.0000000000000000        28.000000000000000        1879.6562968047929        2.9958377533309960E-002   4515.8363241872048        1049.4668353430143     
           0           0          47   8.7500000000000000        29.750000000000000        1841.4549184355917        2.9289274594374047E-002   2257.9181620936029        1049.4668353430138     
           0           0          48   5.2500000000000000        26.250000000000000        1916.2458842484243        3.0620413435680394E-002   2257.9181620936029        1049.4668353430138     
           0           0          49   9.6250000000000000        31.500000000000000        1763.7796032569472        2.7890795026436516E-002   2257.9181620936029        1049.4668353430136     
           0           0          50   10.500000000000000        35.000000000000000        1590.5490602270424        2.4604460069034845E-002   2257.9181620936024        1049.4668353430138     
           0           0          51   0.0000000000000000        24.500000000000000        1873.1543520382024        2.9955041342442795E-002   2257.9181620936029        1049.4668353430138     
           0           0          52   7.8750000000000000        28.000000000000000        1902.5898546568537        3.0347408555937032E-002   2257.9181620936029        1049.4668353430136     
           0           0          53  0.87500000000000000        24.500000000000000        1894.2212461839272        3.0307929500903431E-002   2257.9181620936029        1049.4668353430136     
           0           0          54   1.7500000000000000        24.500000000000000        1917.9539812893806        3.0702591651207464E-002   4515.8363241872048        1049.4668353430143     
           0           0          55   10.500000000000000        33.250000000000000        1695.7232779138199        2.6656368373027820E-002   2257.9181620936029        1049.4668353430138     
           0           0          56   2.6250000000000000        24.500000000000000        1934.6387655758708        3.0973733847255214E-002   2257.9181620936029        1049.4668353430136     
           0           0          57   3.5000000000000000        24.500000000000000        1953.3597360195581        3.1279909872067746E-002   4515.8363241872048        1049.4668353430143     
           0           0          58   10.500000000000000        31.500000000000000        1806.6912338907639        2.8667824559310162E-002   4515.8363241872048        1049.4668353430143     
           0           0          59   8.7500000000000000        28.000000000000000        1928.0496419485623        3.0775269703481638E-002   4515.8363241872048        1049.4668353430143     
           0           0          60   7.0000000000000000        26.250000000000000        1949.6815052129082        3.1172617198913802E-002   2257.9181620936029        1049.4668353430138     
           0           0          61   11.375000000000000        35.000000000000000        1600.6424113162541        2.4828236121065203E-002   1128.9590810468014        1049.4668353430138     
           0           0          62   4.3750000000000000        24.500000000000000        1969.4155570444320        3.1537879698758528E-002   2257.9181620936029        1049.4668353430136     
           0           0          63   10.500000000000000        29.750000000000000        1905.0473297006158        3.0382624381475272E-002   2257.9181620936029        1049.4668353430138     
           0           0          64   5.2500000000000000        24.500000000000000        1985.9266728827838        3.1803158074687754E-002   4515.8363241872048        1049.4668353430143     
           0           0          65   11.375000000000000        31.500000000000000        1840.3208283898682        2.9255420904978350E-002   2257.9181620936029        1049.4668353430136     
           0           0          66   9.6250000000000000        28.000000000000000        1949.4495410447782        3.1133813395532214E-002   2257.9181620936029        1049.4668353430136     
           0           0          67   6.1250000000000000        24.500000000000000        1994.3533331200740        3.1938145450506973E-002   2257.9181620936029        1049.4668353430136     
           0           0          68   0.0000000000000000        22.750000000000000        1932.1284179794693        3.0982619741435145E-002   1128.9590810468014        1049.4668353430138     
           0           0          69   12.250000000000000        35.000000000000000        1644.3351153962226        2.5699553453037260E-002   2257.9181620936024        1049.4668353430138     
           0           0          70   12.250000000000000        33.250000000000000        1783.2434332627274        2.8285326515515179E-002   2257.9181620936029        1049.4668353430138     
           0           0          71   1.7500000000000000        22.750000000000000        1971.7633958075598        3.1626181722772408E-002   2257.9181620936029        1049.4668353430138     
           0           0          72   8.7500000000000000        26.250000000000000        1974.2112844622868        3.1577451551481825E-002   2257.9181620936029        1049.4668353430138     
           0           0          73   7.0000000000000000        24.500000000000000        2005.4299671998408        3.2119719526783372E-002   4515.8363241872048        1049.4668353430143     
           0           0          74   10.500000000000000        28.000000000000000        1972.8800723791828        3.1526249254198661E-002   4515.8363241872048        1049.4668353430143     
           0           0          75   3.5000000000000000        22.750000000000000        2001.0317520007034        3.2093567657978800E-002   2257.9181620936029        1049.4668353430138     
           0           0          76   12.250000000000000        31.500000000000000        1899.3901224662236        3.0277063223275454E-002   4515.8363241872048        1049.4668353430143     
           0           0          77   7.8750000000000000        24.500000000000000        2008.7476189873455        3.2176777134634578E-002   2257.9181620936029        1049.4668353430136     
           0           0          78   13.125000000000000        35.000000000000000        1684.0249219582483        2.6487750143671031E-002   1128.9590810468014        1049.4668353430138     
           0           0          79   5.2500000000000000        22.750000000000000        2017.0528260170661        3.2345386316387677E-002   2257.9181620936029        1049.4668353430138     
           0           0          80   12.250000000000000        29.750000000000000        1962.1101505583747        3.1340572147900564E-002   2257.9181620936029        1049.4668353430138     
           0           0          81   11.375000000000000        28.000000000000000        1981.3455553614883        3.1673751008128741E-002   2257.9181620936029        1049.4668353430136     
           0           0          82   13.125000000000000        31.500000000000000        1951.3055879988369        3.1147183970981825E-002   2257.9181620936029        1049.4668353430136     
           0           0          83   10.500000000000000        26.250000000000000        1983.0374311001210        3.1727784546945498E-002   2257.9181620936029        1049.4668353430138     
           0           0          84   8.7500000000000000        24.500000000000000        2012.7548080455194        3.2245779588845065E-002   4515.8363241872048        1049.4668353430143     
           0           0          85   0.0000000000000000        21.000000000000000        1996.3129198625975        3.2076449722702176E-002   2257.9181620936029        1049.4668353430138     
           0           0          86   14.000000000000000        35.000000000000000        1766.1520683516542        2.8022664802852752E-002   2257.9181620936024        1049.4668353430138     
           0           0          87  0.87500000000000000        21.000000000000000        2011.5354137838390        3.2315789461149831E-002   2257.9181620936029        1049.4668353430136     
           0           0          88   14.000000000000000        33.250000000000000        1910.2577086241126        3.0511557111215989E-002   2257.9181620936029        1049.4668353430138     
           0           0          89   7.0000000000000000        22.750000000000000        2013.0145314723413        3.2282651518733357E-002   2257.9181620936029        1049.4668353430138     
           0           0          90   12.250000000000000        28.000000000000000        1991.1540361717009        3.1848900325345098E-002   4515.8363241872048        1049.4668353430143     
           0           0          91   1.7500000000000000        21.000000000000000        2028.5062894251391        3.2583036106174190E-002   4515.8363241872048        1049.4668353430143     
           0           0          92   9.6250000000000000        24.500000000000000        2006.7940966884532        3.2154690514588573E-002   2257.9181620936029        1049.4668353430136     
           0           0          93   2.6250000000000000        21.000000000000000        2037.1610269877233        3.2717121063161055E-002   2257.9181620936029        1049.4668353430136     
           0           0          94   14.000000000000000        31.500000000000000        2013.5031124701343        3.2181085382716045E-002   4515.8363241872048        1049.4668353430143     
           0           0          95   3.5000000000000000        21.000000000000000        2048.9163298626972        3.2901244725443382E-002   4515.8363241872048        1049.4668353430143     
           0           0          96   4.3750000000000000        21.000000000000000        2048.7687696572957        3.2898431989827386E-002   2257.9181620936029        1049.4668353430136     
           0           0          97   10.500000000000000        24.500000000000000        1995.0375458072176        3.1968642384098800E-002   4515.8363241872048        1049.4668353430143     
           0           0          98   13.125000000000000        28.000000000000000        1984.9320398333875        3.1762499264291241E-002   2257.9181620936029        1049.4668353430136     
           0           0          99   14.875000000000000        35.000000000000000        1820.8245791930690        2.9038776115095283E-002   1128.9590810468014        1049.4668353430138     
           0           0         100   14.000000000000000        29.750000000000000        1981.3259125444683        3.1680084653091516E-002   2257.9181620936029        1049.4668353430138     
           0           0         101   5.2500000000000000        21.000000000000000        2048.9929567953609        3.2902546854620865E-002   4515.8363241872048        1049.4668353430143     
           0           0         102   8.7500000000000000        22.750000000000000        1995.9897814195210        3.2008937505362808E-002   2257.9181620936029        1049.4668353430138     
           0           0         103   12.250000000000000        26.250000000000000        1954.7697463801433        3.1276573121899194E-002   2257.9181620936029        1049.4668353430138     
           0           0         104   6.1250000000000000        21.000000000000000        2040.6165743965898        3.2772255241070213E-002   2257.9181620936029        1049.4668353430136     
           0           0         105   14.875000000000000        31.500000000000000        2030.5837510278893        3.2463276817408980E-002   2257.9181620936029        1049.4668353430136     
           0           0         106   11.375000000000000        24.500000000000000        1976.2672334290994        3.1672692414656388E-002   2257.9181620936029        1049.4668353430136     
           0           0         107   14.000000000000000        28.000000000000000        1940.6430797608155        3.1040138133377311E-002   4515.8363241872048        1049.4668353430143     
           0           0         108   7.0000000000000000        21.000000000000000        2029.4576328905719        3.2600982536885904E-002   4515.8363241872048        1049.4668353430143     
           0           0         109   0.0000000000000000        19.250000000000000        2029.9987038006138        3.2633821836735896E-002   1128.9590810468014        1049.4668353430138     
           0           0         110   15.750000000000000        35.000000000000000        1966.4376644398169        3.1522961162853386E-002   2257.9181620936024        1049.4668353430138     
           0           0         111   15.750000000000000        33.250000000000000        2048.8004824914328        3.2749403991436887E-002   2257.9181620936029        1049.4668353430138     
           0           0         112   1.7500000000000000        19.250000000000000        2048.8840601874276        3.2929066388134587E-002   2257.9181620936029        1049.4668353430138     
           0           0         113   7.8750000000000000        21.000000000000000        2016.6520443238894        3.2395990905749024E-002   2257.9181620936029        1049.4668353430136     
           0           0         114   3.5000000000000000        19.250000000000000        2051.2756266356973        3.2964487871761275E-002   2257.9181620936029        1049.4668353430138     
           0           0         115   10.500000000000000        22.750000000000000        1954.9725253540178        3.1340985119410490E-002   2257.9181620936029        1049.4668353430138     
           0           0         116   15.750000000000000        31.500000000000000        2103.7779321771714        3.3660794111294363E-002   4515.8363241872048        1049.4668353430143     
           0           0         117   12.250000000000000        24.500000000000000        1944.5863155243878        3.1156884386060429E-002   4515.8363241872048        1049.4668353430143     
           0           0         118   14.875000000000000        28.000000000000000        1920.9252237506385        3.0732526222175382E-002   2257.9181620936029        1049.4668353430136     
           0           0         119   14.000000000000000        26.250000000000000        1888.4098654063041        3.0181634647351532E-002   2257.9181620936029        1049.4668353430138     
           0           0         120   8.7500000000000000        21.000000000000000        1998.3734616410195        3.2098902241757321E-002   4515.8363241872048        1049.4668353430143     
           0           0         121   15.750000000000000        29.750000000000000        1895.1993877508644        3.0260524766430597E-002   2257.9181620936029        1049.4668353430138     
           0           0         122   5.2500000000000000        19.250000000000000        2030.7281878131580        3.2641750835980893E-002   2257.9181620936029        1049.4668353430138     
           0           0         123   16.625000000000000        35.000000000000000        2447.2731282604655        3.9013625916371072E-002   1128.9590810468014        1049.4668353430138     
           0           0         124   13.125000000000000        24.500000000000000        1914.8646590701653        3.0665978416126345E-002   2257.9181620936029        1049.4668353430136     
           0           0         125   9.6250000000000000        21.000000000000000        1975.9505929866586        3.1735854388559824E-002   2257.9181620936029        1049.4668353430136     
           0           0         126   16.625000000000000        31.500000000000000        1937.1135119673343        3.1052606114776504E-002   2257.9181620936029        1049.4668353430136     
           0           0         127   7.0000000000000000        19.250000000000000        1999.4454194127518        3.2142885856637375E-002   2257.9181620936029        1049.4668353430138     
           0           0         128   15.750000000000000        28.000000000000000        1835.9313311147268        2.9268306588306696E-002   4515.8363241872048        1049.4668353430143     
           0           0         129   12.250000000000000        22.750000000000000        1901.0869513413077        3.0447806841269270E-002   2257.9181620936029        1049.4668353430138     
           0           0         130   14.000000000000000        24.500000000000000        1874.1216189009067        2.9971232725092466E-002   4515.8363241872048        1049.4668353430143     
           0           0         131   17.500000000000000        35.000000000000000        3069.5124472004181        4.6930097271127603E-002   1128.9590810468014        1049.4668353430138     
           0           0         132   0.0000000000000000        17.500000000000000        2078.2684098249429        3.3430956223191949E-002   2257.9181620936029        1049.4668353430138     
           0           0         133   10.500000000000000        21.000000000000000        1944.6892969374178        3.1218280325574790E-002   4515.8363241872048        1049.4668353430143     
           0           0         134  0.87500000000000000        17.500000000000000        2079.2490787717966        3.3446706758738752E-002   2257.9181620936029        1049.4668353430136     
           0           0         135   1.7500000000000000        17.500000000000000        2082.8539335023206        3.3505736857128272E-002   4515.8363241872048        1049.4668353430143     
           0           0         136   17.500000000000000        33.250000000000000        2211.4236709447164        3.5418227970454824E-002   1128.9590810468014        1049.4668353430138     
           0           0         137   2.6250000000000000        17.500000000000000        2077.3554736329843        3.3420876595947044E-002   2257.9181620936029        1049.4668353430136     
           0           0         138   17.500000000000000        31.500000000000000        1621.7951753174646        2.5339984629541994E-002   2257.9181620936033        1049.4668353430141     
           0           0         139   3.5000000000000000        17.500000000000000        2070.0597235547639        3.3308495576708973E-002   4515.8363241872048        1049.4668353430143     
           0           0         140   8.7500000000000000        19.250000000000000        1956.5147568595407        3.1436099661972118E-002   2257.9181620936029        1049.4668353430138     
           0           0         141   15.750000000000000        26.250000000000000        1826.9568197298313        2.9124254349642737E-002   2257.9181620936029        1049.4668353430138     
           0           0         142   4.3750000000000000        17.500000000000000        2055.3506279766793        3.3082131465832033E-002   2257.9181620936029        1049.4668353430136     
           0           0         143   11.375000000000000        21.000000000000000        1925.3623254411452        3.0896604809714047E-002   2257.9181620936029        1049.4668353430136     
           0           0         144   16.625000000000000        28.000000000000000        1814.5797449588665        2.8907632546993751E-002   2257.9181620936029        1049.4668353430136     
           0           0         145   14.875000000000000        24.500000000000000        1856.7397326618577        2.9662723012632158E-002   2257.9181620936029        1049.4668353430136     
           0           0         146   17.500000000000000        29.750000000000000        1665.1784299114356        2.6151605298193777E-002   1128.9590810468014        1049.4668353430138     
           0           0         147   5.2500000000000000        17.500000000000000        2036.7021564567240        3.2791544041777677E-002   4515.8363241872048        1049.4668353430143     
           0           0         148   6.1250000000000000        17.500000000000000        2019.7815487932767        3.2520025738922390E-002   2257.9181620936029        1049.4668353430136     
           0           0         149   14.000000000000000        22.750000000000000        1858.3397033981000        2.9705921412100846E-002   2257.9181620936029        1049.4668353430138     
           0           0         150   12.250000000000000        21.000000000000000        1894.4137677248523        3.0368665845899499E-002   4515.8363241872048        1049.4668353430143     
           0           0         151   7.0000000000000000        17.500000000000000        1998.5816161992759        3.2173043781343232E-002   4515.8363241872048        1049.4668353430143     
           0           0         152   17.500000000000000        28.000000000000000        1798.9133384717263        2.8637574093510556E-002   2257.9181620936033        1049.4668353430141     
           0           0         153   10.500000000000000        19.250000000000000        1913.0425289853570        3.0705044779248208E-002   2257.9181620936029        1049.4668353430138     
           0           0         154   15.750000000000000        24.500000000000000        1838.5947789653510        2.9332193179755280E-002   4515.8363241872048        1049.4668353430143     
           0           0         155   7.8750000000000000        17.500000000000000        1977.0033664274690        3.1822190010590487E-002   2257.9181620936029        1049.4668353430136     
           0           0         156   13.125000000000000        21.000000000000000        1884.2207155573435        3.0184407223600686E-002   2257.9181620936029        1049.4668353430136     
           0           0         157   0.0000000000000000        15.750000000000000        2086.6008066992722        3.3559418299578869E-002   1128.9590810468014        1049.4668353430138     
           0           0         158   1.7500000000000000        15.750000000000000        2073.0338556679067        3.3358879859841081E-002   2257.9181620936029        1049.4668353430138     
           0           0         159   3.5000000000000000        15.750000000000000        2044.2035661869586        3.2910493873665618E-002   2257.9181620936029        1049.4668353430138     
           0           0         160   17.500000000000000        26.250000000000000        1831.3121533795306        2.9179748913078001E-002   1128.9590810468014        1049.4668353430138     
           0           0         161   8.7500000000000000        17.500000000000000        1949.2842707198881        3.1360773954346298E-002   4515.8363241872048        1049.4668353430143     
           0           0         162   16.625000000000000        24.500000000000000        1835.4114588038299        2.9262748382191645E-002   2257.9181620936029        1049.4668353430136     
           0           0         163   14.000000000000000        21.000000000000000        1869.0864910609985        2.9909637014673952E-002   4515.8363241872048        1049.4668353430143     
           0           0         164   12.250000000000000        19.250000000000000        1880.1672142019270        3.0133638092143509E-002   2257.9181620936029        1049.4668353430138     
           0           0         165   15.750000000000000        22.750000000000000        1848.5177379106085        2.9510805636611931E-002   2257.9181620936029        1049.4668353430138     
           0           0         166   5.2500000000000000        15.750000000000000        2004.9208745914239        3.2285723966148080E-002   2257.9181620936029        1049.4668353430138     
           0           0         167   9.6250000000000000        17.500000000000000        1935.4909114083218        3.1123876686031234E-002   2257.9181620936029        1049.4668353430136     
           0           0         168   17.500000000000000        24.500000000000000        1830.2449268024843        2.9157402351214376E-002   2257.9181620936033        1049.4668353430141     
           0           0         169   10.500000000000000        17.500000000000000        1914.2335933750524        3.0758426881260629E-002   4515.8363241872048        1049.4668353430143     
           0           0         170   14.875000000000000        21.000000000000000        1867.5331043928795        2.9865377293403848E-002   2257.9181620936029        1049.4668353430136     
           0           0         171   7.0000000000000000        15.750000000000000        1960.1633262618348        3.1552369701326605E-002   2257.9181620936029        1049.4668353430138     
           0           0         172   11.375000000000000        17.500000000000000        1902.0762847747194        3.0541760531246138E-002   2257.9181620936029        1049.4668353430136     
           0           0         173   0.0000000000000000        14.000000000000000        2116.8872157197161        3.4053892363248878E-002   2257.9181620936029        1049.4668353430138     
           0           0         174  0.87500000000000000        14.000000000000000        2101.7832969874808        3.3832290260014865E-002   2257.9181620936029        1049.4668353430136     
           0           0         175   14.000000000000000        19.250000000000000        1871.7730188180640        2.9959288724188092E-002   2257.9181620936029        1049.4668353430138     
           0           0         176   1.7500000000000000        14.000000000000000        2086.6307977626443        3.3606683690056781E-002   4515.8363241872048        1049.4668353430143     
           0           0         177   15.750000000000000        21.000000000000000        1864.4314358990173        2.9792043413020740E-002   4515.8363241872048        1049.4668353430143     
           0           0         178   8.7500000000000000        15.750000000000000        1924.3448075554147        3.0946528335847767E-002   2257.9181620936029        1049.4668353430138     
           0           0         179   2.6250000000000000        14.000000000000000        2068.2987381438497        3.3323014984025526E-002   2257.9181620936029        1049.4668353430136     
           0           0         180   3.5000000000000000        14.000000000000000        2045.9079592260562        3.2972505555968840E-002   4515.8363241872048        1049.4668353430143     
           0           0         181   12.250000000000000        17.500000000000000        1887.6393151351665        3.0281478429034094E-002   4515.8363241872048        1049.4668353430143     
           0           0         182   17.500000000000000        22.750000000000000        1839.6741327092257        2.9322671324654707E-002   1128.9590810468014        1049.4668353430138     
           0           0         183   4.3750000000000000        14.000000000000000        2024.1488580637263        3.2625762874572709E-002   2257.9181620936029        1049.4668353430136     
           0           0         184   5.2500000000000000        14.000000000000000        1999.7609567183804        3.2231901448416880E-002   4515.8363241872048        1049.4668353430143     
           0           0         185   16.625000000000000        21.000000000000000        1861.1052072779353        2.9715329025612615E-002   2257.9181620936029        1049.4668353430136     
           0           0         186   6.1250000000000000        14.000000000000000        1977.8342159558374        3.1878036617073696E-002   2257.9181620936029        1049.4668353430136     
           0           0         187   13.125000000000000        17.500000000000000        1886.1397308492599        3.0237083987914894E-002   2257.9181620936029        1049.4668353430136     
           0           0         188   10.500000000000000        15.750000000000000        1899.0132003911581        3.0501273431819062E-002   2257.9181620936029        1049.4668353430138     
           0           0         189   7.0000000000000000        14.000000000000000        1951.3602597001313        3.1439857303965570E-002   4515.8363241872048        1049.4668353430143     
           0           0         190   15.750000000000000        19.250000000000000        1869.3255888417730        2.9878213418283152E-002   2257.9181620936029        1049.4668353430138     
           0           0         191   17.500000000000000        21.000000000000000        1858.7073223714999        2.9654996579255036E-002   2257.9181620936033        1049.4668353430141     
           0           0         192   14.000000000000000        17.500000000000000        1884.6168042418331        3.0190291995087146E-002   4515.8363241872048        1049.4668353430143     
           0           0         193   7.8750000000000000        14.000000000000000        1940.6438507253965        3.1252084290353796E-002   2257.9181620936029        1049.4668353430136     
           0           0         194   0.0000000000000000        12.250000000000000        2097.7806111464215        3.3740758736164660E-002   1128.9590810468014        1049.4668353430138     
           0           0         195   8.7500000000000000        14.000000000000000        1925.9843195246449        3.0994530114459108E-002   4515.8363241872048        1049.4668353430143     
           0           0         196   12.250000000000000        15.750000000000000        1886.2729083935083        3.0256833311560670E-002   2257.9181620936029        1049.4668353430138     
           0           0         197   1.7500000000000000        12.250000000000000        2059.6990219851687        3.3164154914359409E-002   2257.9181620936029        1049.4668353430138     
           0           0         198   14.875000000000000        17.500000000000000        1883.2307871130372        3.0146924917778078E-002   2257.9181620936029        1049.4668353430136     
           0           0         199   3.5000000000000000        12.250000000000000        2013.4234588632353        3.2435946363745097E-002   2257.9181620936029        1049.4668353430138     
           0           0         200   9.6250000000000000        14.000000000000000        1914.1935350401793        3.0786438383057273E-002   2257.9181620936029        1049.4668353430136     
           0           0         201   5.2500000000000000        12.250000000000000        1964.1730636005905        3.1640466897033585E-002   2257.9181620936029        1049.4668353430138     
           0           0         202   10.500000000000000        14.000000000000000        1900.5316561122440        3.0543289209726956E-002   4515.8363241872048        1049.4668353430143     
           0           0         203   15.750000000000000        17.500000000000000        1881.8200260628398        3.0102246949573357E-002   4515.8363241872048        1049.4668353430143     
           0           0         204   17.500000000000000        19.250000000000000        1870.1898906265342        2.9849755958570701E-002   1128.9590810468014        1049.4668353430138     
           0           0         205   7.0000000000000000        12.250000000000000        1931.2613675331945        3.1087294676695066E-002   2257.9181620936029        1049.4668353430138     
           0           0         206   14.000000000000000        15.750000000000000        1887.2756165942387        3.0235887507008220E-002   2257.9181620936029        1049.4668353430138     
           0           0         207   11.375000000000000        14.000000000000000        1897.5562608656753        3.0478514957345819E-002   2257.9181620936029        1049.4668353430136     
           0           0         208   16.625000000000000        17.500000000000000        1884.7375906002860        3.0126705215674593E-002   2257.9181620936029        1049.4668353430136     
           0           0         209   12.250000000000000        14.000000000000000        1895.1669336405132        3.0420097073705802E-002   4515.8363241872048        1049.4668353430143     
           0           0         210   8.7500000000000000        12.250000000000000        1911.9171835830816        3.0746328308621229E-002   2257.9181620936029        1049.4668353430138     
           0           0         211   0.0000000000000000        10.500000000000000        2101.3766872634301        3.3804553875402071E-002   2257.9181620936029        1049.4668353430138     
           0           0         212  0.87500000000000000        10.500000000000000        2078.3802663462666        3.3455169169502072E-002   2257.9181620936029        1049.4668353430136     
           0           0         213   1.7500000000000000        10.500000000000000        2053.6154548473669        3.3073248298821398E-002   4515.8363241872048        1049.4668353430143     
           0           0         214   2.6250000000000000        10.500000000000000        2027.8755781239163        3.2671224583914110E-002   2257.9181620936029        1049.4668353430136     
           0           0         215   3.5000000000000000        10.500000000000000        2001.0155850180386        3.2243748996284780E-002   4515.8363241872048        1049.4668353430143     
           0           0         216   17.500000000000000        17.500000000000000        1887.0467165980997        3.0140830896504076E-002   2257.9181620936033        1049.4668353430141     
           0           0         217   13.125000000000000        14.000000000000000        1896.7596301860237        3.0427225973372680E-002   2257.9181620936029        1049.4668353430136     
           0           0         218   15.750000000000000        15.750000000000000        1891.5835907506616        3.0267377857328984E-002   2257.9181620936029        1049.4668353430138     
           0           0         219   4.3750000000000000        10.500000000000000        1978.1489358559409        3.1877825178566466E-002   2257.9181620936029        1049.4668353430136     
           0           0         220   5.2500000000000000        10.500000000000000        1950.5637142789597        3.1426866029439053E-002   4515.8363241872048        1049.4668353430143     
           0           0         221   10.500000000000000        12.250000000000000        1896.6418408200311        3.0467277183221238E-002   2257.9181620936029        1049.4668353430138     
           0           0         222   14.000000000000000        14.000000000000000        1896.4371126970073        3.0402964292200439E-002   4515.8363241872048        1049.4668353430143     
           0           0         223   6.1250000000000000        10.500000000000000        1941.3818700165891        3.1268624402197659E-002   2257.9181620936029        1049.4668353430136     
           0           0         224   7.0000000000000000        10.500000000000000        1929.7080364297346        3.1064673951607776E-002   4515.8363241872048        1049.4668353430143     
           0           0         225   14.875000000000000        14.000000000000000        1900.3498251166413        3.0447548797773553E-002   2257.9181620936029        1049.4668353430136     
           0           0         226   7.8750000000000000        10.500000000000000        1919.0319228962874        3.0880049756020468E-002   2257.9181620936029        1049.4668353430136     
           0           0         227   12.250000000000000        12.250000000000000        1897.7142472574737        3.0455210474919503E-002   2257.9181620936029        1049.4668353430138     
           0           0         228   17.500000000000000        15.750000000000000        1899.3046606525504        3.0349793094093906E-002   1128.9590810468014        1049.4668353430138     
           0           0         229   8.7500000000000000        10.500000000000000        1908.0991169583087        3.0688429228875269E-002   4515.8363241872048        1049.4668353430143     
           0           0         230   15.750000000000000        14.000000000000000        1905.4319329901573        3.0509043270836773E-002   4515.8363241872048        1049.4668353430143     
           0           0         231   0.0000000000000000        8.7500000000000000        2076.4336002777795        3.3383201760354919E-002   1128.9590810468014        1049.4668353430138     
           0           0         232   1.7500000000000000        8.7500000000000000        2022.3545698827477        3.2544713399499221E-002   2257.9181620936029        1049.4668353430138     
           0           0         233   9.6250000000000000        10.500000000000000        1904.1962109511367        3.0612289230342003E-002   2257.9181620936029        1049.4668353430136     
           0           0         234   3.5000000000000000        8.7500000000000000        1970.9888733398416        3.1725818678907280E-002   2257.9181620936029        1049.4668353430138     
           0           0         235   10.500000000000000        10.500000000000000        1899.8849782180096        3.0527219574153767E-002   4515.8363241872048        1049.4668353430143     
           0           0         236   14.000000000000000        12.250000000000000        1903.5927727064154        3.0518320508028940E-002   2257.9181620936029        1049.4668353430138     
           0           0         237   5.2500000000000000        8.7500000000000000        1935.7826648384730        3.1149257388699961E-002   2257.9181620936029        1049.4668353430138     
           0           0         238   16.625000000000000        14.000000000000000        1908.8297877605116        3.0541844372838994E-002   2257.9181620936029        1049.4668353430136     
           0           0         239   11.375000000000000        10.500000000000000        1902.1209081217391        3.0550541722270980E-002   2257.9181620936029        1049.4668353430136     
           0           0         240   7.0000000000000000        8.7500000000000000        1919.3290565691364        3.0864769183952138E-002   2257.9181620936029        1049.4668353430138     
           0           0         241   17.500000000000000        14.000000000000000        1912.8833175748543        3.0586915082373069E-002   2257.9181620936033        1049.4668353430141     
           0           0         242   12.250000000000000        10.500000000000000        1903.4960042801933        3.0559643593812174E-002   4515.8363241872048        1049.4668353430143     
           0           0         243   15.750000000000000        12.250000000000000        1915.6522936576530        3.0680020726174699E-002   2257.9181620936029        1049.4668353430138     
           0           0         244   8.7500000000000000        8.7500000000000000        1904.9123673836657        3.0611135122714961E-002   2257.9181620936029        1049.4668353430138     
           0           0         245   13.125000000000000        10.500000000000000        1906.9570179936500        3.0601132089627510E-002   2257.9181620936029        1049.4668353430136     
           0           0         246   0.0000000000000000        7.0000000000000000        2057.9509176005226        3.3074738677394508E-002   2257.9181620936029        1049.4668353430138     
           0           0         247  0.87500000000000000        7.0000000000000000        2029.6581177225441        3.2636868610393853E-002   2257.9181620936029        1049.4668353430136     
           0           0         248   1.7500000000000000        7.0000000000000000        2000.3835529501125        3.2175574288200025E-002   4515.8363241872048        1049.4668353430143     
           0           0         249   2.6250000000000000        7.0000000000000000        1979.1372704244386        3.1838369589645789E-002   2257.9181620936029        1049.4668353430136     
           0           0         250   3.5000000000000000        7.0000000000000000        1954.0580614133064        3.1432068646188908E-002   4515.8363241872048        1049.4668353430143     
           0           0         251   14.000000000000000        10.500000000000000        1911.9890819077214        3.0665972159332585E-002   4515.8363241872048        1049.4668353430143     
           0           0         252   10.500000000000000        8.7500000000000000        1903.3217122540798        3.0566129624751644E-002   2257.9181620936029        1049.4668353430138     
           0           0         253   4.3750000000000000        7.0000000000000000        1941.8830778508393        3.1233044401333999E-002   2257.9181620936029        1049.4668353430136     
           0           0         254   5.2500000000000000        7.0000000000000000        1930.6009605531162        3.1042347830075923E-002   4515.8363241872048        1049.4668353430143     
           0           0         255   6.1250000000000000        7.0000000000000000        1922.4858541225531        3.0904815754676716E-002   2257.9181620936029        1049.4668353430136     
           0           0         256   14.875000000000000        10.500000000000000        1918.4185079493941        3.0754991359220839E-002   2257.9181620936029        1049.4668353430136     
           0           0         257   17.500000000000000        12.250000000000000        1926.4474620783944        3.0815530273920953E-002   1128.9590810468014        1049.4668353430138     
           0           0         258   7.0000000000000000        7.0000000000000000        1912.4279166597526        3.0735963063926394E-002   4515.8363241872048        1049.4668353430143     
           0           0         259   12.250000000000000        8.7500000000000000        1908.4985581261626        3.0631228586848677E-002   2257.9181620936029        1049.4668353430138     
           0           0         260   7.8750000000000000        7.0000000000000000        1909.2154264669221        3.0678392220051070E-002   2257.9181620936029        1049.4668353430136     
           0           0         261   15.750000000000000        10.500000000000000        1924.6171524814836        3.0839799885405986E-002   4515.8363241872048        1049.4668353430143     
           0           0         262   8.7500000000000000        7.0000000000000000        1904.8670423895296        3.0600291880775423E-002   4515.8363241872048        1049.4668353430143     
           0           0         263   16.625000000000000        10.500000000000000        1931.0629059170560        3.0926221818891538E-002   2257.9181620936029        1049.4668353430136     
           0           0         264   9.6250000000000000        7.0000000000000000        1904.9455120194916        3.0595485804738601E-002   2257.9181620936029        1049.4668353430136     
           0           0         265   14.000000000000000        8.7500000000000000        1921.8222534651004        3.0822059689273727E-002   2257.9181620936029        1049.4668353430138     
           0           0         266   0.0000000000000000        5.2500000000000000        2027.6013386359782        3.2562599178280742E-002   1128.9590810468014        1049.4668353430138     
           0           0         267   1.7500000000000000        5.2500000000000000        1979.4121279936317        3.1801147669824226E-002   2257.9181620936029        1049.4668353430138     
           0           0         268   10.500000000000000        7.0000000000000000        1906.2665857734937        3.0609142800431730E-002   4515.8363241872048        1049.4668353430143     
           0           0         269   3.5000000000000000        5.2500000000000000        1945.6173656410933        3.1254027072564965E-002   2257.9181620936029        1049.4668353430138     
           0           0         270   17.500000000000000        10.500000000000000        1938.5886362179963        3.1029242651527587E-002   2257.9181620936033        1049.4668353430141     
           0           0         271   5.2500000000000000        5.2500000000000000        1929.1350379860473        3.0980610574346919E-002   2257.9181620936029        1049.4668353430138     
           0           0         272   11.375000000000000        7.0000000000000000        1908.9555689080155        3.0645856427398296E-002   2257.9181620936029        1049.4668353430136     
           0           0         273   7.0000000000000000        5.2500000000000000        1916.4839738752630        3.0767734399652372E-002   2257.9181620936029        1049.4668353430138     
           0           0         274   12.250000000000000        7.0000000000000000        1911.3390923914890        3.0678636693340353E-002   4515.8363241872048        1049.4668353430143     
           0           0         275   15.750000000000000        8.7500000000000000        1935.4513990063774        3.1018205818038519E-002   2257.9181620936029        1049.4668353430138     
           0           0         276   13.125000000000000        7.0000000000000000        1919.1536457699283        3.0794586576392832E-002   2257.9181620936029        1049.4668353430136     
           0           0         277   8.7500000000000000        5.2500000000000000        1911.9786776404835        3.0687090178459143E-002   2257.9181620936029        1049.4668353430138     
           0           0         278   14.000000000000000        7.0000000000000000        1927.3382310788370        3.0916738283364845E-002   4515.8363241872048        1049.4668353430143     
           0           0         279   0.0000000000000000        3.5000000000000000        1998.7108726593312        3.2066846058815858E-002   2257.9181620936029        1049.4668353430138     
           0           0         280  0.87500000000000000        3.5000000000000000        1982.5142700171532        3.1813602023695618E-002   2257.9181620936029        1049.4668353430136     
           0           0         281   10.500000000000000        5.2500000000000000        1915.0902306533335        3.0728609192478405E-002   2257.9181620936029        1049.4668353430138     
           0           0         282   17.500000000000000        8.7500000000000000        1953.2306395125365        3.1275062654535064E-002   1128.9590810468014        1049.4668353430138     
           0           0         283   1.7500000000000000        3.5000000000000000        1962.6136024588127        3.1492678726413835E-002   4515.8363241872048        1049.4668353430143     
           0           0         284   2.6250000000000000        3.5000000000000000        1952.7151033003711        3.1333021030671961E-002   2257.9181620936029        1049.4668353430136     
           0           0         285   3.5000000000000000        3.5000000000000000        1940.8354725142267        3.1139124627672224E-002   4515.8363241872048        1049.4668353430143     
           0           0         286   14.875000000000000        7.0000000000000000        1932.4907730944444        3.0990254222304506E-002   2257.9181620936029        1049.4668353430136     
           0           0         287   4.3750000000000000        3.5000000000000000        1935.7818827231522        3.1056396321484384E-002   2257.9181620936029        1049.4668353430136     
           0           0         288   5.2500000000000000        3.5000000000000000        1928.7474348594751        3.0939777265073205E-002   4515.8363241872048        1049.4668353430143     
           0           0         289   6.1250000000000000        3.5000000000000000        1924.6087740939865        3.0870953029068598E-002   2257.9181620936029        1049.4668353430136     
           0           0         290   15.750000000000000        7.0000000000000000        1940.5316643303347        3.1110087341178382E-002   4515.8363241872048        1049.4668353430143     
           0           0         291   12.250000000000000        5.2500000000000000        1923.4351548767359        3.0857383191066873E-002   2257.9181620936029        1049.4668353430138     
           0           0         292   7.0000000000000000        3.5000000000000000        1920.6494525835344        3.0803364198688850E-002   4515.8363241872048        1049.4668353430143     
           0           0         293   7.8750000000000000        3.5000000000000000        1918.5396846180977        3.0768002612146527E-002   2257.9181620936029        1049.4668353430136     
           0           0         294   16.625000000000000        7.0000000000000000        1950.9671634968540        3.1266273085669205E-002   2257.9181620936029        1049.4668353430136     
           0           0         295   8.7500000000000000        3.5000000000000000        1916.0815531442422        3.0727707266841112E-002   4515.8363241872048        1049.4668353430143     
           0           0         296   14.000000000000000        5.2500000000000000        1936.9714419331463        3.1065895713974154E-002   2257.9181620936029        1049.4668353430138     
           0           0         297   9.6250000000000000        3.5000000000000000        1917.1336028769417        3.0741879521308215E-002   2257.9181620936029        1049.4668353430136     
           0           0         298   17.500000000000000        7.0000000000000000        1962.4666205958604        3.1439062381240550E-002   2257.9181620936033        1049.4668353430141     
           0           0         299   10.500000000000000        3.5000000000000000        1918.9085872765236        3.0769081434486992E-002   4515.8363241872048        1049.4668353430143     
           0           0         300   0.0000000000000000        1.7500000000000000        1981.0169805030907        3.1757198156063468E-002   1128.9590810468014        1049.4668353430138     
           0           0         301   1.7500000000000000        1.7500000000000000        1963.1773281308897        3.1471899030681622E-002   2257.9181620936029        1049.4668353430138     
           0           0         302   3.5000000000000000        1.7500000000000000        1950.5970068618794        3.1266580196065180E-002   2257.9181620936029        1049.4668353430138     
           0           0         303   11.375000000000000        3.5000000000000000        1920.9840039161074        3.0802424730164660E-002   2257.9181620936029        1049.4668353430136     
           0           0         304   15.750000000000000        5.2500000000000000        1954.3971009487580        3.1334527833640519E-002   2257.9181620936029        1049.4668353430138     
           0           0         305   5.2500000000000000        1.7500000000000000        1942.7070374295290        3.1134875357605549E-002   2257.9181620936029        1049.4668353430138     
           0           0         306   12.250000000000000        3.5000000000000000        1927.2656762505510        3.0904050526894756E-002   4515.8363241872048        1049.4668353430143     
           0           0         307   7.0000000000000000        1.7500000000000000        1937.8266671071606        3.1052877356583186E-002   2257.9181620936029        1049.4668353430138     
           0           0         308   13.125000000000000        3.5000000000000000        1931.6100422581483        3.0974208409123766E-002   2257.9181620936029        1049.4668353430136     
           0           0         309   8.7500000000000000        1.7500000000000000        1935.3323816093800        3.1011195629560506E-002   2257.9181620936029        1049.4668353430138     
           0           0         310   14.000000000000000        3.5000000000000000        1936.6448670756379        3.1057912095901249E-002   4515.8363241872048        1049.4668353430143     
           0           0         311   17.500000000000000        5.2500000000000000        1977.6640448573346        3.1692928145432724E-002   1128.9590810468014        1049.4668353430138     
           0           0         312   14.875000000000000        3.5000000000000000        1945.8939158952510        3.1203791442771949E-002   2257.9181620936029        1049.4668353430136     
           0           0         313   10.500000000000000        1.7500000000000000        1938.1864563522768        3.1056750375710308E-002   2257.9181620936029        1049.4668353430138     
           0           0         314   0.0000000000000000        0.0000000000000000        1969.3124402035680        3.1546135397333086E-002   1128.9590810468014        1049.4668353430138     
           0           0         315  0.87500000000000000        0.0000000000000000        1970.6428692849918        3.1569088137815400E-002   1128.9590810468014        1049.4668353430138     
           0           0         316   1.7500000000000000        0.0000000000000000        1967.6543451396656        3.1515822441481253E-002   2257.9181620936033        1049.4668353430138     
           0           0         317   2.6250000000000000        0.0000000000000000        1966.2634971254631        3.1491677595998621E-002   1128.9590810468014        1049.4668353430138     
           0           0         318   3.5000000000000000        0.0000000000000000        1962.2170953605435        3.1421916857432827E-002   2257.9181620936033        1049.4668353430138     
           0           0         319   15.750000000000000        3.5000000000000000        1957.0825292661652        3.1383347175510001E-002   4515.8363241872048        1049.4668353430143     
           0           0         320   4.3750000000000000        0.0000000000000000        1959.0595048859277        3.1367075830575783E-002   1128.9590810468014        1049.4668353430138     
           0           0         321   5.2500000000000000        0.0000000000000000        1955.1324455529586        3.1299779691374152E-002   2257.9181620936033        1049.4668353430138     
           0           0         322   12.250000000000000        1.7500000000000000        1945.4097803725276        3.1177000212122032E-002   2257.9181620936029        1049.4668353430138     
           0           0         323   6.1250000000000000        0.0000000000000000        1952.4094309896830        3.1253137636386437E-002   1128.9590810468014        1049.4668353430138     
           0           0         324   16.625000000000000        3.5000000000000000        1967.5991506807266        3.1550149089122494E-002   2257.9181620936029        1049.4668353430136     
           0           0         325   7.0000000000000000        0.0000000000000000        1950.3247224001757        3.1218211853343725E-002   2257.9181620936033        1049.4668353430138     
           0           0         326   7.8750000000000000        0.0000000000000000        1948.1273230528661        3.1180211390977305E-002   1128.9590810468014        1049.4668353430138     
           0           0         327   17.500000000000000        3.5000000000000000        1981.3757273046051        3.1769901782063605E-002   2257.9181620936033        1049.4668353430141     
           0           0         328   8.7500000000000000        0.0000000000000000        1947.3349294511863        3.1166719053832594E-002   2257.9181620936033        1049.4668353430138     
           0           0         329   14.000000000000000        1.7500000000000000        1955.0545597310193        3.1339756651542344E-002   2257.9181620936029        1049.4668353430138     
           0           0         330   9.6250000000000000        0.0000000000000000        1947.2596634321771        3.1167103549508919E-002   1128.9590810468014        1049.4668353430138     
           0           0         331   10.500000000000000        0.0000000000000000        1947.6100832498037        3.1175816833351435E-002   2257.9181620936033        1049.4668353430138     
           0           0         332   15.750000000000000        1.7500000000000000        1973.4102926594480        3.1641526103406252E-002   2257.9181620936029        1049.4668353430138     
           0           0         333   11.375000000000000        0.0000000000000000        1948.6601229156481        3.1194885810534423E-002   1128.9590810468014        1049.4668353430138     
           0           0         334   12.250000000000000        0.0000000000000000        1953.2134798396623        3.1274610014047396E-002   2257.9181620936033        1049.4668353430138     
           0           0         335   13.125000000000000        0.0000000000000000        1956.5881051162362        3.1335271290061237E-002   1128.9590810468014        1049.4668353430138     
           0           0         336   17.500000000000000        1.7500000000000000        1994.9619414639506        3.1994646478975042E-002   1128.9590810468014        1049.4668353430138     
           0           0         337   14.000000000000000        0.0000000000000000        1960.9133864799194        3.1412431121811933E-002   2257.9181620936033        1049.4668353430138     
           0           0         338   14.875000000000000        0.0000000000000000        1965.1655372851060        3.1488490096271603E-002   1128.9590810468014        1049.4668353430138     
           0           0         339   15.750000000000000        0.0000000000000000        1973.7380632679331        3.1638402166146669E-002   2257.9181620936033        1049.4668353430138     
           0           0         340   16.625000000000000        0.0000000000000000        1981.1272512773708        3.1766878706085425E-002   1128.9590810468014        1049.4668353430138     
           0           0         341   17.500000000000000        0.0000000000000000        1991.3456494350330        3.1941404380073105E-002   1128.9590810468017        1049.4668353430138     
