           0           0           1   0.0000000000000000        35.000000000000000        1385.9459184973648        2.0196071689995342E-002   1149.2705696388721        1060.5427178119000     
           0           0           2  0.87500000000000000        35.000000000000000        1396.8200262811208        2.0440740917838353E-002   1149.2705696388721        1060.5427178119000     
           0           0           3   0.0000000000000000        33.250000000000000        1467.9200538853340        2.2040899970541129E-002   1149.2705696388721        1060.5427178119000     
           0           0           4   1.7500000000000000        35.000000000000000        1405.2611668187124        2.0632407383863655E-002   2298.5411392777437        1060.5427178118998     
           0           0           5   1.7500000000000000        33.250000000000000        1486.8430610997189        2.2444209466011878E-002   2298.5411392777437        1060.5427178119000     
           0           0           6   2.6250000000000000        35.000000000000000        1414.2489310926276        2.0836991060094560E-002   1149.2705696388721        1060.5427178119000     
           0           0           7   0.0000000000000000        31.500000000000000        1537.7504607733522        2.3523435626655612E-002   2298.5411392777442        1060.5427178119000     
           0           0           8   3.5000000000000000        35.000000000000000        1425.9831256389489        2.1102523446566768E-002   2298.5411392777437        1060.5427178118998     
           0           0           9  0.87500000000000000        31.500000000000000        1548.8983903042297        2.3752061820450497E-002   2298.5411392777442        1060.5427178119000     
           0           0          10   3.5000000000000000        33.250000000000000        1518.2323259823088        2.3107856274894090E-002   2298.5411392777437        1060.5427178119000     
           0           0          11   1.7500000000000000        31.500000000000000        1563.7778017480514        2.4053290759341175E-002   4597.0822785554856        1060.5427178118998     
           0           0          12   2.6250000000000000        31.500000000000000        1580.7747934080173        2.4394509347459035E-002   2298.5411392777442        1060.5427178119000     
           0           0          13   4.3750000000000000        35.000000000000000        1440.7390828396785        2.1428446691187996E-002   1149.2705696388721        1060.5427178119000     
           0           0          14   3.5000000000000000        31.500000000000000        1598.3088147656329        2.4746047067631265E-002   4597.0822785554856        1060.5427178118998     
           0           0          15   0.0000000000000000        29.750000000000000        1633.6521292538005        2.5489047126015532E-002   1149.2705696388721        1060.5427178119000     
           0           0          16   5.2500000000000000        35.000000000000000        1452.7075932880596        2.1696297194202678E-002   2298.5411392777437        1060.5427178118998     
           0           0          17   1.7500000000000000        29.750000000000000        1671.6369951324575        2.6212821229726319E-002   2298.5411392777437        1060.5427178119000     
           0           0          18   5.2500000000000000        33.250000000000000        1551.5105449808777        2.3801355958962708E-002   2298.5411392777437        1060.5427178119000     
           0           0          19   4.3750000000000000        31.500000000000000        1617.0786895936237        2.5117484964605766E-002   2298.5411392777442        1060.5427178119000     
           0           0          20   6.1250000000000000        35.000000000000000        1467.9200258295862        2.2032546846465495E-002   1149.2705696388721        1060.5427178119000     
           0           0          21   3.5000000000000000        29.750000000000000        1711.6703861855444        2.6961963073847413E-002   2298.5411392777437        1060.5427178119000     
           0           0          22   5.2500000000000000        31.500000000000000        1635.9231843643879        2.5489017422379363E-002   4597.0822785554856        1060.5427178118998     
           0           0          23   0.0000000000000000        28.000000000000000        1723.7862553211930        2.7226718106960649E-002   2298.5411392777442        1060.5427178119000     
           0           0          24   7.0000000000000000        35.000000000000000        1496.5926831831557        2.2645232489415308E-002   2298.5411392777437        1060.5427178118998     
           0           0          25   6.1250000000000000        31.500000000000000        1660.6604849533635        2.5963301723154603E-002   2298.5411392777442        1060.5427178119000     
           0           0          26  0.87500000000000000        28.000000000000000        1742.4843516709313        2.7565110748525627E-002   2298.5411392777442        1060.5427178119000     
           0           0          27   7.0000000000000000        33.250000000000000        1587.1006479047678        2.4530384190673060E-002   2298.5411392777437        1060.5427178119000     
           0           0          28   1.7500000000000000        28.000000000000000        1765.9388934186877        2.7986730841134635E-002   4597.0822785554856        1060.5427178118998     
           0           0          29   5.2500000000000000        29.750000000000000        1757.4310220197065        2.7800224539227807E-002   2298.5411392777437        1060.5427178119000     
           0           0          30   2.6250000000000000        28.000000000000000        1786.9936903479133        2.8361747148812205E-002   2298.5411392777442        1060.5427178119000     
           0           0          31   7.0000000000000000        31.500000000000000        1686.4733087230697        2.6461842261759426E-002   4597.0822785554856        1060.5427178118998     
           0           0          32   3.5000000000000000        28.000000000000000        1809.1631810599372        2.8752992530435950E-002   4597.0822785554856        1060.5427178118998     
           0           0          33   7.8750000000000000        35.000000000000000        1506.6405435294337        2.2873016255033025E-002   1149.2705696388721        1060.5427178119000     
           0           0          34   4.3750000000000000        28.000000000000000        1830.6290770395183        2.9124952940079669E-002   2298.5411392777442        1060.5427178119000     
           0           0          35   7.8750000000000000        31.500000000000000        1714.4107078558225        2.6981463351881584E-002   2298.5411392777442        1060.5427178119000     
           0           0          36   8.7500000000000000        35.000000000000000        1540.7417531926144        2.3582368119169375E-002   2298.5411392777437        1060.5427178118998     
           0           0          37   0.0000000000000000        26.250000000000000        1810.8791288064242        2.8842610905583290E-002   1149.2705696388721        1060.5427178119000     
           0           0          38   7.0000000000000000        29.750000000000000        1804.4826062631664        2.8644644587601187E-002   2298.5411392777437        1060.5427178119000     
           0           0          39   5.2500000000000000        28.000000000000000        1850.2983346623353        2.9463742712102496E-002   4597.0822785554856        1060.5427178118998     
           0           0          40   8.7500000000000000        33.250000000000000        1638.8104379804527        2.5560400326937210E-002   2298.5411392777437        1060.5427178119000     
           0           0          41   1.7500000000000000        26.250000000000000        1857.5463244722823        2.9646808992227609E-002   2298.5411392777437        1060.5427178119000     
           0           0          42   6.1250000000000000        28.000000000000000        1876.8360877516577        2.9917536876212382E-002   2298.5411392777442        1060.5427178119000     
           0           0          43   8.7500000000000000        31.500000000000000        1744.7994514007050        2.7553208568289963E-002   4597.0822785554856        1060.5427178118998     
           0           0          44   3.5000000000000000        26.250000000000000        1900.0768342846941        3.0362519790058204E-002   2298.5411392777437        1060.5427178119000     
           0           0          45   9.6250000000000000        35.000000000000000        1554.4782186578745        2.3880714566892346E-002   1149.2705696388721        1060.5427178119000     
           0           0          46   7.0000000000000000        28.000000000000000        1901.4870511834029        3.0332461556940860E-002   4597.0822785554856        1060.5427178118998     
           0           0          47   8.7500000000000000        29.750000000000000        1862.4299299344325        2.9658767359888628E-002   2298.5411392777437        1060.5427178119000     
           0           0          48   5.2500000000000000        26.250000000000000        1940.0585084612353        3.1021897597103814E-002   2298.5411392777437        1060.5427178119000     
           0           0          49   9.6250000000000000        31.500000000000000        1781.0015648092531        2.8206688775799925E-002   2298.5411392777442        1060.5427178119000     
           0           0          50   10.500000000000000        35.000000000000000        1598.0136323939178        2.4763357631469807E-002   2298.5411392777437        1060.5427178118998     
           0           0          51   0.0000000000000000        24.500000000000000        1891.3067294416996        3.0270438322029199E-002   2298.5411392777442        1060.5427178119000     
           0           0          52   7.8750000000000000        28.000000000000000        1925.5178590320718        3.0735999550565333E-002   2298.5411392777442        1060.5427178119000     
           0           0          53  0.87500000000000000        24.500000000000000        1914.0948300938369        3.0648442121311476E-002   2298.5411392777442        1060.5427178119000     
           0           0          54   1.7500000000000000        24.500000000000000        1939.5098155375090        3.1066635133384944E-002   4597.0822785554856        1060.5427178118998     
           0           0          55   10.500000000000000        33.250000000000000        1714.2055028473860        2.7011469437067167E-002   2298.5411392777437        1060.5427178119000     
           0           0          56   2.6250000000000000        24.500000000000000        1957.7062031062974        3.1359301694915617E-002   2298.5411392777442        1060.5427178119000     
           0           0          57   3.5000000000000000        24.500000000000000        1978.0316992710389        3.1687875074430341E-002   4597.0822785554856        1060.5427178118998     
           0           0          58   10.500000000000000        31.500000000000000        1827.5235674415171        2.9041320817026171E-002   4597.0822785554856        1060.5427178118998     
           0           0          59   8.7500000000000000        28.000000000000000        1952.8704863111018        3.1190549013142912E-002   4597.0822785554856        1060.5427178118998     
           0           0          60   7.0000000000000000        26.250000000000000        1976.2734615174920        3.1613263718642912E-002   2298.5411392777437        1060.5427178119000     
           0           0          61   11.375000000000000        35.000000000000000        1617.5249882138146        2.5168731582160323E-002   1149.2705696388721        1060.5427178119000     
           0           0          62   4.3750000000000000        24.500000000000000        1995.3438494542913        3.1962676096807488E-002   2298.5411392777442        1060.5427178119000     
           0           0          63   10.500000000000000        29.750000000000000        1930.1925033058360        3.0811371101336991E-002   2298.5411392777437        1060.5427178119000     
           0           0          64   5.2500000000000000        24.500000000000000        2013.4621584175115        3.2250298162675849E-002   4597.0822785554856        1060.5427178118998     
           0           0          65   11.375000000000000        31.500000000000000        1862.9628569182182        2.9656791614270615E-002   2298.5411392777442        1060.5427178119000     
           0           0          66   9.6250000000000000        28.000000000000000        1975.7259747629373        3.1569106743279590E-002   2298.5411392777442        1060.5427178119000     
           0           0          67   6.1250000000000000        24.500000000000000        2022.8555406992873        3.2398897905669723E-002   2298.5411392777442        1060.5427178119000     
           0           0          68   0.0000000000000000        22.750000000000000        1953.4710493959121        3.1344355717203204E-002   1149.2705696388721        1060.5427178119000     
           0           0          69   12.250000000000000        35.000000000000000        1689.8785002147165        2.6565644670432410E-002   2298.5411392777437        1060.5427178118998     
           0           0          70   12.250000000000000        33.250000000000000        1799.6099940464201        2.8588327287820167E-002   2298.5411392777437        1060.5427178119000     
           0           0          71   1.7500000000000000        22.750000000000000        1996.9899375802534        3.2042871866251238E-002   2298.5411392777437        1060.5427178119000     
           0           0          72   8.7500000000000000        26.250000000000000        2003.3629424299402        3.2055269549524125E-002   2298.5411392777437        1060.5427178119000     
           0           0          73   7.0000000000000000        24.500000000000000        2035.2315388903028        3.2599134925950499E-002   4597.0822785554856        1060.5427178118998     
           0           0          74   10.500000000000000        28.000000000000000        2001.2984912837235        3.1992176969907984E-002   4597.0822785554856        1060.5427178118998     
           0           0          75   3.5000000000000000        22.750000000000000        2029.6397746286418        3.2557716831030994E-002   2298.5411392777437        1060.5427178119000     
           0           0          76   12.250000000000000        31.500000000000000        1930.3606262152509        3.0809223958512023E-002   4597.0822785554856        1060.5427178118998     
           0           0          77   7.8750000000000000        24.500000000000000        2039.1953203071776        3.2666107043753119E-002   2298.5411392777442        1060.5427178119000     
           0           0          78   13.125000000000000        35.000000000000000        1709.0473183086501        2.6960562395558264E-002   1149.2705696388721        1060.5427178119000     
           0           0          79   5.2500000000000000        22.750000000000000        2048.1273895688814        3.2844939179220788E-002   2298.5411392777437        1060.5427178119000     
           0           0          80   12.250000000000000        29.750000000000000        1991.0938345106356        3.1821915743086154E-002   2298.5411392777437        1060.5427178119000     
           0           0          81   11.375000000000000        28.000000000000000        2011.1150790017421        3.2160166747727779E-002   2298.5411392777442        1060.5427178119000     
           0           0          82   13.125000000000000        31.500000000000000        1983.5733250840894        3.1686282238485165E-002   2298.5411392777442        1060.5427178119000     
           0           0          83   10.500000000000000        26.250000000000000        2014.3240648334836        3.2239711209895494E-002   2298.5411392777437        1060.5427178119000     
           0           0          84   8.7500000000000000        24.500000000000000        2044.2551261694680        3.2751854228204480E-002   4597.0822785554856        1060.5427178118998     
           0           0          85   0.0000000000000000        21.000000000000000        2019.9481486993609        3.2464937474552383E-002   2298.5411392777442        1060.5427178119000     
           0           0          86   14.000000000000000        35.000000000000000        1794.2895855305003        2.8546986667895000E-002   2298.5411392777437        1060.5427178118998     
           0           0          87  0.87500000000000000        21.000000000000000        2037.3550465800686        3.2735538965320131E-002   2298.5411392777442        1060.5427178119000     
           0           0          88   14.000000000000000        33.250000000000000        1934.7337470600110        3.0936933699318381E-002   2298.5411392777437        1060.5427178119000     
           0           0          89   7.0000000000000000        22.750000000000000        2045.3205709038129        3.2803508174003321E-002   2298.5411392777437        1060.5427178119000     
           0           0          90   12.250000000000000        28.000000000000000        2023.4117107262962        3.2374817645788062E-002   4597.0822785554856        1060.5427178118998     
           0           0          91   1.7500000000000000        21.000000000000000        2056.5804599904104        3.3034446840886800E-002   4597.0822785554856        1060.5427178118998     
           0           0          92   9.6250000000000000        24.500000000000000        2038.5350342251277        3.2667068634745472E-002   2298.5411392777442        1060.5427178119000     
           0           0          93   2.6250000000000000        21.000000000000000        2066.8355883847462        3.3191344500435441E-002   2298.5411392777442        1060.5427178119000     
           0           0          94   14.000000000000000        31.500000000000000        2047.5296991793662        3.2731391647499705E-002   4597.0822785554856        1060.5427178118998     
           0           0          95   3.5000000000000000        21.000000000000000        2080.3819704866696        3.3400566667251302E-002   4597.0822785554856        1060.5427178118998     
           0           0          96   4.3750000000000000        21.000000000000000        2080.9957059190592        3.3409597388895228E-002   2298.5411392777442        1060.5427178119000     
           0           0          97   10.500000000000000        24.500000000000000        2027.1316357670289        3.2491125661554647E-002   4597.0822785554856        1060.5427178118998     
           0           0          98   13.125000000000000        28.000000000000000        2017.1834655628850        3.2291891029340929E-002   2298.5411392777442        1060.5427178119000     
           0           0          99   14.875000000000000        35.000000000000000        1846.6019177334194        2.9505920563347846E-002   1149.2705696388721        1060.5427178119000     
           0           0         100   14.000000000000000        29.750000000000000        2014.3820963019075        3.2224833240560545E-002   2298.5411392777437        1060.5427178119000     
           0           0         101   5.2500000000000000        21.000000000000000        2082.3098459417415        3.3430993647604462E-002   4597.0822785554856        1060.5427178118998     
           0           0         102   8.7500000000000000        22.750000000000000        2028.1923615852470        3.2533938955133693E-002   2298.5411392777437        1060.5427178119000     
           0           0         103   12.250000000000000        26.250000000000000        1986.0602308162124        3.1798284909396714E-002   2298.5411392777437        1060.5427178119000     
           0           0         104   6.1250000000000000        21.000000000000000        2073.9262887732407        3.3303194816566524E-002   2298.5411392777442        1060.5427178119000     
           0           0         105   14.875000000000000        31.500000000000000        2063.7968336950989        3.2996595349020115E-002   2298.5411392777442        1060.5427178119000     
           0           0         106   11.375000000000000        24.500000000000000        2007.8044761140570        3.2193078073832510E-002   2298.5411392777442        1060.5427178119000     
           0           0         107   14.000000000000000        28.000000000000000        1972.2833058839151        3.1572857627149342E-002   4597.0822785554856        1060.5427178118998     
           0           0         108   7.0000000000000000        21.000000000000000        2063.0624170679621        3.3140373691845054E-002   4597.0822785554856        1060.5427178118998     
           0           0         109   0.0000000000000000        19.250000000000000        2056.7477046893005        3.3068937304181638E-002   1149.2705696388721        1060.5427178119000     
           0           0         110   15.750000000000000        35.000000000000000        1991.4773306265542        3.1948652207494217E-002   2298.5411392777437        1060.5427178118998     
           0           0         111   15.750000000000000        33.250000000000000        2079.3692495148475        3.3240376328957558E-002   2298.5411392777437        1060.5427178119000     
           0           0         112   1.7500000000000000        19.250000000000000        2080.0435052769208        3.3428284866362137E-002   2298.5411392777437        1060.5427178119000     
           0           0         113   7.8750000000000000        21.000000000000000        2049.6617623429665        3.2930233160649858E-002   2298.5411392777442        1060.5427178119000     
           0           0         114   3.5000000000000000        19.250000000000000        2085.0354672393009        3.3503392867864468E-002   2298.5411392777437        1060.5427178119000     
           0           0         115   10.500000000000000        22.750000000000000        1984.9609208391494        3.1842914864699791E-002   2298.5411392777437        1060.5427178119000     
           0           0         116   15.750000000000000        31.500000000000000        2143.8217663389305        3.4283539648644397E-002   4597.0822785554856        1060.5427178118998     
           0           0         117   12.250000000000000        24.500000000000000        1974.8735552100732        3.1666920483195374E-002   4597.0822785554856        1060.5427178118998     
           0           0         118   14.875000000000000        28.000000000000000        1952.2084921414287        3.1267957654775531E-002   2298.5411392777442        1060.5427178119000     
           0           0         119   14.000000000000000        26.250000000000000        1916.1492129407288        3.0664873391785079E-002   2298.5411392777437        1060.5427178119000     
           0           0         120   8.7500000000000000        21.000000000000000        2030.7088743563991        3.2628279291475763E-002   4597.0822785554856        1060.5427178118998     
           0           0         121   15.750000000000000        29.750000000000000        1925.5183184114367        3.0785208933816109E-002   2298.5411392777437        1060.5427178119000     
           0           0         122   5.2500000000000000        19.250000000000000        2064.7787979554651        3.3191194054835581E-002   2298.5411392777437        1060.5427178119000     
           0           0         123   16.625000000000000        35.000000000000000        2499.7809214615022        3.9736274172281510E-002   1149.2705696388721        1060.5427178119000     
           0           0         124   13.125000000000000        24.500000000000000        1943.8691447578558        3.1164603006387074E-002   2298.5411392777442        1060.5427178119000     
           0           0         125   9.6250000000000000        21.000000000000000        2007.0032704566895        3.2252016499150396E-002   2298.5411392777442        1060.5427178119000     
           0           0         126   16.625000000000000        31.500000000000000        1969.5116868066427        3.1604568104225440E-002   2298.5411392777442        1060.5427178119000     
           0           0         127   7.0000000000000000        19.250000000000000        2031.9938018287919        3.2678036074262055E-002   2298.5411392777437        1060.5427178119000     
           0           0         128   15.750000000000000        28.000000000000000        1862.2552758196343        2.9742047378993691E-002   4597.0822785554856        1060.5427178118998     
           0           0         129   12.250000000000000        22.750000000000000        1927.5772837574018        3.0907891783567107E-002   2298.5411392777437        1060.5427178119000     
           0           0         130   14.000000000000000        24.500000000000000        1900.4357303861202        3.0436151158566419E-002   4597.0822785554856        1060.5427178118998     
           0           0         131   17.500000000000000        35.000000000000000        3116.4175772047797        4.7445658538935107E-002   1149.2705696388718        1060.5427178119000     
           0           0         132   0.0000000000000000        17.500000000000000        2108.5453415308284        3.3913919379503263E-002   2298.5411392777442        1060.5427178119000     
           0           0         133   10.500000000000000        21.000000000000000        1973.6864447852104        3.1710017905867048E-002   4597.0822785554856        1060.5427178118998     
           0           0         134  0.87500000000000000        17.500000000000000        2111.5787015813435        3.3960567299031685E-002   2298.5411392777442        1060.5427178119000     
           0           0         135   1.7500000000000000        17.500000000000000        2117.4771498134187        3.4053803576132254E-002   4597.0822785554856        1060.5427178118998     
           0           0         136   17.500000000000000        33.250000000000000        2255.5849456828828        3.6080374239833339E-002   1149.2705696388718        1060.5427178119000     
           0           0         137   2.6250000000000000        17.500000000000000        2112.7705684310249        3.3982522257347339E-002   2298.5411392777442        1060.5427178119000     
           0           0         138   17.500000000000000        31.500000000000000        1635.1666428940298        2.5643511323454091E-002   2298.5411392777432        1060.5427178119000     
           0           0         139   3.5000000000000000        17.500000000000000        2106.4230884279950        3.3887003602676928E-002   4597.0822785554856        1060.5427178118998     
           0           0         140   8.7500000000000000        19.250000000000000        1985.8198115333257        3.1931409828485982E-002   2298.5411392777437        1060.5427178119000     
           0           0         141   15.750000000000000        26.250000000000000        1852.1193539167243        2.9581876808446407E-002   2298.5411392777437        1060.5427178119000     
           0           0         142   4.3750000000000000        17.500000000000000        2091.2458936485623        3.3657901415769166E-002   2298.5411392777442        1060.5427178119000     
           0           0         143   11.375000000000000        21.000000000000000        1953.5760163154578        3.1381525476227370E-002   2298.5411392777442        1060.5427178119000     
           0           0         144   16.625000000000000        28.000000000000000        1841.5561813275838        2.9401303273289495E-002   2298.5411392777442        1060.5427178119000     
           0           0         145   14.875000000000000        24.500000000000000        1883.4947637213982        3.0140507979284047E-002   2298.5411392777442        1060.5427178119000     
           0           0         146   17.500000000000000        29.750000000000000        1683.0875697002407        2.6514902903733442E-002   1149.2705696388718        1060.5427178119000     
           0           0         147   5.2500000000000000        17.500000000000000        2072.2611204366631        3.3367907474128107E-002   4597.0822785554856        1060.5427178118998     
           0           0         148   6.1250000000000000        17.500000000000000        2054.2196582570041        3.3084075226744787E-002   2298.5411392777442        1060.5427178119000     
           0           0         149   14.000000000000000        22.750000000000000        1883.0844861565729        3.0148560637320909E-002   2298.5411392777437        1060.5427178119000     
           0           0         150   12.250000000000000        21.000000000000000        1920.4533633952346        3.0825353556576340E-002   4597.0822785554856        1060.5427178118998     
           0           0         151   7.0000000000000000        17.500000000000000        2031.6744327495794        3.2722116509065612E-002   4597.0822785554856        1060.5427178118998     
           0           0         152   17.500000000000000        28.000000000000000        1826.9314713953815        2.9157070477720263E-002   2298.5411392777432        1060.5427178119000     
           0           0         153   10.500000000000000        19.250000000000000        1939.2048143330217        3.1160578254086843E-002   2298.5411392777437        1060.5427178119000     
           0           0         154   15.750000000000000        24.500000000000000        1865.3086995598014        2.9814321987749779E-002   4597.0822785554856        1060.5427178118998     
           0           0         155   7.8750000000000000        17.500000000000000        2008.4562957854960        3.2351814172227038E-002   2298.5411392777442        1060.5427178119000     
           0           0         156   13.125000000000000        21.000000000000000        1910.7379497685467        3.0652230182047442E-002   2298.5411392777442        1060.5427178119000     
           0           0         157   0.0000000000000000        15.750000000000000        2119.9387885566944        3.4091100064894686E-002   1149.2705696388721        1060.5427178119000     
           0           0         158   1.7500000000000000        15.750000000000000        2109.1873475705356        3.3937330104773220E-002   2298.5411392777437        1060.5427178119000     
           0           0         159   3.5000000000000000        15.750000000000000        2080.1618456483475        3.3494399403889541E-002   2298.5411392777437        1060.5427178119000     
           0           0         160   17.500000000000000        26.250000000000000        1860.9957282771295        2.9716807436961520E-002   1149.2705696388718        1060.5427178119000     
           0           0         161   8.7500000000000000        17.500000000000000        1978.2982704755252        3.1858326358848846E-002   4597.0822785554856        1060.5427178118998     
           0           0         162   16.625000000000000        24.500000000000000        1863.9679384483493        2.9778084401906511E-002   2298.5411392777442        1060.5427178119000     
           0           0         163   14.000000000000000        21.000000000000000        1895.5455547167467        3.0380155098947700E-002   4597.0822785554856        1060.5427178118998     
           0           0         164   12.250000000000000        19.250000000000000        1905.1505758216767        3.0577874115184343E-002   2298.5411392777437        1060.5427178119000     
           0           0         165   15.750000000000000        22.750000000000000        1875.5187456912304        2.9995945569283991E-002   2298.5411392777437        1060.5427178119000     
           0           0         166   5.2500000000000000        15.750000000000000        2038.2935615641265        3.2840655126769348E-002   2298.5411392777437        1060.5427178119000     
           0           0         167   9.6250000000000000        17.500000000000000        1964.0106665774153        3.1617196219813473E-002   2298.5411392777442        1060.5427178119000     
           0           0         168   17.500000000000000        24.500000000000000        1860.4055684580471        2.9702423331114999E-002   2298.5411392777432        1060.5427178119000     
           0           0         169   10.500000000000000        17.500000000000000        1941.3023333407946        3.1232788222902302E-002   4597.0822785554856        1060.5427178118998     
           0           0         170   14.875000000000000        21.000000000000000        1894.9389094075177        3.0352465434957582E-002   2298.5411392777442        1060.5427178119000     
           0           0         171   7.0000000000000000        15.750000000000000        1989.3152171316365        3.2051959980567216E-002   2298.5411392777437        1060.5427178119000     
           0           0         172   11.375000000000000        17.500000000000000        1929.2133889563581        3.1020153193567084E-002   2298.5411392777442        1060.5427178119000     
           0           0         173   0.0000000000000000        14.000000000000000        2154.9857310302937        3.4655211851069297E-002   2298.5411392777442        1060.5427178119000     
           0           0         174  0.87500000000000000        14.000000000000000        2140.3667961754354        3.4445340760701174E-002   2298.5411392777442        1060.5427178119000     
           0           0         175   14.000000000000000        19.250000000000000        1898.2101787472243        3.0430094264899545E-002   2298.5411392777437        1060.5427178119000     
           0           0         176   1.7500000000000000        14.000000000000000        2125.9470615785399        3.4235718626153690E-002   4597.0822785554856        1060.5427178118998     
           0           0         177   15.750000000000000        21.000000000000000        1892.7036211562402        3.0294763679061112E-002   4597.0822785554856        1060.5427178118998     
           0           0         178   8.7500000000000000        15.750000000000000        1950.5482744318306        3.1406710142365894E-002   2298.5411392777437        1060.5427178119000     
           0           0         179   2.6250000000000000        14.000000000000000        2106.6969697412706        3.3943660284498016E-002   2298.5411392777442        1060.5427178119000     
           0           0         180   3.5000000000000000        14.000000000000000        2083.3946772968666        3.3586055936060816E-002   4597.0822785554856        1060.5427178118998     
           0           0         181   12.250000000000000        17.500000000000000        1914.4997449415505        3.0758258827302497E-002   4597.0822785554856        1060.5427178118998     
           0           0         182   17.500000000000000        22.750000000000000        1869.1511481865821        2.9853696996846889E-002   1149.2705696388718        1060.5427178119000     
           0           0         183   4.3750000000000000        14.000000000000000        2059.9000585868171        3.3218954619881072E-002   2298.5411392777442        1060.5427178119000     
           0           0         184   5.2500000000000000        14.000000000000000        2033.5156689172275        3.2800690941491205E-002   4597.0822785554856        1060.5427178118998     
           0           0         185   16.625000000000000        21.000000000000000        1890.0090217598620        3.0229844655179982E-002   2298.5411392777442        1060.5427178119000     
           0           0         186   6.1250000000000000        14.000000000000000        2009.6528286011733        3.2422570336453654E-002   2298.5411392777442        1060.5427178119000     
           0           0         187   13.125000000000000        17.500000000000000        1913.7352426247535        3.0725930350780518E-002   2298.5411392777442        1060.5427178119000     
           0           0         188   10.500000000000000        15.750000000000000        1924.2857762537037        3.0951361288390499E-002   2298.5411392777437        1060.5427178119000     
           0           0         189   7.0000000000000000        14.000000000000000        1980.4649327916268        3.1947253673570479E-002   4597.0822785554856        1060.5427178118998     
           0           0         190   15.750000000000000        19.250000000000000        1896.9804805263234        3.0369615064279085E-002   2298.5411392777437        1060.5427178119000     
           0           0         191   17.500000000000000        21.000000000000000        1888.2142254906980        3.0180790901725051E-002   2298.5411392777432        1060.5427178119000     
           0           0         192   14.000000000000000        17.500000000000000        1912.7427535298161        3.0687677326742872E-002   4597.0822785554856        1060.5427178118998     
           0           0         193   7.8750000000000000        14.000000000000000        1969.3839359090043        3.1755912933654463E-002   2298.5411392777442        1060.5427178119000     
           0           0         194   0.0000000000000000        12.250000000000000        2137.4826693922723        3.4373724539087748E-002   1149.2705696388721        1060.5427178119000     
           0           0         195   8.7500000000000000        14.000000000000000        1953.5398807461772        3.1481605192383917E-002   4597.0822785554856        1060.5427178118998     
           0           0         196   12.250000000000000        15.750000000000000        1912.3308830954086        3.0721778655391212E-002   2298.5411392777437        1060.5427178119000     
           0           0         197   1.7500000000000000        12.250000000000000        2098.1914459260092        3.3790873686632139E-002   2298.5411392777437        1060.5427178119000     
           0           0         198   14.875000000000000        17.500000000000000        1911.7908528167570        3.0651251003637990E-002   2298.5411392777442        1060.5427178119000     
           0           0         199   3.5000000000000000        12.250000000000000        2048.1521221277108        3.3018298938988826E-002   2298.5411392777437        1060.5427178119000     
           0           0         200   9.6250000000000000        14.000000000000000        1941.5384690979749        3.1272241417753005E-002   2298.5411392777442        1060.5427178119000     
           0           0         201   5.2500000000000000        12.250000000000000        1993.7811717817012        3.2154841792275367E-002   2298.5411392777437        1060.5427178119000     
           0           0         202   10.500000000000000        14.000000000000000        1927.2890739508409        3.1021607960093914E-002   4597.0822785554856        1060.5427178118998     
           0           0         203   15.750000000000000        17.500000000000000        1910.5642662619364        3.0609237216082524E-002   4597.0822785554856        1060.5427178118998     
           0           0         204   17.500000000000000        19.250000000000000        1898.4371282544535        3.0350186042684885E-002   1149.2705696388718        1060.5427178119000     
           0           0         205   7.0000000000000000        12.250000000000000        1957.7563725486707        3.1558567809806148E-002   2298.5411392777437        1060.5427178119000     
           0           0         206   14.000000000000000        15.750000000000000        1914.3597597937901        3.0715688108290794E-002   2298.5411392777437        1060.5427178119000     
           0           0         207   11.375000000000000        14.000000000000000        1924.9299401085339        3.0966708635758067E-002   2298.5411392777442        1060.5427178119000     
           0           0         208   16.625000000000000        17.500000000000000        1913.7449589366051        3.0636364943312039E-002   2298.5411392777442        1060.5427178119000     
           0           0         209   12.250000000000000        14.000000000000000        1922.9110900383102        3.0913622620606457E-002   4597.0822785554856        1060.5427178118998     
           0           0         210   8.7500000000000000        12.250000000000000        1937.4745499187702        3.1205249865609696E-002   2298.5411392777437        1060.5427178119000     
           0           0         211   0.0000000000000000        10.500000000000000        2145.3144686106734        3.4505667228604875E-002   2298.5411392777442        1060.5427178119000     
           0           0         212  0.87500000000000000        10.500000000000000        2120.4461853891903        3.4135780991798023E-002   2298.5411392777442        1060.5427178119000     
           0           0         213   1.7500000000000000        10.500000000000000        2093.9315624344977        3.3735514679383342E-002   4597.0822785554856        1060.5427178118998     
           0           0         214   2.6250000000000000        10.500000000000000        2065.5842775669080        3.3301630036469021E-002   2298.5411392777442        1060.5427178119000     
           0           0         215   3.5000000000000000        10.500000000000000        2035.9942210473871        3.2839509799596392E-002   4597.0822785554856        1060.5427178118998     
           0           0         216   17.500000000000000        17.500000000000000        1916.1993226138129        3.0651327758898825E-002   2298.5411392777432        1060.5427178119000     
           0           0         217   13.125000000000000        14.000000000000000        1924.8910528109543        3.0925287584748284E-002   2298.5411392777442        1060.5427178119000     
           0           0         218   15.750000000000000        15.750000000000000        1919.1960570157230        3.0752557875936677E-002   2298.5411392777437        1060.5427178119000     
           0           0         219   4.3750000000000000        10.500000000000000        2010.8003691035517        3.2443557537516612E-002   2298.5411392777442        1060.5427178119000     
           0           0         220   5.2500000000000000        10.500000000000000        1980.1595334369913        3.1950492124928280E-002   4597.0822785554856        1060.5427178118998     
           0           0         221   10.500000000000000        12.250000000000000        1922.2413059790254        3.0928334480108812E-002   2298.5411392777437        1060.5427178119000     
           0           0         222   14.000000000000000        14.000000000000000        1924.7591090551350        3.0902733221431986E-002   4597.0822785554856        1060.5427178118998     
           0           0         223   6.1250000000000000        10.500000000000000        1970.4948379784726        3.1786224201620569E-002   2298.5411392777442        1060.5427178119000     
           0           0         224   7.0000000000000000        10.500000000000000        1957.7697893834404        3.1566843016326493E-002   4597.0822785554856        1060.5427178118998     
           0           0         225   14.875000000000000        14.000000000000000        1928.8679088109864        3.0947860885684950E-002   2298.5411392777442        1060.5427178119000     
           0           0         226   7.8750000000000000        10.500000000000000        1946.6657994268451        3.1376973479332534E-002   2298.5411392777442        1060.5427178119000     
           0           0         227   12.250000000000000        12.250000000000000        1924.3252779728741        3.0929789053971569E-002   2298.5411392777437        1060.5427178119000     
           0           0         228   17.500000000000000        15.750000000000000        1926.9327815843073        3.0830686717909440E-002   1149.2705696388718        1060.5427178119000     
           0           0         229   8.7500000000000000        10.500000000000000        1934.9013988932727        3.1173022647332755E-002   4597.0822785554856        1060.5427178118998     
           0           0         230   15.750000000000000        14.000000000000000        1933.9841551139266        3.1006710383931425E-002   4597.0822785554856        1060.5427178118998     
           0           0         231   0.0000000000000000        8.7500000000000000        2119.9524552448411        3.4085201238276033E-002   1149.2705696388721        1060.5427178119000     
           0           0         232   1.7500000000000000        8.7500000000000000        2059.9352955966765        3.3173619455284277E-002   2298.5411392777437        1060.5427178119000     
           0           0         233   9.6250000000000000        10.500000000000000        1931.3498425924322        3.1102313624139240E-002   2298.5411392777442        1060.5427178119000     
           0           0         234   3.5000000000000000        8.7500000000000000        2002.1321312341847        3.2268218696648206E-002   2298.5411392777437        1060.5427178119000     
           0           0         235   10.500000000000000        10.500000000000000        1927.1215411245430        3.1017983809158250E-002   4597.0822785554856        1060.5427178118998     
           0           0         236   14.000000000000000        12.250000000000000        1930.6555744479042        3.0995363198507847E-002   2298.5411392777437        1060.5427178119000     
           0           0         237   5.2500000000000000        8.7500000000000000        1963.1990461863829        3.1640180562403454E-002   2298.5411392777437        1060.5427178119000     
           0           0         238   16.625000000000000        14.000000000000000        1937.1683565394187        3.1033268782027754E-002   2298.5411392777442        1060.5427178119000     
           0           0         239   11.375000000000000        10.500000000000000        1929.7547058611688        3.1045440479831547E-002   2298.5411392777442        1060.5427178119000     
           0           0         240   7.0000000000000000        8.7500000000000000        1945.5938128471657        3.1339346558674354E-002   2298.5411392777437        1060.5427178119000     
           0           0         241   17.500000000000000        14.000000000000000        1940.9183815778770        3.1070452902047810E-002   2298.5411392777432        1060.5427178119000     
           0           0         242   12.250000000000000        10.500000000000000        1931.3178651804762        3.1055301794511131E-002   4597.0822785554856        1060.5427178118998     
           0           0         243   15.750000000000000        12.250000000000000        1942.9486596650031        3.1153902706347096E-002   2298.5411392777437        1060.5427178119000     
           0           0         244   8.7500000000000000        8.7500000000000000        1930.5796900616215        3.1077029676849319E-002   2298.5411392777437        1060.5427178119000     
           0           0         245   13.125000000000000        10.500000000000000        1934.8399067985854        3.1094778733091587E-002   2298.5411392777442        1060.5427178119000     
           0           0         246   0.0000000000000000        7.0000000000000000        2103.2022891474890        3.3811621401850081E-002   2298.5411392777442        1060.5427178119000     
           0           0         247  0.87500000000000000        7.0000000000000000        2071.0369266571602        3.3324568149561355E-002   2298.5411392777442        1060.5427178119000     
           0           0         248   1.7500000000000000        7.0000000000000000        2037.7742564097769        3.2810852397557211E-002   4597.0822785554856        1060.5427178118998     
           0           0         249   2.6250000000000000        7.0000000000000000        2013.6451318044619        3.2434994306867533E-002   2298.5411392777442        1060.5427178119000     
           0           0         250   3.5000000000000000        7.0000000000000000        1985.0289861875076        3.1978966603107853E-002   4597.0822785554856        1060.5427178118998     
           0           0         251   14.000000000000000        10.500000000000000        1939.9160251707267        3.1156712305629553E-002   4597.0822785554856        1060.5427178118998     
           0           0         252   10.500000000000000        8.7500000000000000        1929.5755128254946        3.1039031538337633E-002   2298.5411392777437        1060.5427178119000     
           0           0         253   4.3750000000000000        7.0000000000000000        1972.0872575636522        3.1770789525391328E-002   2298.5411392777442        1060.5427178119000     
           0           0         254   5.2500000000000000        7.0000000000000000        1959.5458835842701        3.1561752657751053E-002   4597.0822785554856        1060.5427178118998     
           0           0         255   6.1250000000000000        7.0000000000000000        1950.9481044316753        3.1417792488154649E-002   2298.5411392777442        1060.5427178119000     
           0           0         256   14.875000000000000        10.500000000000000        1946.3523315431032        3.1241828809827635E-002   2298.5411392777442        1060.5427178119000     
           0           0         257   17.500000000000000        12.250000000000000        1953.3520772867387        3.1276074829083157E-002   1149.2705696388718        1060.5427178119000     
           0           0         258   7.0000000000000000        7.0000000000000000        1939.8672470908684        3.1233800283692797E-002   4597.0822785554856        1060.5427178118998     
           0           0         259   12.250000000000000        8.7500000000000000        1935.1168301304156        3.1105094263804728E-002   2298.5411392777437        1060.5427178119000     
           0           0         260   7.8750000000000000        7.0000000000000000        1936.6837499898854        3.1176423663661763E-002   2298.5411392777442        1060.5427178119000     
           0           0         261   15.750000000000000        10.500000000000000        1952.3907335812942        3.1319974087046870E-002   4597.0822785554856        1060.5427178118998     
           0           0         262   8.7500000000000000        7.0000000000000000        1932.0780981659905        3.1093780572480995E-002   4597.0822785554856        1060.5427178118998     
           0           0         263   16.625000000000000        10.500000000000000        1958.5651917200366        3.1397918441726527E-002   2298.5411392777442        1060.5427178119000     
           0           0         264   9.6250000000000000        7.0000000000000000        1932.2418346267709        3.1088782299236624E-002   2298.5411392777442        1060.5427178119000     
           0           0         265   14.000000000000000        8.7500000000000000        1948.6369400579031        3.1291384116464344E-002   2298.5411392777437        1060.5427178119000     
           0           0         266   0.0000000000000000        5.2500000000000000        2069.6261534913456        3.3256459263676902E-002   1149.2705696388721        1060.5427178119000     
           0           0         267   1.7500000000000000        5.2500000000000000        2013.4620891241739        3.2385956737401481E-002   2298.5411392777437        1060.5427178119000     
           0           0         268   10.500000000000000        7.0000000000000000        1933.5978952933126        3.1100911409431095E-002   4597.0822785554856        1060.5427178118998     
           0           0         269   3.5000000000000000        5.2500000000000000        1975.0521394481157        3.1774203809337362E-002   2298.5411392777437        1060.5427178119000     
           0           0         270   17.500000000000000        10.500000000000000        1965.8639255034395        3.1492804235493520E-002   2298.5411392777432        1060.5427178119000     
           0           0         271   5.2500000000000000        5.2500000000000000        1957.1997191327710        3.1481907194781639E-002   2298.5411392777437        1060.5427178119000     
           0           0         272   11.375000000000000        7.0000000000000000        1936.1375842794882        3.1132539329766177E-002   2298.5411392777442        1060.5427178119000     
           0           0         273   7.0000000000000000        5.2500000000000000        1943.5520612494377        3.1254353418875884E-002   2298.5411392777437        1060.5427178119000     
           0           0         274   12.250000000000000        7.0000000000000000        1938.4295000179241        3.1161213417466433E-002   4597.0822785554856        1060.5427178118998     
           0           0         275   15.750000000000000        8.7500000000000000        1962.1392357998175        3.1477422425252838E-002   2298.5411392777437        1060.5427178119000     
           0           0         276   13.125000000000000        7.0000000000000000        1946.1916785272347        3.1271995642072108E-002   2298.5411392777442        1060.5427178119000     
           0           0         277   8.7500000000000000        5.2500000000000000        1938.9459300705216        3.1171044394775624E-002   2298.5411392777437        1060.5427178119000     
           0           0         278   14.000000000000000        7.0000000000000000        1954.3483439103388        3.1389198512385613E-002   4597.0822785554856        1060.5427178118998     
           0           0         279   0.0000000000000000        3.5000000000000000        2039.1575600784347        3.2743833988795046E-002   2298.5411392777442        1060.5427178119000     
           0           0         280  0.87500000000000000        3.5000000000000000        2019.8939367769181        3.2448649419066208E-002   2298.5411392777442        1060.5427178119000     
           0           0         281   10.500000000000000        5.2500000000000000        1941.8980669750313        3.1206371678451677E-002   2298.5411392777437        1060.5427178119000     
           0           0         282   17.500000000000000        8.7500000000000000        1980.0513978941865        3.1727029585597498E-002   1149.2705696388718        1060.5427178119000     
           0           0         283   1.7500000000000000        3.5000000000000000        1996.0665807774376        3.2071144596132528E-002   4597.0822785554856        1060.5427178118998     
           0           0         284   2.6250000000000000        3.5000000000000000        1985.2369303810119        3.1899533991806964E-002   2298.5411392777442        1060.5427178119000     
           0           0         285   3.5000000000000000        3.5000000000000000        1971.8855628084698        3.1684812085056344E-002   4597.0822785554856        1060.5427178118998     
           0           0         286   14.875000000000000        7.0000000000000000        1959.2791461589688        3.1455471651730592E-002   2298.5411392777442        1060.5427178119000     
           0           0         287   4.3750000000000000        3.5000000000000000        1966.4313697806410        3.1596532216038323E-002   2298.5411392777442        1060.5427178119000     
           0           0         288   5.2500000000000000        3.5000000000000000        1958.4460140369890        3.1465654550104541E-002   4597.0822785554856        1060.5427178118998     
           0           0         289   6.1250000000000000        3.5000000000000000        1953.9465045541974        3.1391292909868120E-002   2298.5411392777442        1060.5427178119000     
           0           0         290   15.750000000000000        7.0000000000000000        1967.1231714517967        3.1567471600748888E-002   4597.0822785554856        1060.5427178118998     
           0           0         291   12.250000000000000        5.2500000000000000        1949.9372436443696        3.1324824279765857E-002   2298.5411392777437        1060.5427178119000     
           0           0         292   7.0000000000000000        3.5000000000000000        1949.4913657077097        3.1315673077736791E-002   4597.0822785554856        1060.5427178118998     
           0           0         293   7.8750000000000000        3.5000000000000000        1946.9758271410356        3.1273201271055158E-002   2298.5411392777442        1060.5427178119000     
           0           0         294   16.625000000000000        7.0000000000000000        1977.8689386626402        3.1723495415198713E-002   2298.5411392777442        1060.5427178119000     
           0           0         295   8.7500000000000000        3.5000000000000000        1944.1795330396628        3.1227072718176496E-002   4597.0822785554856        1060.5427178118998     
           0           0         296   14.000000000000000        5.2500000000000000        1963.2321680583191        3.1522207834097087E-002   2298.5411392777437        1060.5427178119000     
           0           0         297   9.6250000000000000        3.5000000000000000        1944.7927170728190        3.1232585188269258E-002   2298.5411392777442        1060.5427178119000     
           0           0         298   17.500000000000000        7.0000000000000000        1989.7513445828386        3.1896855359411905E-002   2298.5411392777432        1060.5427178119000     
           0           0         299   10.500000000000000        3.5000000000000000        1946.1206040734110        3.1250901046412975E-002   4597.0822785554856        1060.5427178118998     
           0           0         300   0.0000000000000000        1.7500000000000000        2016.4141847046249        3.2354283883377299E-002   1149.2705696388721        1060.5427178119000     
           0           0         301   1.7500000000000000        1.7500000000000000        1995.5889807087906        3.2027360214843960E-002   2298.5411392777437        1060.5427178119000     
           0           0         302   3.5000000000000000        1.7500000000000000        1981.7345979106933        3.1804544889954947E-002   2298.5411392777437        1060.5427178119000     
           0           0         303   11.375000000000000        3.5000000000000000        1947.8200535605179        3.1276351955747225E-002   2298.5411392777442        1060.5427178119000     
           0           0         304   15.750000000000000        5.2500000000000000        1980.9126068297769        3.1786390950305825E-002   2298.5411392777437        1060.5427178119000     
           0           0         305   5.2500000000000000        1.7500000000000000        1972.9738313810501        3.1659760055036797E-002   2298.5411392777437        1060.5427178119000     
           0           0         306   12.250000000000000        3.5000000000000000        1953.7294001218070        3.1369067642017343E-002   4597.0822785554856        1060.5427178118998     
           0           0         307   7.0000000000000000        1.7500000000000000        1967.4921246442968        3.1567873935903906E-002   2298.5411392777437        1060.5427178119000     
           0           0         308   13.125000000000000        3.5000000000000000        1957.6382913562800        3.1429620744931878E-002   2298.5411392777442        1060.5427178119000     
           0           0         309   8.7500000000000000        1.7500000000000000        1964.3728258893962        3.1515076857241246E-002   2298.5411392777437        1060.5427178119000     
           0           0         310   14.000000000000000        3.5000000000000000        1962.2697734474364        3.1504231638381633E-002   4597.0822785554856        1060.5427178118998     
           0           0         311   17.500000000000000        5.2500000000000000        2005.6656680438732        3.2158060908766432E-002   1149.2705696388718        1060.5427178119000     
           0           0         312   14.875000000000000        3.5000000000000000        1971.5674829023678        3.1646818170365749E-002   2298.5411392777442        1060.5427178119000     
           0           0         313   10.500000000000000        1.7500000000000000        1966.5155983649165        3.1546491612635480E-002   2298.5411392777437        1060.5427178119000     
           0           0         314   0.0000000000000000        0.0000000000000000        2004.2981982339752        3.2137545383771018E-002   1149.2705696388716        1060.5427178118996     
           0           0         315  0.87500000000000000        0.0000000000000000        2006.4115401536369        3.2173261640330957E-002   1149.2705696388718        1060.5427178119000     
           0           0         316   1.7500000000000000        0.0000000000000000        2002.8220928714777        3.2110424124794729E-002   2298.5411392777442        1060.5427178119000     
           0           0         317   2.6250000000000000        0.0000000000000000        2001.1113268134764        3.2081094012003430E-002   1149.2705696388718        1060.5427178119000     
           0           0         318   3.5000000000000000        0.0000000000000000        1996.1855301064443        3.1997436084687289E-002   2298.5411392777442        1060.5427178119000     
           0           0         319   15.750000000000000        3.5000000000000000        1983.0569424167272        3.1826724241776960E-002   4597.0822785554856        1060.5427178118998     
           0           0         320   4.3750000000000000        0.0000000000000000        1992.4193134867764        3.1932962539111015E-002   1149.2705696388718        1060.5427178119000     
           0           0         321   5.2500000000000000        0.0000000000000000        1987.6089379234352        3.1851701791153285E-002   2298.5411392777442        1060.5427178119000     
           0           0         322   12.250000000000000        1.7500000000000000        1973.0494838067339        3.1651822589999962E-002   2298.5411392777437        1060.5427178119000     
           0           0         323   6.1250000000000000        0.0000000000000000        1984.1807536633712        3.1793612961355210E-002   1149.2705696388718        1060.5427178119000     
           0           0         324   16.625000000000000        3.5000000000000000        1994.2053830440548        3.1998962328520238E-002   2298.5411392777442        1060.5427178119000     
           0           0         325   7.0000000000000000        0.0000000000000000        1981.4860858689372        3.1748693530964933E-002   2298.5411392777442        1060.5427178119000     
           0           0         326   7.8750000000000000        0.0000000000000000        1978.7562367416206        3.1701866486344953E-002   1149.2705696388718        1060.5427178119000     
           0           0         327   17.500000000000000        3.5000000000000000        2009.3973290178876        3.2235902664482972E-002   2298.5411392777432        1060.5427178119000     
           0           0         328   8.7500000000000000        0.0000000000000000        1977.4774225083568        3.1679961448273113E-002   2298.5411392777442        1060.5427178119000     
           0           0         329   14.000000000000000        1.7500000000000000        1982.3515274027088        3.1804851653320310E-002   2298.5411392777437        1060.5427178119000     
           0           0         330   9.6250000000000000        0.0000000000000000        1976.8688420070528        3.1670884693201909E-002   1149.2705696388718        1060.5427178119000     
           0           0         331   10.500000000000000        0.0000000000000000        1976.8672307511238        3.1673134075450388E-002   2298.5411392777442        1060.5427178119000     
           0           0         332   15.750000000000000        1.7500000000000000        2001.4691882462521        3.2112425667542174E-002   2298.5411392777437        1060.5427178119000     
           0           0         333   11.375000000000000        0.0000000000000000        1977.3702456375427        3.1682218581736157E-002   1149.2705696388718        1060.5427178119000     
           0           0         334   12.250000000000000        0.0000000000000000        1981.4867988746878        3.1753099490649965E-002   2298.5411392777442        1060.5427178119000     
           0           0         335   13.125000000000000        0.0000000000000000        1984.4203335485504        3.1805190734633282E-002   1149.2705696388718        1060.5427178119000     
           0           0         336   17.500000000000000        1.7500000000000000        2024.8999222989592        3.2488148685485323E-002   1149.2705696388718        1060.5427178119000     
           0           0         337   14.000000000000000        0.0000000000000000        1988.5636038372052        3.1877982564930733E-002   2298.5411392777442        1060.5427178119000     
           0           0         338   14.875000000000000        0.0000000000000000        1992.4557457436731        3.1947006786890116E-002   1149.2705696388718        1060.5427178119000     
           0           0         339   15.750000000000000        0.0000000000000000        2001.2237152690802        3.2098270878961437E-002   2298.5411392777442        1060.5427178119000     
           0           0         340   16.625000000000000        0.0000000000000000        2008.6962758899376        3.2226507348673460E-002   1149.2705696388718        1060.5427178119000     
           0           0         341   17.500000000000000        0.0000000000000000        2019.7005336269881        3.2411520330172694E-002   1149.2705696388721        1060.5427178119000     
