           0           0           1   0.0000000000000000        35.000000000000000        1390.7456179796418        2.0304209903412765E-002   1172.6671804176985        1074.2351792567206     
           0           0           2  0.87500000000000000        35.000000000000000        1397.9053008626749        2.0468974201712047E-002   1172.6671804176985        1074.2351792567206     
           0           0           3   0.0000000000000000        33.250000000000000        1467.8460830745287        2.2042912570570127E-002   1172.6671804176985        1074.2351792567206     
           0           0           4   1.7500000000000000        35.000000000000000        1407.2954460460953        2.0681473985403050E-002   2345.3343608353966        1074.2351792567206     
           0           0           5   1.7500000000000000        33.250000000000000        1491.6386851109651        2.2549860173949405E-002   2345.3343608353975        1074.2351792567206     
           0           0           6   2.6250000000000000        35.000000000000000        1417.5056134524707        2.0912452583099393E-002   1172.6671804176985        1074.2351792567206     
           0           0           7   0.0000000000000000        31.500000000000000        1541.8722280639383        2.3614597951129350E-002   2345.3343608353966        1074.2351792567208     
           0           0           8   3.5000000000000000        35.000000000000000        1431.2554242566307        2.1219834960182472E-002   2345.3343608353966        1074.2351792567206     
           0           0           9  0.87500000000000000        31.500000000000000        1555.4242895862672        2.3886291332037055E-002   2345.3343608353975        1074.2351792567206     
           0           0          10   3.5000000000000000        33.250000000000000        1520.9181415062831        2.3168404788540806E-002   2345.3343608353975        1074.2351792567206     
           0           0          11   1.7500000000000000        31.500000000000000        1570.3050053086083        2.4187385257514085E-002   4690.6687216707942        1074.2351792567206     
           0           0          12   2.6250000000000000        31.500000000000000        1586.6141551992960        2.4516367244699938E-002   2345.3343608353975        1074.2351792567206     
           0           0          13   4.3750000000000000        35.000000000000000        1442.5295930736415        2.1472270539613415E-002   1172.6671804176985        1074.2351792567206     
           0           0          14   3.5000000000000000        31.500000000000000        1605.7649872133809        2.4897436049458398E-002   4690.6687216707942        1074.2351792567206     
           0           0          15   0.0000000000000000        29.750000000000000        1647.5867714242231        2.5763236684368966E-002   1172.6671804176985        1074.2351792567206     
           0           0          16   5.2500000000000000        35.000000000000000        1458.5650126444252        2.1828400306793460E-002   2345.3343608353966        1074.2351792567206     
           0           0          17   1.7500000000000000        29.750000000000000        1681.4572314096317        2.6404052724715077E-002   2345.3343608353975        1074.2351792567206     
           0           0          18   5.2500000000000000        33.250000000000000        1556.9319935448420        2.3917495743747290E-002   2345.3343608353975        1074.2351792567206     
           0           0          19   4.3750000000000000        31.500000000000000        1626.2579583331465        2.5302042618723142E-002   2345.3343608353975        1074.2351792567206     
           0           0          20   6.1250000000000000        35.000000000000000        1479.7114187509983        2.2289097805103304E-002   1172.6671804176985        1074.2351792567206     
           0           0          21   3.5000000000000000        29.750000000000000        1722.6425804481478        2.7170703275292932E-002   2345.3343608353975        1074.2351792567206     
           0           0          22   5.2500000000000000        31.500000000000000        1649.3961064660516        2.5750174936024394E-002   4690.6687216707942        1074.2351792567206     
           0           0          23   0.0000000000000000        28.000000000000000        1735.7811185268122        2.7449961834624840E-002   2345.3343608353966        1074.2351792567208     
           0           0          24   7.0000000000000000        35.000000000000000        1499.1336629703517        2.2708862397663312E-002   2345.3343608353966        1074.2351792567206     
           0           0          25   6.1250000000000000        31.500000000000000        1671.5045502337057        2.6178523092741091E-002   2345.3343608353975        1074.2351792567206     
           0           0          26  0.87500000000000000        28.000000000000000        1757.8111494869927        2.7848667458072213E-002   2345.3343608353975        1074.2351792567206     
           0           0          27   7.0000000000000000        33.250000000000000        1600.1369582912498        2.4796688772994950E-002   2345.3343608353975        1074.2351792567206     
           0           0          28   1.7500000000000000        28.000000000000000        1781.6074590367139        2.8272453810298886E-002   4690.6687216707942        1074.2351792567206     
           0           0          29   5.2500000000000000        29.750000000000000        1765.9363431111519        2.7960550854785701E-002   2345.3343608353975        1074.2351792567206     
           0           0          30   2.6250000000000000        28.000000000000000        1802.3899180078909        2.8637950188230690E-002   2345.3343608353975        1074.2351792567206     
           0           0          31   7.0000000000000000        31.500000000000000        1699.2812999516166        2.6706229874927781E-002   4690.6687216707942        1074.2351792567206     
           0           0          32   3.5000000000000000        28.000000000000000        1827.7702349255651        2.9083462345530095E-002   4690.6687216707942        1074.2351792567206     
           0           0          33   7.8750000000000000        35.000000000000000        1522.2361185145055        2.3200681456074332E-002   1172.6671804176985        1074.2351792567206     
           0           0          34   4.3750000000000000        28.000000000000000        1848.4220728332457        2.9436877211787886E-002   2345.3343608353975        1074.2351792567206     
           0           0          35   7.8750000000000000        31.500000000000000        1728.2994681351606        2.7250391967522193E-002   2345.3343608353975        1074.2351792567206     
           0           0          36   8.7500000000000000        35.000000000000000        1552.1350781029046        2.3825178468030825E-002   2345.3343608353966        1074.2351792567206     
           0           0          37   0.0000000000000000        26.250000000000000        1828.2279810188741        2.9153483032042141E-002   1172.6671804176985        1074.2351792567206     
           0           0          38   7.0000000000000000        29.750000000000000        1821.8869807274191        2.8957188668376065E-002   2345.3343608353975        1074.2351792567206     
           0           0          39   5.2500000000000000        28.000000000000000        1874.4145403933776        2.9884026076213158E-002   4690.6687216707942        1074.2351792567206     
           0           0          40   8.7500000000000000        33.250000000000000        1652.2516135410165        2.5830647239956601E-002   2345.3343608353975        1074.2351792567206     
           0           0          41   1.7500000000000000        26.250000000000000        1877.9984107945947        3.0002731742867744E-002   2345.3343608353975        1074.2351792567206     
           0           0          42   6.1250000000000000        28.000000000000000        1897.9648573240959        3.0277973747043867E-002   2345.3343608353975        1074.2351792567206     
           0           0          43   8.7500000000000000        31.500000000000000        1764.9303477772589        2.7923719351309495E-002   4690.6687216707942        1074.2351792567206     
           0           0          44   3.5000000000000000        26.250000000000000        1923.7642123040318        3.0764525273640937E-002   2345.3343608353975        1074.2351792567206     
           0           0          45   9.6250000000000000        35.000000000000000        1573.5728467277017        2.4278145741074238E-002   1172.6671804176985        1074.2351792567206     
           0           0          46   7.0000000000000000        28.000000000000000        1926.7818309197328        3.0760881163893639E-002   4690.6687216707942        1074.2351792567206     
           0           0          47   8.7500000000000000        29.750000000000000        1883.6119893593093        3.0029021793513518E-002   2345.3343608353975        1074.2351792567206     
           0           0          48   5.2500000000000000        26.250000000000000        1967.1087218107327        3.1471127711281167E-002   2345.3343608353975        1074.2351792567206     
           0           0          49   9.6250000000000000        31.500000000000000        1796.1949411664464        2.8489348229551920E-002   2345.3343608353975        1074.2351792567206     
           0           0          50   10.500000000000000        35.000000000000000        1595.2960762747152        2.4727681037575361E-002   2345.3343608353966        1074.2351792567206     
           0           0          51   0.0000000000000000        24.500000000000000        1911.2479714547833        3.0612280308954427E-002   2345.3343608353966        1074.2351792567208     
           0           0          52   7.8750000000000000        28.000000000000000        1949.0896795810227        3.1129111884812689E-002   2345.3343608353975        1074.2351792567206     
           0           0          53  0.87500000000000000        24.500000000000000        1936.0988750109025        3.1020080995525459E-002   2345.3343608353975        1074.2351792567206     
           0           0          54   1.7500000000000000        24.500000000000000        1963.5656232722511        3.1466762576125372E-002   4690.6687216707942        1074.2351792567206     
           0           0          55   10.500000000000000        33.250000000000000        1726.5642961887356        2.7252419708658528E-002   2345.3343608353975        1074.2351792567206     
           0           0          56   2.6250000000000000        24.500000000000000        1983.6699270494175        3.1786404867195923E-002   2345.3343608353975        1074.2351792567206     
           0           0          57   3.5000000000000000        24.500000000000000        2005.9531983417442        3.2142048526917759E-002   4690.6687216707942        1074.2351792567206     
           0           0          58   10.500000000000000        31.500000000000000        1846.5875832897939        2.9382150279898815E-002   4690.6687216707942        1074.2351792567206     
           0           0          59   8.7500000000000000        28.000000000000000        1982.1618137552186        3.1674190757272215E-002   4690.6687216707942        1074.2351792567206     
           0           0          60   7.0000000000000000        26.250000000000000        2006.9472262373561        3.2113370155716810E-002   2345.3343608353975        1074.2351792567206     
           0           0          61   11.375000000000000        35.000000000000000        1643.4966048148997        2.5685824878113460E-002   1172.6671804176985        1074.2351792567206     
           0           0          62   4.3750000000000000        24.500000000000000        2024.8321709935210        3.2437680762568769E-002   2345.3343608353975        1074.2351792567206     
           0           0          63   10.500000000000000        29.750000000000000        1955.0336480357091        3.1231102121359176E-002   2345.3343608353975        1074.2351792567206     
           0           0          64   5.2500000000000000        24.500000000000000        2044.9089926425258        3.2752100350572473E-002   4690.6687216707942        1074.2351792567206     
           0           0          65   11.375000000000000        31.500000000000000        1895.7989633757627        3.0224331882792797E-002   2345.3343608353975        1074.2351792567206     
           0           0          66   9.6250000000000000        28.000000000000000        2003.6921312058562        3.2024718657607074E-002   2345.3343608353975        1074.2351792567206     
           0           0          67   6.1250000000000000        24.500000000000000        2055.5604650644004        3.2918234672134915E-002   2345.3343608353975        1074.2351792567206     
           0           0          68   0.0000000000000000        22.750000000000000        1976.9869263334781        3.1737429433712716E-002   1172.6671804176985        1074.2351792567206     
           0           0          69   12.250000000000000        35.000000000000000        1688.6074319012864        2.6566427118606836E-002   2345.3343608353966        1074.2351792567206     
           0           0          70   12.250000000000000        33.250000000000000        1828.5962183660927        2.9111808480856198E-002   2345.3343608353975        1074.2351792567206     
           0           0          71   1.7500000000000000        22.750000000000000        2025.3548139845598        3.2503921249627421E-002   2345.3343608353975        1074.2351792567206     
           0           0          72   8.7500000000000000        26.250000000000000        2037.2248701805370        3.2601055355038842E-002   2345.3343608353975        1074.2351792567206     
           0           0          73   7.0000000000000000        24.500000000000000        2069.6502909495894        3.3142764969389671E-002   4690.6687216707942        1074.2351792567206     
           0           0          74   10.500000000000000        28.000000000000000        2035.3655190830905        3.2542216600215487E-002   4690.6687216707942        1074.2351792567206     
           0           0          75   3.5000000000000000        22.750000000000000        2062.3026843300258        3.3078373639200388E-002   2345.3343608353975        1074.2351792567206     
           0           0          76   12.250000000000000        31.500000000000000        1953.5825583391145        3.1195751090454811E-002   4690.6687216707942        1074.2351792567206     
           0           0          77   7.8750000000000000        24.500000000000000        2074.4664808790189        3.3222534083765923E-002   2345.3343608353975        1074.2351792567206     
           0           0          78   13.125000000000000        35.000000000000000        1721.4212015698724        2.7211312773413557E-002   1172.6671804176985        1074.2351792567206     
           0           0          79   5.2500000000000000        22.750000000000000        2083.9861728611240        3.3410742536862610E-002   2345.3343608353975        1074.2351792567206     
           0           0          80   12.250000000000000        29.750000000000000        2022.2722982367918        3.2333218536228253E-002   2345.3343608353975        1074.2351792567206     
           0           0          81   11.375000000000000        28.000000000000000        2046.4606623819138        3.2728373385369929E-002   2345.3343608353975        1074.2351792567206     
           0           0          82   13.125000000000000        31.500000000000000        2014.8327622899226        3.2199960424241947E-002   2345.3343608353975        1074.2351792567206     
           0           0          83   10.500000000000000        26.250000000000000        2050.7859720525717        3.2826156482478372E-002   2345.3343608353975        1074.2351792567206     
           0           0          84   8.7500000000000000        24.500000000000000        2080.8712880170610        3.3329215720470998E-002   4690.6687216707942        1074.2351792567206     
           0           0          85   0.0000000000000000        21.000000000000000        2045.7165333782573        3.2882150365674094E-002   2345.3343608353966        1074.2351792567208     
           0           0          86   14.000000000000000        35.000000000000000        1797.6458654176695        2.8636687139156666E-002   2345.3343608353966        1074.2351792567206     
           0           0          87  0.87500000000000000        21.000000000000000        2065.8950223278389        3.3191974313275550E-002   2345.3343608353975        1074.2351792567206     
           0           0          88   14.000000000000000        33.250000000000000        1973.1346328807590        3.1581869129323675E-002   2345.3343608353975        1074.2351792567206     
           0           0          89   7.0000000000000000        22.750000000000000        2082.9404880864786        3.3398537757767841E-002   2345.3343608353975        1074.2351792567206     
           0           0          90   12.250000000000000        28.000000000000000        2062.1028356697789        3.2994318351357972E-002   4690.6687216707942        1074.2351792567206     
           0           0          91   1.7500000000000000        21.000000000000000        2088.0003335747369        3.3530841777570826E-002   4690.6687216707942        1074.2351792567206     
           0           0          92   9.6250000000000000        24.500000000000000        2075.4862755124000        3.3252537768192342E-002   2345.3343608353975        1074.2351792567206     
           0           0          93   2.6250000000000000        21.000000000000000        2100.3564594606278        3.3717238543230554E-002   2345.3343608353975        1074.2351792567206     
           0           0          94   14.000000000000000        31.500000000000000        2090.2162529982438        3.3402677407834487E-002   4690.6687216707942        1074.2351792567206     
           0           0          95   3.5000000000000000        21.000000000000000        2116.2524776968471        3.3958897498150696E-002   4690.6687216707942        1074.2351792567206     
           0           0          96   4.3750000000000000        21.000000000000000        2117.9307935386237        3.3984003616632806E-002   2345.3343608353975        1074.2351792567206     
           0           0          97   10.500000000000000        24.500000000000000        2064.5972572446876        3.3090005745498738E-002   4690.6687216707942        1074.2351792567206     
           0           0          98   13.125000000000000        28.000000000000000        2054.4258503752490        3.2892804053768578E-002   2345.3343608353975        1074.2351792567206     
           0           0          99   14.875000000000000        35.000000000000000        1867.9020189361404        2.9896689645271275E-002   1172.6671804176985        1074.2351792567206     
           0           0         100   14.000000000000000        29.750000000000000        2052.8008383050146        3.2847901851684187E-002   2345.3343608353975        1074.2351792567206     
           0           0         101   5.2500000000000000        21.000000000000000        2120.7452473939024        3.4028463609049181E-002   4690.6687216707942        1074.2351792567206     
           0           0         102   8.7500000000000000        22.750000000000000        2065.9066283984821        3.3137370203600018E-002   2345.3343608353975        1074.2351792567206     
           0           0         103   12.250000000000000        26.250000000000000        2022.7512419429963        3.2399893528946198E-002   2345.3343608353975        1074.2351792567206     
           0           0         104   6.1250000000000000        21.000000000000000        2112.4614472574699        3.3905159201968973E-002   2345.3343608353975        1074.2351792567206     
           0           0         105   14.875000000000000        31.500000000000000        2096.1708565474755        3.3513569934260974E-002   2345.3343608353975        1074.2351792567206     
           0           0         106   11.375000000000000        24.500000000000000        2044.6112238146488        3.2789787180357667E-002   2345.3343608353975        1074.2351792567206     
           0           0         107   14.000000000000000        28.000000000000000        2010.4595459434886        3.2203628149178695E-002   4690.6687216707942        1074.2351792567206     
           0           0         108   7.0000000000000000        21.000000000000000        2102.1409553801700        3.3755087513340283E-002   4690.6687216707942        1074.2351792567206     
           0           0         109   0.0000000000000000        19.250000000000000        2086.0847619608739        3.3539027857783316E-002   1172.6671804176985        1074.2351792567206     
           0           0         110   15.750000000000000        35.000000000000000        2006.0461365619094        3.2205153484390098E-002   2345.3343608353966        1074.2351792567206     
           0           0         111   15.750000000000000        33.250000000000000        2127.4578939594926        3.3986737856222700E-002   2345.3343608353975        1074.2351792567206     
           0           0         112   1.7500000000000000        19.250000000000000        2115.2525407840058        3.3982297169559375E-002   2345.3343608353975        1074.2351792567206     
           0           0         113   7.8750000000000000        21.000000000000000        2088.0491923214436        3.3539368952938492E-002   2345.3343608353975        1074.2351792567206     
           0           0         114   3.5000000000000000        19.250000000000000        2123.9020766506910        3.4111732039500776E-002   2345.3343608353975        1074.2351792567206     
           0           0         115   10.500000000000000        22.750000000000000        2020.0287367523547        3.2419923881063212E-002   2345.3343608353975        1074.2351792567206     
           0           0         116   15.750000000000000        31.500000000000000        2190.0741337932936        3.4990343975460934E-002   4690.6687216707942        1074.2351792567206     
           0           0         117   12.250000000000000        24.500000000000000        2010.2811431672221        3.2253362338021417E-002   4690.6687216707942        1074.2351792567206     
           0           0         118   14.875000000000000        28.000000000000000        1988.9455468310973        3.1886875039121125E-002   2345.3343608353975        1074.2351792567206     
           0           0         119   14.000000000000000        26.250000000000000        1948.6284057522307        3.1222440869349694E-002   2345.3343608353975        1074.2351792567206     
           0           0         120   8.7500000000000000        21.000000000000000        2068.4277828065542        3.3234116531611672E-002   4690.6687216707942        1074.2351792567206     
           0           0         121   15.750000000000000        29.750000000000000        1961.0304747261725        3.1390568266715220E-002   2345.3343608353975        1074.2351792567206     
           0           0         122   5.2500000000000000        19.250000000000000        2104.4108482763136        3.3818063405123888E-002   2345.3343608353975        1074.2351792567206     
           0           0         123   16.625000000000000        35.000000000000000        2554.2821226816141        4.0475869104878361E-002   1172.6671804176985        1074.2351792567206     
           0           0         124   13.125000000000000        24.500000000000000        1977.7078933763087        3.1737551520507237E-002   2345.3343608353975        1074.2351792567206     
           0           0         125   9.6250000000000000        21.000000000000000        2043.1233761022177        3.2841764902087116E-002   2345.3343608353975        1074.2351792567206     
           0           0         126   16.625000000000000        31.500000000000000        2007.1647999292106        3.2236825194114943E-002   2345.3343608353975        1074.2351792567206     
           0           0         127   7.0000000000000000        19.250000000000000        2070.0877149661915        3.3292457099121951E-002   2345.3343608353975        1074.2351792567206     
           0           0         128   15.750000000000000        28.000000000000000        1892.9730218224051        3.0287744045578525E-002   4690.6687216707942        1074.2351792567206     
           0           0         129   12.250000000000000        22.750000000000000        1958.2507342366916        3.1433087781690773E-002   2345.3343608353975        1074.2351792567206     
           0           0         130   14.000000000000000        24.500000000000000        1930.9036338283902        3.0967467540901270E-002   4690.6687216707942        1074.2351792567206     
           0           0         131   17.500000000000000        35.000000000000000        3234.5526082201759        4.8735068797731283E-002   1172.6671804176985        1074.2351792567206     
           0           0         132   0.0000000000000000        17.500000000000000        2141.6823562601026        3.4433968189902214E-002   2345.3343608353966        1074.2351792567208     
           0           0         133   10.500000000000000        21.000000000000000        2007.3148109477418        3.2271049466387008E-002   4690.6687216707942        1074.2351792567206     
           0           0         134  0.87500000000000000        17.500000000000000        2147.5850979422621        3.4522675916877604E-002   2345.3343608353975        1074.2351792567206     
           0           0         135   1.7500000000000000        17.500000000000000        2156.6612085735874        3.4662066858808051E-002   4690.6687216707942        1074.2351792567206     
           0           0         136   17.500000000000000        33.250000000000000        2314.6993458513380        3.6944837376439971E-002   1172.6671804176988        1074.2351792567206     
           0           0         137   2.6250000000000000        17.500000000000000        2153.2081767424843        3.4610986167117747E-002   2345.3343608353975        1074.2351792567206     
           0           0         138   17.500000000000000        31.500000000000000        1652.6158589169490        2.6006769176742269E-002   2345.3343608353975        1074.2351792567206     
           0           0         139   3.5000000000000000        17.500000000000000        2148.3472155594577        3.4540210203759018E-002   4690.6687216707942        1074.2351792567206     
           0           0         140   8.7500000000000000        19.250000000000000        2019.8024562280393        3.2496204158724958E-002   2345.3343608353975        1074.2351792567206     
           0           0         141   15.750000000000000        26.250000000000000        1881.4280901052668        3.0108643386745564E-002   2345.3343608353975        1074.2351792567206     
           0           0         142   4.3750000000000000        17.500000000000000        2132.7766891788729        3.4310380984665483E-002   2345.3343608353975        1074.2351792567206     
           0           0         143   11.375000000000000        21.000000000000000        1986.3342253811713        3.1936013409465662E-002   2345.3343608353975        1074.2351792567206     
           0           0         144   16.625000000000000        28.000000000000000        1873.2759254882139        2.9974406960756803E-002   2345.3343608353975        1074.2351792567206     
           0           0         145   14.875000000000000        24.500000000000000        1914.7208080529292        3.0690896324714070E-002   2345.3343608353975        1074.2351792567206     
           0           0         146   17.500000000000000        29.750000000000000        1704.1078832825226        2.6937690709497690E-002   1172.6671804176988        1074.2351792567206     
           0           0         147   5.2500000000000000        17.500000000000000        2113.6433721735148        3.4024973404167755E-002   4690.6687216707942        1074.2351792567206     
           0           0         148   6.1250000000000000        17.500000000000000        2094.2610883360294        3.3726978852055341E-002   2345.3343608353975        1074.2351792567206     
           0           0         149   14.000000000000000        22.750000000000000        1911.6562804293881        3.0653552845413261E-002   2345.3343608353975        1074.2351792567206     
           0           0         150   12.250000000000000        21.000000000000000        1950.5310648692810        3.1345773644074912E-002   4690.6687216707942        1074.2351792567206     
           0           0         151   7.0000000000000000        17.500000000000000        2070.1608383281118        3.3348660205484319E-002   4690.6687216707942        1074.2351792567206     
           0           0         152   17.500000000000000        28.000000000000000        1860.1803286792201        2.9765565329258316E-002   2345.3343608353975        1074.2351792567206     
           0           0         153   10.500000000000000        19.250000000000000        1969.2530771921965        3.1676500989287516E-002   2345.3343608353975        1074.2351792567206     
           0           0         154   15.750000000000000        24.500000000000000        1896.6158522766614        3.0372124377285366E-002   4690.6687216707942        1074.2351792567206     
           0           0         155   7.8750000000000000        17.500000000000000        2044.9136977961969        3.2955054042706849E-002   2345.3343608353975        1074.2351792567206     
           0           0         156   13.125000000000000        21.000000000000000        1941.5930976691802        3.1189245647032283E-002   2345.3343608353975        1074.2351792567206     
           0           0         157   0.0000000000000000        15.750000000000000        2156.8454520572341        3.4670115470317037E-002   1172.6671804176985        1074.2351792567206     
           0           0         158   1.7500000000000000        15.750000000000000        2150.4917864456584        3.4585638814630962E-002   2345.3343608353975        1074.2351792567206     
           0           0         159   3.5000000000000000        15.750000000000000        2121.8963048993878        3.4158884624220717E-002   2345.3343608353975        1074.2351792567206     
           0           0         160   17.500000000000000        26.250000000000000        1896.3210624938652        3.0346799508251289E-002   1172.6671804176988        1074.2351792567206     
           0           0         161   8.7500000000000000        17.500000000000000        2011.7399813477807        3.2422886209775827E-002   4690.6687216707942        1074.2351792567206     
           0           0         162   16.625000000000000        24.500000000000000        1897.8297795683854        3.0380593272391974E-002   2345.3343608353975        1074.2351792567206     
           0           0         163   14.000000000000000        21.000000000000000        1926.4523072009322        3.0922451239379884E-002   4690.6687216707942        1074.2351792567206     
           0           0         164   12.250000000000000        19.250000000000000        1933.9164213716649        3.1082969241310099E-002   2345.3343608353975        1074.2351792567206     
           0           0         165   15.750000000000000        22.750000000000000        1907.3097263046322        3.0559632106614214E-002   2345.3343608353975        1074.2351792567206     
           0           0         166   5.2500000000000000        15.750000000000000        2077.1409204228999        3.3474842804461405E-002   2345.3343608353975        1074.2351792567206     
           0           0         167   9.6250000000000000        17.500000000000000        1996.9909063315658        3.2179110807286845E-002   2345.3343608353975        1074.2351792567206     
           0           0         168   17.500000000000000        24.500000000000000        1896.5391639166257        3.0345537482110115E-002   2345.3343608353975        1074.2351792567206     
           0           0         169   10.500000000000000        17.500000000000000        1972.4924002485006        3.1771817259625718E-002   4690.6687216707942        1074.2351792567206     
           0           0         170   14.875000000000000        21.000000000000000        1927.1943202822331        3.0917802329112433E-002   2345.3343608353975        1074.2351792567206     
           0           0         171   7.0000000000000000        15.750000000000000        2022.8551800030641        3.2618008801729374E-002   2345.3343608353975        1074.2351792567206     
           0           0         172   11.375000000000000        17.500000000000000        1960.7282803934086        3.1567930270028827E-002   2345.3343608353975        1074.2351792567206     
           0           0         173   0.0000000000000000        14.000000000000000        2197.5034080833079        3.5314415651588681E-002   2345.3343608353966        1074.2351792567208     
           0           0         174  0.87500000000000000        14.000000000000000        2184.0540585666517        3.5126487849304333E-002   2345.3343608353975        1074.2351792567206     
           0           0         175   14.000000000000000        19.250000000000000        1929.2272856797899        3.0974977087830098E-002   2345.3343608353975        1074.2351792567206     
           0           0         176   1.7500000000000000        14.000000000000000        2171.1437126761398        3.4944554074504836E-002   4690.6687216707942        1074.2351792567206     
           0           0         177   15.750000000000000        21.000000000000000        1926.2466842986355        3.0882660172114215E-002   4690.6687216707942        1074.2351792567206     
           0           0         178   8.7500000000000000        15.750000000000000        1980.4732751590996        3.1925620713807161E-002   2345.3343608353975        1074.2351792567206     
           0           0         179   2.6250000000000000        14.000000000000000        2151.0964575260614        3.4647243375811626E-002   2345.3343608353975        1074.2351792567206     
           0           0         180   3.5000000000000000        14.000000000000000        2127.0592871041235        3.4286850491380041E-002   4690.6687216707942        1074.2351792567206     
           0           0         181   12.250000000000000        17.500000000000000        1945.8599696330291        3.1307061667284045E-002   4690.6687216707942        1074.2351792567206     
           0           0         182   17.500000000000000        22.750000000000000        1904.3680003265001        3.0478909957497746E-002   1172.6671804176988        1074.2351792567206     
           0           0         183   4.3750000000000000        14.000000000000000        2101.5005424787337        3.3896540596830692E-002   2345.3343608353975        1074.2351792567206     
           0           0         184   5.2500000000000000        14.000000000000000        2072.7994809025431        3.3451300999765135E-002   4690.6687216707942        1074.2351792567206     
           0           0         185   16.625000000000000        21.000000000000000        1924.2910684041644        3.0831350467813847E-002   2345.3343608353975        1074.2351792567206     
           0           0         186   6.1250000000000000        14.000000000000000        2046.5355989062996        3.3044021053855503E-002   2345.3343608353975        1074.2351792567206     
           0           0         187   13.125000000000000        17.500000000000000        1946.1643088412736        3.1291986008022972E-002   2345.3343608353975        1074.2351792567206     
           0           0         188   10.500000000000000        15.750000000000000        1953.3806010097653        3.1463210214404680E-002   2345.3343608353975        1074.2351792567206     
           0           0         189   7.0000000000000000        14.000000000000000        2013.9050576825691        3.2522513578321227E-002   4690.6687216707942        1074.2351792567206     
           0           0         190   15.750000000000000        19.250000000000000        1929.6635743174515        3.0942245405111146E-002   2345.3343608353975        1074.2351792567206     
           0           0         191   17.500000000000000        21.000000000000000        1923.2290508124634        3.0795812643192880E-002   2345.3343608353975        1074.2351792567206     
           0           0         192   14.000000000000000        17.500000000000000        1945.9802945621616        3.1266637710042913E-002   4690.6687216707942        1074.2351792567206     
           0           0         193   7.8750000000000000        14.000000000000000        2002.6706165633707        3.2331655157503039E-002   2345.3343608353975        1074.2351792567206     
           0           0         194   0.0000000000000000        12.250000000000000        2182.3651437983899        3.5076501366929885E-002   1172.6671804176985        1074.2351792567206     
           0           0         195   8.7500000000000000        14.000000000000000        1985.4907409545228        3.2039130098570817E-002   4690.6687216707942        1074.2351792567206     
           0           0         196   12.250000000000000        15.750000000000000        1942.8283917505892        3.1258645984442598E-002   2345.3343608353975        1074.2351792567206     
           0           0         197   1.7500000000000000        12.250000000000000        2142.7496108105806        3.4502950928863553E-002   2345.3343608353975        1074.2351792567206     
           0           0         198   14.875000000000000        17.500000000000000        1945.5439893673044        3.1238289297614994E-002   2345.3343608353975        1074.2351792567206     
           0           0         199   3.5000000000000000        12.250000000000000        2088.5171668490339        3.3683912417164792E-002   2345.3343608353975        1074.2351792567206     
           0           0         200   9.6250000000000000        14.000000000000000        1973.4749941114646        3.1832146030583271E-002   2345.3343608353975        1074.2351792567206     
           0           0         201   5.2500000000000000        12.250000000000000        2027.7123042849435        3.2736891126805383E-002   2345.3343608353975        1074.2351792567206     
           0           0         202   10.500000000000000        14.000000000000000        1958.6866769443207        3.1575428444106893E-002   4690.6687216707942        1074.2351792567206     
           0           0         203   15.750000000000000        17.500000000000000        1944.5292539531074        3.1199385324262405E-002   4690.6687216707942        1074.2351792567206     
           0           0         204   17.500000000000000        19.250000000000000        1931.6968792608141        3.0931406697054447E-002   1172.6671804176988        1074.2351792567206     
           0           0         205   7.0000000000000000        12.250000000000000        1988.0458011600813        3.2091761561589972E-002   2345.3343608353975        1074.2351792567206     
           0           0         206   14.000000000000000        15.750000000000000        1946.2301064786793        3.1272255029572205E-002   2345.3343608353975        1074.2351792567206     
           0           0         207   11.375000000000000        14.000000000000000        1957.2540351063158        3.1535037879247288E-002   2345.3343608353975        1074.2351792567206     
           0           0         208   16.625000000000000        17.500000000000000        1947.8618248362286        3.1227030173245688E-002   2345.3343608353975        1074.2351792567206     
           0           0         209   12.250000000000000        14.000000000000000        1955.8412208181974        3.1490739623027224E-002   4690.6687216707942        1074.2351792567206     
           0           0         210   8.7500000000000000        12.250000000000000        1967.1041270699757        3.1731474770927040E-002   2345.3343608353975        1074.2351792567206     
           0           0         211   0.0000000000000000        10.500000000000000        2195.7959781313380        3.5295780652500261E-002   2345.3343608353966        1074.2351792567208     
           0           0         212  0.87500000000000000        10.500000000000000        2169.1645697941303        3.4909285037997007E-002   2345.3343608353975        1074.2351792567206     
           0           0         213   1.7500000000000000        10.500000000000000        2141.1013158256324        3.4496164163939178E-002   4690.6687216707942        1074.2351792567206     
           0           0         214   2.6250000000000000        10.500000000000000        2109.6896482125753        3.4026608814936889E-002   2345.3343608353975        1074.2351792567206     
           0           0         215   3.5000000000000000        10.500000000000000        2076.8775201544663        3.3525323131055960E-002   4690.6687216707942        1074.2351792567206     
           0           0         216   17.500000000000000        17.500000000000000        1950.2967569540517        3.1239887076588466E-002   2345.3343608353975        1074.2351792567206     
           0           0         217   13.125000000000000        14.000000000000000        1958.2505674387958        3.1507015667805713E-002   2345.3343608353975        1074.2351792567206     
           0           0         218   15.750000000000000        15.750000000000000        1951.4503782229626        3.1311354132954251E-002   2345.3343608353975        1074.2351792567206     
           0           0         219   4.3750000000000000        10.500000000000000        2048.8615024793194        3.3094280809333076E-002   2345.3343608353975        1074.2351792567206     
           0           0         220   5.2500000000000000        10.500000000000000        2014.3597548923917        3.2549104452333930E-002   4690.6687216707942        1074.2351792567206     
           0           0         221   10.500000000000000        12.250000000000000        1952.3584126001952        3.1464032845720413E-002   2345.3343608353975        1074.2351792567206     
           0           0         222   14.000000000000000        14.000000000000000        1958.2920393421409        3.1485481150200043E-002   4690.6687216707942        1074.2351792567206     
           0           0         223   6.1250000000000000        10.500000000000000        2004.4986688221350        3.2383928546961205E-002   2345.3343608353975        1074.2351792567206     
           0           0         224   7.0000000000000000        10.500000000000000        1990.7093321598863        3.2149569646053297E-002   4690.6687216707942        1074.2351792567206     
           0           0         225   14.875000000000000        14.000000000000000        1962.4421520111500        3.1527997731143530E-002   2345.3343608353975        1074.2351792567206     
           0           0         226   7.8750000000000000        10.500000000000000        1979.3248520771317        3.1957229112986194E-002   2345.3343608353975        1074.2351792567206     
           0           0         227   12.250000000000000        12.250000000000000        1955.7951287002538        3.1483265544761857E-002   2345.3343608353975        1074.2351792567206     
           0           0         228   17.500000000000000        15.750000000000000        1958.6674909431947        3.1375828143382259E-002   1172.6671804176988        1074.2351792567206     
           0           0         229   8.7500000000000000        10.500000000000000        1966.7291078363144        3.1741451233754242E-002   4690.6687216707942        1074.2351792567206     
           0           0         230   15.750000000000000        14.000000000000000        1967.3644578423434        3.1579882109947957E-002   4690.6687216707942        1074.2351792567206     
           0           0         231   0.0000000000000000        8.7500000000000000        2170.4308144129413        3.4883975656292650E-002   1172.6671804176985        1074.2351792567206     
           0           0         232   1.7500000000000000        8.7500000000000000        2103.7137426854106        3.3894610362903782E-002   2345.3343608353975        1074.2351792567206     
           0           0         233   9.6250000000000000        10.500000000000000        1963.7733129872738        3.1679710543713234E-002   2345.3343608353975        1074.2351792567206     
           0           0         234   3.5000000000000000        8.7500000000000000        2037.9231533279321        3.2884855772359368E-002   2345.3343608353975        1074.2351792567206     
           0           0         235   10.500000000000000        10.500000000000000        1959.7958993065752        3.1598504269959513E-002   4690.6687216707942        1074.2351792567206     
           0           0         236   14.000000000000000        12.250000000000000        1962.3507567582878        3.1546272353689224E-002   2345.3343608353975        1074.2351792567206     
           0           0         237   5.2500000000000000        8.7500000000000000        1994.7337670348884        3.2200148076837076E-002   2345.3343608353975        1074.2351792567206     
           0           0         238   16.625000000000000        14.000000000000000        1969.9374558080456        3.1593375014877266E-002   2345.3343608353975        1074.2351792567206     
           0           0         239   11.375000000000000        10.500000000000000        1962.8605851576588        3.1629759306363657E-002   2345.3343608353975        1074.2351792567206     
           0           0         240   7.0000000000000000        8.7500000000000000        1976.3949563512781        3.1890467462283800E-002   2345.3343608353975        1074.2351792567206     
           0           0         241   17.500000000000000        14.000000000000000        1972.8992208354812        3.1614524028962497E-002   2345.3343608353975        1074.2351792567206     
           0           0         242   12.250000000000000        10.500000000000000        1964.5717881170415        3.1639000600203103E-002   4690.6687216707942        1074.2351792567206     
           0           0         243   15.750000000000000        12.250000000000000        1974.2860640896122        3.1690570759085150E-002   2345.3343608353975        1074.2351792567206     
           0           0         244   8.7500000000000000        8.7500000000000000        1961.0908637682658        3.1624612722549440E-002   2345.3343608353975        1074.2351792567206     
           0           0         245   13.125000000000000        10.500000000000000        1967.9013096932981        3.1671557406710536E-002   2345.3343608353975        1074.2351792567206     
           0           0         246   0.0000000000000000        7.0000000000000000        2156.6739429205600        3.4665351760213195E-002   2345.3343608353966        1074.2351792567208     
           0           0         247  0.87500000000000000        7.0000000000000000        2119.8483520088084        3.4121894141399579E-002   2345.3343608353975        1074.2351792567206     
           0           0         248   1.7500000000000000        7.0000000000000000        2081.7850269710175        3.3547735310759615E-002   4690.6687216707942        1074.2351792567206     
           0           0         249   2.6250000000000000        7.0000000000000000        2054.1425374291362        3.3126554983620285E-002   2345.3343608353975        1074.2351792567206     
           0           0         250   3.5000000000000000        7.0000000000000000        2021.0709463875226        3.2609461820594259E-002   4690.6687216707942        1074.2351792567206     
           0           0         251   14.000000000000000        10.500000000000000        1972.7541114363562        3.1725393105022814E-002   4690.6687216707942        1074.2351792567206     
           0           0         252   10.500000000000000        8.7500000000000000        1960.9551890464891        3.1596985503961277E-002   2345.3343608353975        1074.2351792567206     
           0           0         253   4.3750000000000000        7.0000000000000000        2007.6155522243755        3.2397064127664993E-002   2345.3343608353975        1074.2351792567206     
           0           0         254   5.2500000000000000        7.0000000000000000        1993.8422385022291        3.2170955182118426E-002   4690.6687216707942        1074.2351792567206     
           0           0         255   6.1250000000000000        7.0000000000000000        1984.9182178339925        3.2023403419523262E-002   2345.3343608353975        1074.2351792567206     
           0           0         256   14.875000000000000        10.500000000000000        1978.8165569992134        3.1799571302878075E-002   2345.3343608353975        1074.2351792567206     
           0           0         257   17.500000000000000        12.250000000000000        1983.3122040918067        3.1782468675879402E-002   1172.6671804176988        1074.2351792567206     
           0           0         258   7.0000000000000000        7.0000000000000000        1972.7995911588166        3.1824670830111222E-002   4690.6687216707942        1074.2351792567206     
           0           0         259   12.250000000000000        8.7500000000000000        1966.5825568668097        3.1657890876085996E-002   2345.3343608353975        1074.2351792567206     
           0           0         260   7.8750000000000000        7.0000000000000000        1969.8121294788159        3.1769871180729180E-002   2345.3343608353975        1074.2351792567206     
           0           0         261   15.750000000000000        10.500000000000000        1984.2234898179258        3.1862698111883164E-002   4690.6687216707942        1074.2351792567206     
           0           0         262   8.7500000000000000        7.0000000000000000        1965.0485026714477        3.1684117562591534E-002   4690.6687216707942        1074.2351792567206     
           0           0         263   16.625000000000000        10.500000000000000        1989.5967636986468        3.1923007321745259E-002   2345.3343608353975        1074.2351792567206     
           0           0         264   9.6250000000000000        7.0000000000000000        1965.2698442350857        3.1677822431932172E-002   2345.3343608353975        1074.2351792567206     
           0           0         265   14.000000000000000        8.7500000000000000        1979.6221304801638        3.1826750913916298E-002   2345.3343608353975        1074.2351792567206     
           0           0         266   0.0000000000000000        5.2500000000000000        2118.9723694891923        3.4056572043907718E-002   1172.6671804176985        1074.2351792567206     
           0           0         267   1.7500000000000000        5.2500000000000000        2052.7657157080075        3.3053203320909157E-002   2345.3343608353975        1074.2351792567206     
           0           0         268   10.500000000000000        7.0000000000000000        1966.6219633512280        3.1687084525368288E-002   4690.6687216707942        1074.2351792567206     
           0           0         269   3.5000000000000000        5.2500000000000000        2008.9702945488525        3.2368745678285536E-002   2345.3343608353975        1074.2351792567206     
           0           0         270   17.500000000000000        10.500000000000000        1996.0748574096117        3.1999529609387851E-002   2345.3343608353975        1074.2351792567206     
           0           0         271   5.2500000000000000        5.2500000000000000        1990.2215636467940        3.2066219400504303E-002   2345.3343608353975        1074.2351792567206     
           0           0         272   11.375000000000000        7.0000000000000000        1968.7097620986472        3.1707994537848824E-002   2345.3343608353975        1074.2351792567206     
           0           0         273   7.0000000000000000        5.2500000000000000        1975.8295149079063        3.1828533171535084E-002   2345.3343608353975        1074.2351792567206     
           0           0         274   12.250000000000000        7.0000000000000000        1970.6008449567125        3.1726812203281184E-002   4690.6687216707942        1074.2351792567206     
           0           0         275   15.750000000000000        8.7500000000000000        1991.9671943685712        3.1984415026406976E-002   2345.3343608353975        1074.2351792567206     
           0           0         276   13.125000000000000        7.0000000000000000        1977.9072836171326        3.1824849428878726E-002   2345.3343608353975        1074.2351792567206     
           0           0         277   8.7500000000000000        5.2500000000000000        1971.3042895632830        3.1744943034517067E-002   2345.3343608353975        1074.2351792567206     
           0           0         278   14.000000000000000        7.0000000000000000        1985.5903440708873        3.1928840314587134E-002   4690.6687216707942        1074.2351792567206     
           0           0         279   0.0000000000000000        3.5000000000000000        2087.1458110528979        3.3533366689002107E-002   2345.3343608353966        1074.2351792567208     
           0           0         280  0.87500000000000000        3.5000000000000000        2063.9455759261468        3.3186322834039751E-002   2345.3343608353975        1074.2351792567206     
           0           0         281   10.500000000000000        5.2500000000000000        1973.7958598762480        3.1768102310741266E-002   2345.3343608353975        1074.2351792567206     
           0           0         282   17.500000000000000        8.7500000000000000        2009.0244421547211        3.2209151670379792E-002   1172.6671804176988        1074.2351792567206     
           0           0         283   1.7500000000000000        3.5000000000000000        2034.9655770731631        3.2736555242042789E-002   4690.6687216707942        1074.2351792567206     
           0           0         284   2.6250000000000000        3.5000000000000000        2023.2997247872966        3.2555530388871358E-002   2345.3343608353975        1074.2351792567206     
           0           0         285   3.5000000000000000        3.5000000000000000        2008.3926010821256        3.2319870960136270E-002   4690.6687216707942        1074.2351792567206     
           0           0         286   14.875000000000000        7.0000000000000000        1989.7519367755153        3.1978291379459414E-002   2345.3343608353975        1074.2351792567206     
           0           0         287   4.3750000000000000        3.5000000000000000        2002.7060604335006        3.2228975218054963E-002   2345.3343608353975        1074.2351792567206     
           0           0         288   5.2500000000000000        3.5000000000000000        1993.7847503225664        3.2084677420185108E-002   4690.6687216707942        1074.2351792567206     
           0           0         289   6.1250000000000000        3.5000000000000000        1988.9912482160751        3.2005947564242423E-002   2345.3343608353975        1074.2351792567206     
           0           0         290   15.750000000000000        7.0000000000000000        1996.7566770203043        3.2071197566211788E-002   4690.6687216707942        1074.2351792567206     
           0           0         291   12.250000000000000        5.2500000000000000        1980.7891807624669        3.1862883920898533E-002   2345.3343608353975        1074.2351792567206     
           0           0         292   7.0000000000000000        3.5000000000000000        1984.1145110640073        3.1923583920376794E-002   4690.6687216707942        1074.2351792567206     
           0           0         293   7.8750000000000000        3.5000000000000000        1981.1188589818073        3.1872739945715635E-002   2345.3343608353975        1074.2351792567206     
           0           0         294   16.625000000000000        7.0000000000000000        2007.4203147558587        3.2219587069541721E-002   2345.3343608353975        1074.2351792567206     
           0           0         295   8.7500000000000000        3.5000000000000000        1977.9373217429636        3.1819942040597946E-002   4690.6687216707942        1074.2351792567206     
           0           0         296   14.000000000000000        5.2500000000000000        1992.7955217782010        3.2030529707266650E-002   2345.3343608353975        1074.2351792567206     
           0           0         297   9.6250000000000000        3.5000000000000000        1977.8619182147486        3.1812501449663889E-002   2345.3343608353975        1074.2351792567206     
           0           0         298   17.500000000000000        7.0000000000000000        2019.1963264946583        3.2384448134977345E-002   2345.3343608353975        1074.2351792567206     
           0           0         299   10.500000000000000        3.5000000000000000        1978.4481054248990        3.1816872930781767E-002   4690.6687216707942        1074.2351792567206     
           0           0         300   0.0000000000000000        1.7500000000000000        2057.3191945756012        3.3034509323629280E-002   1172.6671804176985        1074.2351792567206     
           0           0         301   1.7500000000000000        1.7500000000000000        2032.7711786585394        3.2657449719136020E-002   2345.3343608353975        1074.2351792567206     
           0           0         302   3.5000000000000000        1.7500000000000000        2017.8705651053169        3.2421944024796381E-002   2345.3343608353975        1074.2351792567206     
           0           0         303   11.375000000000000        3.5000000000000000        1979.3959457739593        3.1827979774142250E-002   2345.3343608353975        1074.2351792567206     
           0           0         304   15.750000000000000        5.2500000000000000        2009.6902253638184        3.2271488772195538E-002   2345.3343608353975        1074.2351792567206     
           0           0         305   5.2500000000000000        1.7500000000000000        2008.3915959874314        3.2267059813655401E-002   2345.3343608353975        1074.2351792567206     
           0           0         306   12.250000000000000        3.5000000000000000        1984.4826964158106        3.1903904228583295E-002   4690.6687216707942        1074.2351792567206     
           0           0         307   7.0000000000000000        1.7500000000000000        2002.3453444179615        3.2165989275753537E-002   2345.3343608353975        1074.2351792567206     
           0           0         308   13.125000000000000        3.5000000000000000        1987.3985535135459        3.1945328157220024E-002   2345.3343608353975        1074.2351792567206     
           0           0         309   8.7500000000000000        1.7500000000000000        1998.3529775599013        3.2097966654048633E-002   2345.3343608353975        1074.2351792567206     
           0           0         310   14.000000000000000        3.5000000000000000        1990.9621685676686        3.1999558976047685E-002   4690.6687216707942        1074.2351792567206     
           0           0         311   17.500000000000000        5.2500000000000000        2035.3097275569862        3.2643729609805258E-002   1172.6671804176988        1074.2351792567206     
           0           0         312   14.875000000000000        3.5000000000000000        1999.8331611083759        3.2130148763021761E-002   2345.3343608353975        1074.2351792567206     
           0           0         313   10.500000000000000        1.7500000000000000        1999.2165881510236        3.2105634600010341E-002   2345.3343608353975        1074.2351792567206     
           0           0         314   0.0000000000000000        0.0000000000000000        2044.9899321980520        3.2815069065972410E-002   1172.6671804176985        1074.2351792567206     
           0           0         315  0.87500000000000000        0.0000000000000000        2048.1919526355196        3.2868151716342560E-002   1172.6671804176988        1074.2351792567206     
           0           0         316   1.7500000000000000        0.0000000000000000        2043.7772876804349        3.2792553321030364E-002   2345.3343608353966        1074.2351792567208     
           0           0         317   2.6250000000000000        0.0000000000000000        2041.7077200672447        3.2757692771579569E-002   1172.6671804176988        1074.2351792567206     
           0           0         318   3.5000000000000000        0.0000000000000000        2035.7318640563017        3.2658035790517591E-002   2345.3343608353966        1074.2351792567208     
           0           0         319   15.750000000000000        3.5000000000000000        2011.0866126921987        3.2300585137184881E-002   4690.6687216707942        1074.2351792567206     
           0           0         320   4.3750000000000000        0.0000000000000000        2031.2431009219752        3.2582588218897222E-002   1172.6671804176988        1074.2351792567206     
           0           0         321   5.2500000000000000        0.0000000000000000        2025.3863606621369        3.2485401221834923E-002   2345.3343608353966        1074.2351792567208     
           0           0         322   12.250000000000000        1.7500000000000000        2004.2578199596710        3.2182353663885367E-002   2345.3343608353975        1074.2351792567206     
           0           0         323   6.1250000000000000        0.0000000000000000        2021.0889128923782        3.2413673232156347E-002   1172.6671804176988        1074.2351792567206     
           0           0         324   16.625000000000000        3.5000000000000000        2022.5181483445072        3.2471254941728603E-002   2345.3343608353975        1074.2351792567206     
           0           0         325   7.0000000000000000        0.0000000000000000        2017.6600467302633        3.2357126619000601E-002   2345.3343608353966        1074.2351792567208     
           0           0         326   7.8750000000000000        0.0000000000000000        2014.2323529468365        3.2299035294449857E-002   1172.6671804176988        1074.2351792567206     
           0           0         327   17.500000000000000        3.5000000000000000        2038.9904627733417        3.2721384047078687E-002   2345.3343608353975        1074.2351792567206     
           0           0         328   8.7500000000000000        0.0000000000000000        2012.2785106678755        3.2265778431728315E-002   2345.3343608353966        1074.2351792567208     
           0           0         329   14.000000000000000        1.7500000000000000        2012.2906657417639        3.2309701777312148E-002   2345.3343608353975        1074.2351792567206     
           0           0         330   9.6250000000000000        0.0000000000000000        2010.8860828920401        3.2243211683569827E-002   1172.6671804176988        1074.2351792567206     
           0           0         331   10.500000000000000        0.0000000000000000        2010.2419387504062        3.2234165640977856E-002   2345.3343608353966        1074.2351792567208     
           0           0         332   15.750000000000000        1.7500000000000000        2031.5548936386358        3.2611298675091771E-002   2345.3343608353975        1074.2351792567206     
           0           0         333   11.375000000000000        0.0000000000000000        2009.8331148015488        3.2227236159974186E-002   1172.6671804176988        1074.2351792567206     
           0           0         334   12.250000000000000        0.0000000000000000        2013.1063819074334        3.2282378729986967E-002   2345.3343608353966        1074.2351792567208     
           0           0         335   13.125000000000000        0.0000000000000000        2015.1746819564223        3.2318756078634950E-002   1172.6671804176988        1074.2351792567206     
           0           0         336   17.500000000000000        1.7500000000000000        2056.5582620938503        3.3002114038798561E-002   1172.6671804176988        1074.2351792567206     
           0           0         337   14.000000000000000        0.0000000000000000        2018.6842442733991        3.2379432335009603E-002   2345.3343608353966        1074.2351792567208     
           0           0         338   14.875000000000000        0.0000000000000000        2021.7431085464848        3.2433499192786777E-002   1172.6671804176988        1074.2351792567206     
           0           0         339   15.750000000000000        0.0000000000000000        2030.3429679297856        3.2579698080686600E-002   2345.3343608353966        1074.2351792567208     
           0           0         340   16.625000000000000        0.0000000000000000        2037.5403475864205        3.2701486780684609E-002   1172.6671804176988        1074.2351792567206     
           0           0         341   17.500000000000000        0.0000000000000000        2049.1821807951087        3.2893819240684817E-002   1172.6671804176985        1074.2351792567206     
