           0           0           1   0.0000000000000000        35.000000000000000        1391.6568301957459        2.0326636372433173E-002   1185.7275030632186        1082.1951152931435     
           0           0           2  0.87500000000000000        35.000000000000000        1397.2676840528895        2.0455374414979216E-002   1185.7275030632188        1082.1951152931433     
           0           0           3   0.0000000000000000        33.250000000000000        1471.3118884375015        2.2119031220934247E-002   1185.7275030632188        1082.1951152931433     
           0           0           4   1.7500000000000000        35.000000000000000        1408.3504772608267        2.0705781333143332E-002   2371.4550061264376        1082.1951152931435     
           0           0           5   1.7500000000000000        33.250000000000000        1493.8265678963198        2.2598161754433542E-002   2371.4550061264376        1082.1951152931433     
           0           0           6   2.6250000000000000        35.000000000000000        1418.6786849179134        2.0940492871732965E-002   1185.7275030632188        1082.1951152931433     
           0           0           7   0.0000000000000000        31.500000000000000        1545.5228690400036        2.3688639396045329E-002   2371.4550061264376        1082.1951152931435     
           0           0           8   3.5000000000000000        35.000000000000000        1431.4188429824208        2.1227083416938131E-002   2371.4550061264376        1082.1951152931435     
           0           0           9  0.87500000000000000        31.500000000000000        1557.7174686615804        2.3935242617325568E-002   2371.4550061264381        1082.1951152931433     
           0           0          10   3.5000000000000000        33.250000000000000        1524.9006271102630        2.3253444602581108E-002   2371.4550061264376        1082.1951152931433     
           0           0          11   1.7500000000000000        31.500000000000000        1573.5938515555167        2.4255728115645952E-002   4742.9100122528753        1082.1951152931433     
           0           0          12   2.6250000000000000        31.500000000000000        1591.7409566841527        2.4618337395695501E-002   2371.4550061264381        1082.1951152931433     
           0           0          13   4.3750000000000000        35.000000000000000        1448.4954270754247        2.1604117917470394E-002   1185.7275030632188        1082.1951152931433     
           0           0          14   3.5000000000000000        31.500000000000000        1609.6786962621395        2.4976293337169924E-002   4742.9100122528753        1082.1951152931433     
           0           0          15   0.0000000000000000        29.750000000000000        1649.4678459559195        2.5801801506023871E-002   1185.7275030632188        1082.1951152931433     
           0           0          16   5.2500000000000000        35.000000000000000        1465.9692744435024        2.1989234478236856E-002   2371.4550061264376        1082.1951152931435     
           0           0          17   1.7500000000000000        29.750000000000000        1688.6264516084498        2.6540886810011339E-002   2371.4550061264376        1082.1951152931433     
           0           0          18   5.2500000000000000        33.250000000000000        1561.9155144723049        2.4021885030610406E-002   2371.4550061264376        1082.1951152931433     
           0           0          19   4.3750000000000000        31.500000000000000        1631.4872334493250        2.5405309359682039E-002   2371.4550061264381        1082.1951152931433     
           0           0          20   6.1250000000000000        35.000000000000000        1479.8665974982389        2.2297401476137874E-002   1185.7275030632188        1082.1951152931433     
           0           0          21   3.5000000000000000        29.750000000000000        1731.7006983764777        2.7339489558212672E-002   2371.4550061264376        1082.1951152931433     
           0           0          22   5.2500000000000000        31.500000000000000        1652.3926059829328        2.5814293031110248E-002   4742.9100122528753        1082.1951152931433     
           0           0          23   0.0000000000000000        28.000000000000000        1743.2697913857312        2.7589638717729795E-002   2371.4550061264376        1082.1951152931435     
           0           0          24   7.0000000000000000        35.000000000000000        1503.2041884201540        2.2795963888842342E-002   2371.4550061264376        1082.1951152931435     
           0           0          25   6.1250000000000000        31.500000000000000        1678.6559515179945        2.6313959075687111E-002   2371.4550061264381        1082.1951152931433     
           0           0          26  0.87500000000000000        28.000000000000000        1764.3484547323455        2.7967617517128548E-002   2371.4550061264381        1082.1951152931433     
           0           0          27   7.0000000000000000        33.250000000000000        1606.3809642793108        2.4924234453618764E-002   2371.4550061264376        1082.1951152931433     
           0           0          28   1.7500000000000000        28.000000000000000        1789.3431895695965        2.8411525237154307E-002   4742.9100122528753        1082.1951152931433     
           0           0          29   5.2500000000000000        29.750000000000000        1781.2787995624831        2.8238149385721993E-002   2371.4550061264376        1082.1951152931433     
           0           0          30   2.6250000000000000        28.000000000000000        1812.3292146354970        2.8815533496095058E-002   2371.4550061264381        1082.1951152931433     
           0           0          31   7.0000000000000000        31.500000000000000        1708.0100012882267        2.6874049625402845E-002   4742.9100122528753        1082.1951152931433     
           0           0          32   3.5000000000000000        28.000000000000000        1836.9690934432981        2.9244892736483268E-002   4742.9100122528753        1082.1951152931433     
           0           0          33   7.8750000000000000        35.000000000000000        1520.8539046373687        2.3177523646818538E-002   1185.7275030632188        1082.1951152931433     
           0           0          34   4.3750000000000000        28.000000000000000        1860.0226799130439        2.9638692354255761E-002   2371.4550061264381        1082.1951152931433     
           0           0          35   7.8750000000000000        31.500000000000000        1739.1563580248246        2.7450224477258374E-002   2371.4550061264381        1082.1951152931433     
           0           0          36   8.7500000000000000        35.000000000000000        1554.7602979073033        2.3881209495782769E-002   2371.4550061264376        1082.1951152931435     
           0           0          37   0.0000000000000000        26.250000000000000        1837.5703491953830        2.9319132437298900E-002   1185.7275030632188        1082.1951152931433     
           0           0          38   7.0000000000000000        29.750000000000000        1834.7680503517208        2.9185736099987390E-002   2371.4550061264376        1082.1951152931433     
           0           0          39   5.2500000000000000        28.000000000000000        1883.3124798477747        3.0034693600340258E-002   4742.9100122528753        1082.1951152931433     
           0           0          40   8.7500000000000000        33.250000000000000        1662.1812539253576        2.6025150119337682E-002   2371.4550061264376        1082.1951152931433     
           0           0          41   1.7500000000000000        26.250000000000000        1889.1372350784111        3.0194287840136183E-002   2371.4550061264376        1082.1951152931433     
           0           0          42   6.1250000000000000        28.000000000000000        1911.5854313996783        3.0509878932626463E-002   2371.4550061264381        1082.1951152931433     
           0           0          43   8.7500000000000000        31.500000000000000        1775.4817312239877        2.8121017716883235E-002   4742.9100122528753        1082.1951152931433     
           0           0          44   3.5000000000000000        26.250000000000000        1936.7779788239798        3.0982710956980762E-002   2371.4550061264376        1082.1951152931433     
           0           0          45   9.6250000000000000        35.000000000000000        1573.3377212746927        2.4278240684913337E-002   1185.7275030632188        1082.1951152931433     
           0           0          46   7.0000000000000000        28.000000000000000        1939.5318866645048        3.0972857262874014E-002   4742.9100122528753        1082.1951152931433     
           0           0          47   8.7500000000000000        29.750000000000000        1899.3213453548974        3.0297961928725456E-002   2371.4550061264376        1082.1951152931433     
           0           0          48   5.2500000000000000        26.250000000000000        1982.2088387043664        3.1718599418035474E-002   2371.4550061264376        1082.1951152931433     
           0           0          49   9.6250000000000000        31.500000000000000        1812.4480831422802        2.8778855296784218E-002   2371.4550061264381        1082.1951152931433     
           0           0          50   10.500000000000000        35.000000000000000        1618.4218027437621        2.5188796706558145E-002   2371.4550061264376        1082.1951152931435     
           0           0          51   0.0000000000000000        24.500000000000000        1921.9220666642047        3.0793106364966717E-002   2371.4550061264376        1082.1951152931435     
           0           0          52   7.8750000000000000        28.000000000000000        1965.8019961050954        3.1405847602920520E-002   2371.4550061264381        1082.1951152931433     
           0           0          53  0.87500000000000000        24.500000000000000        1947.9664041532633        3.1218029808770816E-002   2371.4550061264381        1082.1951152931433     
           0           0          54   1.7500000000000000        24.500000000000000        1976.6337319821287        3.1681326787001626E-002   4742.9100122528753        1082.1951152931433     
           0           0          55   10.500000000000000        33.250000000000000        1742.6154142271660        2.7552751383045929E-002   2371.4550061264376        1082.1951152931433     
           0           0          56   2.6250000000000000        24.500000000000000        1997.8150074497091        3.2016023211504666E-002   2371.4550061264381        1082.1951152931433     
           0           0          57   3.5000000000000000        24.500000000000000        2021.2967014134704        3.2388145803132457E-002   4742.9100122528753        1082.1951152931433     
           0           0          58   10.500000000000000        31.500000000000000        1859.4053549008099        2.9607810850534256E-002   4742.9100122528753        1082.1951152931433     
           0           0          59   8.7500000000000000        28.000000000000000        1997.4610862461964        3.1922682516972577E-002   4742.9100122528753        1082.1951152931433     
           0           0          60   7.0000000000000000        26.250000000000000        2023.9928693594384        3.2387692766533645E-002   2371.4550061264376        1082.1951152931433     
           0           0          61   11.375000000000000        35.000000000000000        1652.7808006429493        2.5869958501677129E-002   1185.7275030632188        1082.1951152931433     
           0           0          62   4.3750000000000000        24.500000000000000        2041.1081955518712        3.2696170976307518E-002   2371.4550061264381        1082.1951152931433     
           0           0          63   10.500000000000000        29.750000000000000        1974.9965822856802        3.1562105071048598E-002   2371.4550061264376        1082.1951152931433     
           0           0          64   5.2500000000000000        24.500000000000000        2062.4166401123730        3.3027427273944338E-002   4742.9100122528753        1082.1951152931433     
           0           0          65   11.375000000000000        31.500000000000000        1904.1721000939328        3.0373270674896272E-002   2371.4550061264381        1082.1951152931433     
           0           0          66   9.6250000000000000        28.000000000000000        2022.8717146004080        3.2334667477759323E-002   2371.4550061264381        1082.1951152931433     
           0           0          67   6.1250000000000000        24.500000000000000        2073.8066901376455        3.3203712099130020E-002   2371.4550061264381        1082.1951152931433     
           0           0          68   0.0000000000000000        22.750000000000000        1989.5952468813362        3.1945749144983757E-002   1185.7275030632188        1082.1951152931433     
           0           0          69   12.250000000000000        35.000000000000000        1689.0349365964730        2.6582852114050051E-002   2371.4550061264376        1082.1951152931435     
           0           0          70   12.250000000000000        33.250000000000000        1839.3962363071100        2.9309741669827243E-002   2371.4550061264376        1082.1951152931433     
           0           0          71   1.7500000000000000        22.750000000000000        2040.8466570288374        3.2752406053914718E-002   2371.4550061264376        1082.1951152931433     
           0           0          72   8.7500000000000000        26.250000000000000        2056.3647209168357        3.2905248491939314E-002   2371.4550061264376        1082.1951152931433     
           0           0          73   7.0000000000000000        24.500000000000000        2088.9109565550875        3.3442443144288549E-002   4742.9100122528753        1082.1951152931433     
           0           0          74   10.500000000000000        28.000000000000000        2052.9779424022204        3.2821851238734649E-002   4742.9100122528753        1082.1951152931433     
           0           0          75   3.5000000000000000        22.750000000000000        2080.3994992448729        3.3362653957483779E-002   2371.4550061264376        1082.1951152931433     
           0           0          76   12.250000000000000        31.500000000000000        1976.2497637741126        3.1574596243630265E-002   4742.9100122528753        1082.1951152931433     
           0           0          77   7.8750000000000000        24.500000000000000        2094.2447951690797        3.3529864796498485E-002   2371.4550061264381        1082.1951152931433     
           0           0          78   13.125000000000000        35.000000000000000        1742.2123587134013        2.7602140624513664E-002   1185.7275030632188        1082.1951152931433     
           0           0          79   5.2500000000000000        22.750000000000000        2104.0877520289478        3.3723030833773940E-002   2371.4550061264376        1082.1951152931433     
           0           0          80   12.250000000000000        29.750000000000000        2044.0964830882899        3.2684725015319771E-002   2371.4550061264376        1082.1951152931433     
           0           0          81   11.375000000000000        28.000000000000000        2065.5346043658433        3.3030812209944457E-002   2371.4550061264381        1082.1951152931433     
           0           0          82   13.125000000000000        31.500000000000000        2032.9266162237936        3.2492754025970461E-002   2371.4550061264381        1082.1951152931433     
           0           0          83   10.500000000000000        26.250000000000000        2071.6563938472118        3.3156966617911537E-002   2371.4550061264376        1082.1951152931433     
           0           0          84   8.7500000000000000        24.500000000000000        2101.5698890936665        3.3650565075464628E-002   4742.9100122528753        1082.1951152931433     
           0           0          85   0.0000000000000000        21.000000000000000        2059.3759169578984        3.3100595687934289E-002   2371.4550061264376        1082.1951152931435     
           0           0          86   14.000000000000000        35.000000000000000        1818.6581275302478        2.9010744387018540E-002   2371.4550061264376        1082.1951152931435     
           0           0          87  0.87500000000000000        21.000000000000000        2081.2379337231073        3.3434047111612436E-002   2371.4550061264381        1082.1951152931433     
           0           0          88   14.000000000000000        33.250000000000000        1987.2145581116270        3.1821501736400339E-002   2371.4550061264376        1082.1951152931433     
           0           0          89   7.0000000000000000        22.750000000000000        2104.1937728714938        3.3729394290373159E-002   2371.4550061264376        1082.1951152931433     
           0           0          90   12.250000000000000        28.000000000000000        2082.2061002356922        3.3312303224294633E-002   4742.9100122528753        1082.1951152931433     
           0           0          91   1.7500000000000000        21.000000000000000        2105.0947680323152        3.3796995763718835E-002   4742.9100122528753        1082.1951152931433     
           0           0          92   9.6250000000000000        24.500000000000000        2096.3639805191910        3.3578283079240143E-002   2371.4550061264381        1082.1951152931433     
           0           0          93   2.6250000000000000        21.000000000000000        2118.7683202910275        3.4001679063659154E-002   2371.4550061264381        1082.1951152931433     
           0           0          94   14.000000000000000        31.500000000000000        2106.0370648181179        3.3656099004936733E-002   4742.9100122528753        1082.1951152931433     
           0           0          95   3.5000000000000000        21.000000000000000        2136.1276770827189        3.4263314409787068E-002   4742.9100122528753        1082.1951152931433     
           0           0          96   4.3750000000000000        21.000000000000000        2138.5083567434358        3.4298771991476157E-002   2371.4550061264381        1082.1951152931433     
           0           0          97   10.500000000000000        24.500000000000000        2085.9213947719163        3.3425631150578665E-002   4742.9100122528753        1082.1951152931433     
           0           0          98   13.125000000000000        28.000000000000000        2076.2729900990084        3.3240376398924576E-002   2371.4550061264381        1082.1951152931433     
           0           0          99   14.875000000000000        35.000000000000000        1875.6513727211072        3.0047305213306931E-002   1185.7275030632188        1082.1951152931433     
           0           0         100   14.000000000000000        29.750000000000000        2075.5860353829353        3.3211948338676453E-002   2371.4550061264376        1082.1951152931433     
           0           0         101   5.2500000000000000        21.000000000000000        2142.2871872641995        3.4357725934841946E-002   4742.9100122528753        1082.1951152931433     
           0           0         102   8.7500000000000000        22.750000000000000        2087.3570648104269        3.3475267983605485E-002   2371.4550061264376        1082.1951152931433     
           0           0         103   12.250000000000000        26.250000000000000        2043.7576966901875        3.2739543898948675E-002   2371.4550061264376        1082.1951152931433     
           0           0         104   6.1250000000000000        21.000000000000000        2134.1262443106157        3.4237909096098369E-002   2371.4550061264381        1082.1951152931433     
           0           0         105   14.875000000000000        31.500000000000000        2121.3346078791569        3.3903394943219603E-002   2371.4550061264381        1082.1951152931433     
           0           0         106   11.375000000000000        24.500000000000000        2065.5405909414176        3.3124073356900693E-002   2371.4550061264381        1082.1951152931433     
           0           0         107   14.000000000000000        28.000000000000000        2030.6583683107340        3.2534437591201053E-002   4742.9100122528753        1082.1951152931433     
           0           0         108   7.0000000000000000        21.000000000000000        2124.1911301865662        3.4096107125715133E-002   4742.9100122528753        1082.1951152931433     
           0           0         109   0.0000000000000000        19.250000000000000        2101.7123938600353        3.3786439233363698E-002   1185.7275030632188        1082.1951152931433     
           0           0         110   15.750000000000000        35.000000000000000        2026.9179854640033        3.2529420972289030E-002   2371.4550061264376        1082.1951152931435     
           0           0         111   15.750000000000000        33.250000000000000        2145.1323658387082        3.4267214985848865E-002   2371.4550061264376        1082.1951152931433     
           0           0         112   1.7500000000000000        19.250000000000000        2134.5708426537140        3.4281785075663006E-002   2371.4550061264376        1082.1951152931433     
           0           0         113   7.8750000000000000        21.000000000000000        2109.7272657658523        3.3877695572341625E-002   2371.4550061264381        1082.1951152931433     
           0           0         114   3.5000000000000000        19.250000000000000        2145.6217832981006        3.4446173536707529E-002   2371.4550061264376        1082.1951152931433     
           0           0         115   10.500000000000000        22.750000000000000        2039.9811113330529        3.2743518976596379E-002   2371.4550061264376        1082.1951152931433     
           0           0         116   15.750000000000000        31.500000000000000        2212.2933413162609        3.5324855921815120E-002   4742.9100122528753        1082.1951152931433     
           0           0         117   12.250000000000000        24.500000000000000        2030.4495314641717        3.2582739972443410E-002   4742.9100122528753        1082.1951152931433     
           0           0         118   14.875000000000000        28.000000000000000        2010.0396937475418        3.2237512491507879E-002   2371.4550061264381        1082.1951152931433     
           0           0         119   14.000000000000000        26.250000000000000        1967.0609026461743        3.1535223201116590E-002   2371.4550061264376        1082.1951152931433     
           0           0         120   8.7500000000000000        21.000000000000000        2089.7961072531334        3.3571856057333004E-002   4742.9100122528753        1082.1951152931433     
           0           0         121   15.750000000000000        29.750000000000000        1981.4149832464277        3.1733606757663332E-002   2371.4550061264376        1082.1951152931433     
           0           0         122   5.2500000000000000        19.250000000000000        2126.8142233472072        3.4166551754240368E-002   2371.4550061264376        1082.1951152931433     
           0           0         123   16.625000000000000        35.000000000000000        2560.0272757368016        4.0553218251650681E-002   1185.7275030632188        1082.1951152931433     
           0           0         124   13.125000000000000        24.500000000000000        1996.9454586624011        3.2059116717174325E-002   2371.4550061264381        1082.1951152931433     
           0           0         125   9.6250000000000000        21.000000000000000        2063.5584047912771        3.3170431823539973E-002   2371.4550061264381        1082.1951152931433     
           0           0         126   16.625000000000000        31.500000000000000        2025.9769447333856        3.2556292765489665E-002   2371.4550061264381        1082.1951152931433     
           0           0         127   7.0000000000000000        19.250000000000000        2091.8104240592806        3.3637179696598248E-002   2371.4550061264376        1082.1951152931433     
           0           0         128   15.750000000000000        28.000000000000000        1910.3272912525381        3.0592985580057935E-002   4742.9100122528753        1082.1951152931433     
           0           0         129   12.250000000000000        22.750000000000000        1975.5465400171220        3.1725717977034565E-002   2371.4550061264376        1082.1951152931433     
           0           0         130   14.000000000000000        24.500000000000000        1948.0497281617788        3.1263318779944399E-002   4742.9100122528753        1082.1951152931433     
           0           0         131   17.500000000000000        35.000000000000000        3286.2689883354760        4.9328910248079075E-002   1185.7275030632186        1082.1951152931435     
           0           0         132   0.0000000000000000        17.500000000000000        2159.2979146178659        3.4706858582198713E-002   2371.4550061264376        1082.1951152931435     
           0           0         133   10.500000000000000        21.000000000000000        2026.3313970426871        3.2583963113787230E-002   4742.9100122528753        1082.1951152931433     
           0           0         134  0.87500000000000000        17.500000000000000        2167.0709098466691        3.4822466521150300E-002   2371.4550061264381        1082.1951152931433     
           0           0         135   1.7500000000000000        17.500000000000000        2178.2058120958154        3.4991177731824592E-002   4742.9100122528753        1082.1951152931433     
           0           0         136   17.500000000000000        33.250000000000000        2337.6907523208019        3.7279869665653061E-002   1185.7275030632188        1082.1951152931433     
           0           0         137   2.6250000000000000        17.500000000000000        2175.6456180783430        3.4953907009594672E-002   2371.4550061264381        1082.1951152931433     
           0           0         138   17.500000000000000        31.500000000000000        1663.7240059125822        2.6235339591052020E-002   2371.4550061264372        1082.1951152931433     
           0           0         139   3.5000000000000000        17.500000000000000        2171.8325586083383        3.4899817646752498E-002   4742.9100122528753        1082.1951152931433     
           0           0         140   8.7500000000000000        19.250000000000000        2039.0023801350267        3.2810819676446897E-002   2371.4550061264376        1082.1951152931433     
           0           0         141   15.750000000000000        26.250000000000000        1898.0333870648706        3.0404263070510366E-002   2371.4550061264376        1082.1951152931433     
           0           0         142   4.3750000000000000        17.500000000000000        2156.1289532892110        3.4670941749348871E-002   2371.4550061264381        1082.1951152931433     
           0           0         143   11.375000000000000        21.000000000000000        2004.8896389718152        3.2246061515020907E-002   2371.4550061264381        1082.1951152931433     
           0           0         144   16.625000000000000        28.000000000000000        1891.4179779268270        3.0298735581964140E-002   2371.4550061264381        1082.1951152931433     
           0           0         145   14.875000000000000        24.500000000000000        1932.4278206392119        3.0999645393158110E-002   2371.4550061264381        1082.1951152931433     
           0           0         146   17.500000000000000        29.750000000000000        1716.0622696611358        2.7176778254757342E-002   1185.7275030632188        1082.1951152931433     
           0           0         147   5.2500000000000000        17.500000000000000        2137.0510527105112        3.4390267185449623E-002   4742.9100122528753        1082.1951152931433     
           0           0         148   6.1250000000000000        17.500000000000000        2116.8862978545121        3.4084236558707494E-002   2371.4550061264381        1082.1951152931433     
           0           0         149   14.000000000000000        22.750000000000000        1927.7047838871695        3.0934358132467414E-002   2371.4550061264376        1082.1951152931433     
           0           0         150   12.250000000000000        21.000000000000000        1967.4087356039781        3.1634569730317842E-002   4742.9100122528753        1082.1951152931433     
           0           0         151   7.0000000000000000        17.500000000000000        2091.9063584634237        3.3697083793359950E-002   4742.9100122528753        1082.1951152931433     
           0           0         152   17.500000000000000        28.000000000000000        1879.3095233504096        3.0111724565044799E-002   2371.4550061264372        1082.1951152931433     
           0           0         153   10.500000000000000        19.250000000000000        1986.0618617746375        3.1961767150449100E-002   2371.4550061264376        1082.1951152931433     
           0           0         154   15.750000000000000        24.500000000000000        1914.4269963204638        3.0686110686678578E-002   4742.9100122528753        1082.1951152931433     
           0           0         155   7.8750000000000000        17.500000000000000        2065.4706873264536        3.3290270703429589E-002   2371.4550061264381        1082.1951152931433     
           0           0         156   13.125000000000000        21.000000000000000        1959.0603398956964        3.1489842754437822E-002   2371.4550061264381        1082.1951152931433     
           0           0         157   0.0000000000000000        15.750000000000000        2176.6702409232093        3.4977131982618717E-002   1185.7275030632188        1082.1951152931433     
           0           0         158   1.7500000000000000        15.750000000000000        2173.3974127325619        3.4939532994291984E-002   2371.4550061264376        1082.1951152931433     
           0           0         159   3.5000000000000000        15.750000000000000        2145.4194361385294        3.4527300505885893E-002   2371.4550061264376        1082.1951152931433     
           0           0         160   17.500000000000000        26.250000000000000        1916.7055020782343        3.0705917058100649E-002   1185.7275030632188        1082.1951152931433     
           0           0         161   8.7500000000000000        17.500000000000000        2030.4902963117734        3.2735354642622470E-002   4742.9100122528753        1082.1951152931433     
           0           0         162   16.625000000000000        24.500000000000000        1917.3024462808730        3.0722996108690122E-002   2371.4550061264381        1082.1951152931433     
           0           0         163   14.000000000000000        21.000000000000000        1944.0456181156301        3.1227658894328530E-002   4742.9100122528753        1082.1951152931433     
           0           0         164   12.250000000000000        19.250000000000000        1950.0442780220437        3.1363210985718100E-002   2371.4550061264376        1082.1951152931433     
           0           0         165   15.750000000000000        22.750000000000000        1925.4877539974859        3.0878357356842023E-002   2371.4550061264376        1082.1951152931433     
           0           0         166   5.2500000000000000        15.750000000000000        2099.1137482585918        3.3828058527473316E-002   2371.4550061264376        1082.1951152931433     
           0           0         167   9.6250000000000000        17.500000000000000        2015.5440031604089        3.2491280610402018E-002   2371.4550061264381        1082.1951152931433     
           0           0         168   17.500000000000000        24.500000000000000        1917.5121664155949        3.0714064699742551E-002   2371.4550061264372        1082.1951152931433     
           0           0         169   10.500000000000000        17.500000000000000        1989.9764330801806        3.2070506429560518E-002   4742.9100122528753        1082.1951152931433     
           0           0         170   14.875000000000000        21.000000000000000        1945.6792353809092        3.1237930555285103E-002   2371.4550061264381        1082.1951152931433     
           0           0         171   7.0000000000000000        15.750000000000000        2041.6069257042391        3.2930489386635377E-002   2371.4550061264376        1082.1951152931433     
           0           0         172   11.375000000000000        17.500000000000000        1978.5444678632809        3.1873949453144444E-002   2371.4550061264381        1082.1951152931433     
           0           0         173   0.0000000000000000        14.000000000000000        2220.4999843230971        3.5665946856106537E-002   2371.4550061264376        1082.1951152931435     
           0           0         174  0.87500000000000000        14.000000000000000        2208.0420547682652        3.5494793753136342E-002   2371.4550061264381        1082.1951152931433     
           0           0         175   14.000000000000000        19.250000000000000        1946.9342787611713        3.1282437797108542E-002   2371.4550061264376        1082.1951152931433     
           0           0         176   1.7500000000000000        14.000000000000000        2196.3415850751808        3.5333276139596165E-002   4742.9100122528753        1082.1951152931433     
           0           0         177   15.750000000000000        21.000000000000000        1945.5496169108417        3.1216830044687942E-002   4742.9100122528753        1082.1951152931433     
           0           0         178   8.7500000000000000        15.750000000000000        1997.1089110417270        3.2211096217108340E-002   2371.4550061264376        1082.1951152931433     
           0           0         179   2.6250000000000000        14.000000000000000        2176.0035816387331        3.5035486325764233E-002   2371.4550061264381        1082.1951152931433     
           0           0         180   3.5000000000000000        14.000000000000000        2151.7415832576698        3.4676531430808268E-002   4742.9100122528753        1082.1951152931433     
           0           0         181   12.250000000000000        17.500000000000000        1963.6731964108931        3.1615071092362619E-002   4742.9100122528753        1082.1951152931433     
           0           0         182   17.500000000000000        22.750000000000000        1924.7318996277122        3.0835984338266533E-002   1185.7275030632188        1082.1951152931433     
           0           0         183   4.3750000000000000        14.000000000000000        2125.0044413318756        3.4273476440762687E-002   2371.4550061264381        1082.1951152931433     
           0           0         184   5.2500000000000000        14.000000000000000        2094.9969145188379        3.3813651897335456E-002   4742.9100122528753        1082.1951152931433     
           0           0         185   16.625000000000000        21.000000000000000        1943.9987137639805        3.1172897440286128E-002   2371.4550061264381        1082.1951152931433     
           0           0         186   6.1250000000000000        14.000000000000000        2067.2931053505322        3.3389311893343140E-002   2371.4550061264381        1082.1951152931433     
           0           0         187   13.125000000000000        17.500000000000000        1964.7008509032812        3.1611460764973426E-002   2371.4550061264381        1082.1951152931433     
           0           0         188   10.500000000000000        15.750000000000000        1969.6980434480424        3.1747341853574751E-002   2371.4550061264376        1082.1951152931433     
           0           0         189   7.0000000000000000        14.000000000000000        2032.5809103384390        3.2840327714439906E-002   4742.9100122528753        1082.1951152931433     
           0           0         190   15.750000000000000        19.250000000000000        1948.4287446221074        3.1267060154049113E-002   2371.4550061264376        1082.1951152931433     
           0           0         191   17.500000000000000        21.000000000000000        1943.3256152181712        3.1144503176938478E-002   2371.4550061264372        1082.1951152931433     
           0           0         192   14.000000000000000        17.500000000000000        1965.0858214706595        3.1595071589112921E-002   4742.9100122528753        1082.1951152931433     
           0           0         193   7.8750000000000000        14.000000000000000        2021.4226958457443        3.2652409748837811E-002   2371.4550061264381        1082.1951152931433     
           0           0         194   0.0000000000000000        12.250000000000000        2206.9354185221182        3.5455719565339716E-002   1185.7275030632188        1082.1951152931433     
           0           0         195   8.7500000000000000        14.000000000000000        2003.5163033821289        3.2350294498174295E-002   4742.9100122528753        1082.1951152931433     
           0           0         196   12.250000000000000        15.750000000000000        1960.2310595832819        3.1561418871405310E-002   2371.4550061264376        1082.1951152931433     
           0           0         197   1.7500000000000000        12.250000000000000        2167.7613842517676        3.4896521399748193E-002   2371.4550061264376        1082.1951152931433     
           0           0         198   14.875000000000000        17.500000000000000        1964.9184705136408        3.1570848439330633E-002   2371.4550061264381        1082.1951152931433     
           0           0         199   3.5000000000000000        12.250000000000000        2111.2847371606608        3.4054127777122349E-002   2371.4550061264376        1082.1951152931433     
           0           0         200   9.6250000000000000        14.000000000000000        1991.6366407637111        3.2146969904632151E-002   2371.4550061264381        1082.1951152931433     
           0           0         201   5.2500000000000000        12.250000000000000        2046.5803229967335        3.3057260337491123E-002   2371.4550061264376        1082.1951152931433     
           0           0         202   10.500000000000000        14.000000000000000        1976.6424010519202        3.1888487699496218E-002   4742.9100122528753        1082.1951152931433     
           0           0         203   15.750000000000000        17.500000000000000        1963.9957652096259        3.1533273441520605E-002   4742.9100122528753        1082.1951152931433     
           0           0         204   17.500000000000000        19.250000000000000        1950.6460570934885        3.1258735570383923E-002   1185.7275030632188        1082.1951152931433     
           0           0         205   7.0000000000000000        12.250000000000000        2004.8842207333664        3.2385705179366370E-002   2371.4550061264376        1082.1951152931433     
           0           0         206   14.000000000000000        15.750000000000000        1964.4973925411964        3.1587303742566609E-002   2371.4550061264376        1082.1951152931433     
           0           0         207   11.375000000000000        14.000000000000000        1975.8436812968207        3.1857823913492983E-002   2371.4550061264381        1082.1951152931433     
           0           0         208   16.625000000000000        17.500000000000000        1967.3069895054082        3.1559484737186949E-002   2371.4550061264381        1082.1951152931433     
           0           0         209   12.250000000000000        14.000000000000000        1974.8753190270795        3.1819963099529690E-002   4742.9100122528753        1082.1951152931433     
           0           0         210   8.7500000000000000        12.250000000000000        1983.8544091403337        3.2026149678754029E-002   2371.4550061264376        1082.1951152931433     
           0           0         211   0.0000000000000000        10.500000000000000        2223.8357211908010        3.5727840621835733E-002   2371.4550061264376        1082.1951152931435     
           0           0         212  0.87500000000000000        10.500000000000000        2196.4683924740020        3.5336121487157507E-002   2371.4550061264381        1082.1951152931433     
           0           0         213   1.7500000000000000        10.500000000000000        2167.8286539339415        3.4920562395236054E-002   4742.9100122528753        1082.1951152931433     
           0           0         214   2.6250000000000000        10.500000000000000        2134.6841452011636        3.4431710251648200E-002   2371.4550061264381        1082.1951152931433     
           0           0         215   3.5000000000000000        10.500000000000000        2100.0371011578986        3.3908948907658457E-002   4742.9100122528753        1082.1951152931433     
           0           0         216   17.500000000000000        17.500000000000000        1969.5851903387829        3.1568858775285785E-002   2371.4550061264372        1082.1951152931433     
           0           0         217   13.125000000000000        14.000000000000000        1977.4979974999039        3.1838200192272403E-002   2371.4550061264381        1082.1951152931433     
           0           0         218   15.750000000000000        15.750000000000000        1969.7613340750690        3.1624759827570952E-002   2371.4550061264376        1082.1951152931433     
           0           0         219   4.3750000000000000        10.500000000000000        2070.3757117338582        3.3458106924164149E-002   2371.4550061264381        1082.1951152931433     
           0           0         220   5.2500000000000000        10.500000000000000        2033.5289072515823        3.2881777370235864E-002   4742.9100122528753        1082.1951152931433     
           0           0         221   10.500000000000000        12.250000000000000        1969.6645113939762        3.1768413447289590E-002   2371.4550061264376        1082.1951152931433     
           0           0         222   14.000000000000000        14.000000000000000        1977.5991711062029        3.1816542351466269E-002   4742.9100122528753        1082.1951152931433     
           0           0         223   6.1250000000000000        10.500000000000000        2023.7868270228314        3.2719764872923586E-002   2371.4550061264381        1082.1951152931433     
           0           0         224   7.0000000000000000        10.500000000000000        2009.5108123165060        3.2478908590543767E-002   4742.9100122528753        1082.1951152931433     
           0           0         225   14.875000000000000        14.000000000000000        1981.6451874733320        3.1855460315666155E-002   2371.4550061264381        1082.1951152931433     
           0           0         226   7.8750000000000000        10.500000000000000        1998.1093086254925        3.2287424568322967E-002   2371.4550061264381        1082.1951152931433     
           0           0         227   12.250000000000000        12.250000000000000        1973.9576735547330        3.1798721848394489E-002   2371.4550061264376        1082.1951152931433     
           0           0         228   17.500000000000000        15.750000000000000        1976.3371894240313        3.1676060741424622E-002   1185.7275030632188        1082.1951152931433     
           0           0         229   8.7500000000000000        10.500000000000000        1985.1443211115125        3.2066688255345165E-002   4742.9100122528753        1082.1951152931433     
           0           0         230   15.750000000000000        14.000000000000000        1986.3198243397649        3.1901189435062691E-002   4742.9100122528753        1082.1951152931433     
           0           0         231   0.0000000000000000        8.7500000000000000        2198.7160607414985        3.5324561179213898E-002   1185.7275030632188        1082.1951152931433     
           0           0         232   1.7500000000000000        8.7500000000000000        2128.3976439901685        3.4295785783680872E-002   2371.4550061264376        1082.1951152931433     
           0           0         233   9.6250000000000000        10.500000000000000        1982.6279269163404        3.2011419854590301E-002   2371.4550061264381        1082.1951152931433     
           0           0         234   3.5000000000000000        8.7500000000000000        2057.8406368222709        3.3225124955684041E-002   2371.4550061264376        1082.1951152931433     
           0           0         235   10.500000000000000        10.500000000000000        1978.8901487877567        3.1933391108704655E-002   4742.9100122528753        1082.1951152931433     
           0           0         236   14.000000000000000        12.250000000000000        1980.4455617469985        3.1856909347341741E-002   2371.4550061264376        1082.1951152931433     
           0           0         237   5.2500000000000000        8.7500000000000000        2012.3479439179441        3.2510855975219966E-002   2371.4550061264376        1082.1951152931433     
           0           0         238   16.625000000000000        14.000000000000000        1988.3158905041869        3.1903693945637066E-002   2371.4550061264381        1082.1951152931433     
           0           0         239   11.375000000000000        10.500000000000000        1982.1674276915871        3.1966025805723691E-002   2371.4550061264381        1082.1951152931433     
           0           0         240   7.0000000000000000        8.7500000000000000        1994.0066182371047        3.2202801321262950E-002   2371.4550061264376        1082.1951152931433     
           0           0         241   17.500000000000000        14.000000000000000        1990.5800742547917        3.1911909769567183E-002   2371.4550061264372        1082.1951152931433     
           0           0         242   12.250000000000000        10.500000000000000        1983.9223044707567        3.1974110151329345E-002   4742.9100122528753        1082.1951152931433     
           0           0         243   15.750000000000000        12.250000000000000        1991.7942239559816        3.1986935897596561E-002   2371.4550061264376        1082.1951152931433     
           0           0         244   8.7500000000000000        8.7500000000000000        1978.8133380738752        3.1939266827993543E-002   2371.4550061264376        1082.1951152931433     
           0           0         245   13.125000000000000        10.500000000000000        1986.9816569264171        3.2000068701655691E-002   2371.4550061264381        1082.1951152931433     
           0           0         246   0.0000000000000000        7.0000000000000000        2187.1628680947629        3.5144199190973641E-002   2371.4550061264376        1082.1951152931435     
           0           0         247  0.87500000000000000        7.0000000000000000        2147.6657611529345        3.4569814245574745E-002   2371.4550061264381        1082.1951152931433     
           0           0         248   1.7500000000000000        7.0000000000000000        2106.8382699208069        3.3962168872686938E-002   4742.9100122528753        1082.1951152931433     
           0           0         249   2.6250000000000000        7.0000000000000000        2077.1401027613661        3.3515338601211718E-002   2371.4550061264381        1082.1951152931433     
           0           0         250   3.5000000000000000        7.0000000000000000        2041.3759036684157        3.2962071260993708E-002   4742.9100122528753        1082.1951152931433     
           0           0         251   14.000000000000000        10.500000000000000        1991.5474390223437        3.2046675840129817E-002   4742.9100122528753        1082.1951152931433     
           0           0         252   10.500000000000000        8.7500000000000000        1979.2818164139526        3.1918874796595331E-002   2371.4550061264376        1082.1951152931433     
           0           0         253   4.3750000000000000        7.0000000000000000        2027.8766750008767        3.2751251203339847E-002   2371.4550061264381        1082.1951152931433     
           0           0         254   5.2500000000000000        7.0000000000000000        2013.5764121968346        3.2518344158979709E-002   4742.9100122528753        1082.1951152931433     
           0           0         255   6.1250000000000000        7.0000000000000000        2004.6150128809788        3.2371071423546505E-002   2371.4550061264381        1082.1951152931433     
           0           0         256   14.875000000000000        10.500000000000000        1997.1713314547703        3.2111009627202793E-002   2371.4550061264381        1082.1951152931433     
           0           0         257   17.500000000000000        12.250000000000000        1999.4991561215652        3.2053291528287536E-002   1185.7275030632188        1082.1951152931433     
           0           0         258   7.0000000000000000        7.0000000000000000        1992.0291043905761        3.2166071213574031E-002   4742.9100122528753        1082.1951152931433     
           0           0         259   12.250000000000000        8.7500000000000000        1984.7571093235729        3.1973310278072549E-002   2371.4550061264376        1082.1951152931433     
           0           0         260   7.8750000000000000        7.0000000000000000        1989.2497148605230        3.2114096753007221E-002   2371.4550061264381        1082.1951152931433     
           0           0         261   15.750000000000000        10.500000000000000        2001.9644014093244        3.2161599045101137E-002   4742.9100122528753        1082.1951152931433     
           0           0         262   8.7500000000000000        7.0000000000000000        1984.5013998810659        3.2028169965850194E-002   4742.9100122528753        1082.1951152931433     
           0           0         263   16.625000000000000        10.500000000000000        2006.6067842428054        3.2207633051820013E-002   2371.4550061264381        1082.1951152931433     
           0           0         264   9.6250000000000000        7.0000000000000000        1984.7336865446644        3.2020598366017720E-002   2371.4550061264381        1082.1951152931433     
           0           0         265   14.000000000000000        8.7500000000000000        1997.1105640095443        3.2125491923084351E-002   2371.4550061264376        1082.1951152931433     
           0           0         266   0.0000000000000000        5.2500000000000000        2146.9114898006815        3.4502801840952418E-002   1185.7275030632188        1082.1951152931433     
           0           0         267   1.7500000000000000        5.2500000000000000        2074.6960569977628        3.3422129068885358E-002   2371.4550061264376        1082.1951152931433     
           0           0         268   10.500000000000000        7.0000000000000000        1986.0711334410453        3.2027867487746151E-002   4742.9100122528753        1082.1951152931433     
           0           0         269   3.5000000000000000        5.2500000000000000        2027.9276610786469        3.2698933866140298E-002   2371.4550061264376        1082.1951152931433     
           0           0         270   17.500000000000000        10.500000000000000        2012.3037497427670        3.2268863214644075E-002   2371.4550061264372        1082.1951152931433     
           0           0         271   5.2500000000000000        5.2500000000000000        2009.1469314606816        3.2398250005445023E-002   2371.4550061264376        1082.1951152931433     
           0           0         272   11.375000000000000        7.0000000000000000        1987.7492795432797        3.2040162842045715E-002   2371.4550061264381        1082.1951152931433     
           0           0         273   7.0000000000000000        5.2500000000000000        1994.6175703245704        3.2159388043982516E-002   2371.4550061264376        1082.1951152931433     
           0           0         274   12.250000000000000        7.0000000000000000        1989.2538477409223        3.2050760154839188E-002   4742.9100122528753        1082.1951152931433     
           0           0         275   15.750000000000000        8.7500000000000000        2008.2125105003665        3.2257758364886008E-002   2371.4550061264376        1082.1951152931433     
           0           0         276   13.125000000000000        7.0000000000000000        1996.0823965753884        3.2137979788800619E-002   2371.4550061264381        1082.1951152931433     
           0           0         277   8.7500000000000000        5.2500000000000000        1990.2793892159550        3.2077666494744278E-002   2371.4550061264376        1082.1951152931433     
           0           0         278   14.000000000000000        7.0000000000000000        2003.2498638484888        3.2230472782108575E-002   4742.9100122528753        1082.1951152931433     
           0           0         279   0.0000000000000000        3.5000000000000000        2114.6048530446637        3.3978647489644714E-002   2371.4550061264376        1082.1951152931435     
           0           0         280  0.87500000000000000        3.5000000000000000        2089.0086200153046        3.3601040435908107E-002   2371.4550061264381        1082.1951152931433     
           0           0         281   10.500000000000000        5.2500000000000000        1992.3739688473720        3.2091561128185946E-002   2371.4550061264376        1082.1951152931433     
           0           0         282   17.500000000000000        8.7500000000000000        2024.1943503099210        3.2459126327172551E-002   1185.7275030632188        1082.1951152931433     
           0           0         283   1.7500000000000000        3.5000000000000000        2056.8283010860710        3.3107376620797269E-002   4742.9100122528753        1082.1951152931433     
           0           0         284   2.6250000000000000        3.5000000000000000        2044.8549066050080        3.2923812900241524E-002   2371.4550061264381        1082.1951152931433     
           0           0         285   3.5000000000000000        3.5000000000000000        2029.2032032834434        3.2678761257012891E-002   4742.9100122528753        1082.1951152931433     
           0           0         286   14.875000000000000        7.0000000000000000        2006.6859314427747        3.2265811159314754E-002   2371.4550061264381        1082.1951152931433     
           0           0         287   4.3750000000000000        3.5000000000000000        2023.5279926199241        3.2588623854702778E-002   2371.4550061264381        1082.1951152931433     
           0           0         288   5.2500000000000000        3.5000000000000000        2014.2110068704678        3.2439021827804393E-002   4742.9100122528753        1082.1951152931433     
           0           0         289   6.1250000000000000        3.5000000000000000        2009.3406446270960        3.2359238602173344E-002   2371.4550061264381        1082.1951152931433     
           0           0         290   15.750000000000000        7.0000000000000000        2012.8676052257520        3.2342415755642291E-002   4742.9100122528753        1082.1951152931433     
           0           0         291   12.250000000000000        5.2500000000000000        1998.4012824206930        3.2166854121825829E-002   2371.4550061264376        1082.1951152931433     
           0           0         292   7.0000000000000000        3.5000000000000000        2004.3453465321584        3.2274985441267889E-002   4742.9100122528753        1082.1951152931433     
           0           0         293   7.8750000000000000        3.5000000000000000        2001.0984792435765        3.2219752710496909E-002   2371.4550061264381        1082.1951152931433     
           0           0         294   16.625000000000000        7.0000000000000000        2023.2239636352112        3.2482283283714761E-002   2371.4550061264381        1082.1951152931433     
           0           0         295   8.7500000000000000        3.5000000000000000        1997.7311249216086        3.2163692685513057E-002   4742.9100122528753        1082.1951152931433     
           0           0         296   14.000000000000000        5.2500000000000000        2009.1077032833457        3.2308490279637232E-002   2371.4550061264376        1082.1951152931433     
           0           0         297   9.6250000000000000        3.5000000000000000        1997.1910779873813        3.2147768386151007E-002   2371.4550061264381        1082.1951152931433     
           0           0         298   17.500000000000000        7.0000000000000000        2034.6110454116995        3.2637097072229490E-002   2371.4550061264372        1082.1951152931433     
           0           0         299   10.500000000000000        3.5000000000000000        1997.2576578783271        3.2142686977685679E-002   4742.9100122528753        1082.1951152931433     
           0           0         300   0.0000000000000000        1.7500000000000000        2080.2067179122687        3.3410649952553703E-002   1185.7275030632188        1082.1951152931433     
           0           0         301   1.7500000000000000        1.7500000000000000        2053.4513655865530        3.3004762560560195E-002   2371.4550061264376        1082.1951152931433     
           0           0         302   3.5000000000000000        1.7500000000000000        2038.2711908160250        3.2767241745667558E-002   2371.4550061264376        1082.1951152931433     
           0           0         303   11.375000000000000        3.5000000000000000        1997.6258561637046        3.2143237087111337E-002   2371.4550061264381        1082.1951152931433     
           0           0         304   15.750000000000000        5.2500000000000000        2024.9142299456698        3.2525962624264590E-002   2371.4550061264376        1082.1951152931433     
           0           0         305   5.2500000000000000        1.7500000000000000        2028.5926243659242        3.2610057549384945E-002   2371.4550061264376        1082.1951152931433     
           0           0         306   12.250000000000000        3.5000000000000000        2002.0468449362897        3.2206458402987401E-002   4742.9100122528753        1082.1951152931433     
           0           0         307   7.0000000000000000        1.7500000000000000        2022.3415895125931        3.2505674731402610E-002   2371.4550061264376        1082.1951152931433     
           0           0         308   13.125000000000000        3.5000000000000000        2004.1398061383852        3.2232926627494544E-002   2371.4550061264381        1082.1951152931433     
           0           0         309   8.7500000000000000        1.7500000000000000        2017.8072593504166        3.2428348859902929E-002   2371.4550061264376        1082.1951152931433     
           0           0         310   14.000000000000000        3.5000000000000000        2006.7679846128544        3.2270360910644433E-002   4742.9100122528753        1082.1951152931433     
           0           0         311   17.500000000000000        5.2500000000000000        2050.4595039689498        3.2889314457848103E-002   1185.7275030632188        1082.1951152931433     
           0           0         312   14.875000000000000        3.5000000000000000        2015.1160231808087        3.2389562753296200E-002   2371.4550061264381        1082.1951152931433     
           0           0         313   10.500000000000000        1.7500000000000000        2017.7203840695520        3.2419054640297998E-002   2371.4550061264376        1082.1951152931433     
           0           0         314   0.0000000000000000        0.0000000000000000        2067.8690637325471        3.3191152740301391E-002   1185.7275030632188        1082.1951152931438     
           0           0         315  0.87500000000000000        0.0000000000000000        2071.7632895774109        3.3255107209168057E-002   1185.7275030632188        1082.1951152931433     
           0           0         316   1.7500000000000000        0.0000000000000000        2066.8233052514397        3.3171594185701155E-002   2371.4550061264376        1082.1951152931435     
           0           0         317   2.6250000000000000        0.0000000000000000        2064.5745893234598        3.3134137604158273E-002   1185.7275030632188        1082.1951152931433     
           0           0         318   3.5000000000000000        0.0000000000000000        2058.0335136480994        3.3026197803989986E-002   2371.4550061264376        1082.1951152931435     
           0           0         319   15.750000000000000        3.5000000000000000        2025.8828694808426        3.2548897505355077E-002   4742.9100122528753        1082.1951152931433     
           0           0         320   4.3750000000000000        0.0000000000000000        2053.1636801302293        3.2945235347833779E-002   1185.7275030632188        1082.1951152931433     
           0           0         321   5.2500000000000000        0.0000000000000000        2046.7519631659020        3.2839952523995831E-002   2371.4550061264376        1082.1951152931435     
           0           0         322   12.250000000000000        1.7500000000000000        2021.5437770128342        3.2473692497572711E-002   2371.4550061264376        1082.1951152931433     
           0           0         323   6.1250000000000000        0.0000000000000000        2041.9702594158666        3.2760887087180918E-002   1185.7275030632188        1082.1951152931433     
           0           0         324   16.625000000000000        3.5000000000000000        2037.1796123456520        3.2713780040878430E-002   2371.4550061264381        1082.1951152931433     
           0           0         325   7.0000000000000000        0.0000000000000000        2038.1495317439317        3.2698355747936995E-002   2371.4550061264376        1082.1951152931435     
           0           0         326   7.8750000000000000        0.0000000000000000        2034.3123332156129        3.2633823509718975E-002   1185.7275030632188        1082.1951152931433     
           0           0         327   17.500000000000000        3.5000000000000000        2054.0986251996742        3.2966644194642666E-002   2371.4550061264372        1082.1951152931433     
           0           0         328   8.7500000000000000        0.0000000000000000        2031.9413710666158        3.2593712332420664E-002   2371.4550061264376        1082.1951152931435     
           0           0         329   14.000000000000000        1.7500000000000000        2028.3543596193472        3.2578446734691659E-002   2371.4550061264376        1082.1951152931433     
           0           0         330   9.6250000000000000        0.0000000000000000        2030.0341669567465        3.2562492913267675E-002   1185.7275030632188        1082.1951152931433     
           0           0         331   10.500000000000000        0.0000000000000000        2028.9077191056022        3.2545201190195924E-002   2371.4550061264376        1082.1951152931435     
           0           0         332   15.750000000000000        1.7500000000000000        2047.2260878207721        3.2868824575875859E-002   2371.4550061264376        1082.1951152931433     
           0           0         333   11.375000000000000        0.0000000000000000        2027.8421751475030        3.2527033471243590E-002   1185.7275030632188        1082.1951152931433     
           0           0         334   12.250000000000000        0.0000000000000000        2030.4487902236997        3.2570269400030785E-002   2371.4550061264376        1082.1951152931435     
           0           0         335   13.125000000000000        0.0000000000000000        2031.8323360428474        3.2594650677873607E-002   1185.7275030632188        1082.1951152931433     
           0           0         336   17.500000000000000        1.7500000000000000        2072.6668565713330        3.3260518856014477E-002   1185.7275030632188        1082.1951152931433     
           0           0         337   14.000000000000000        0.0000000000000000        2034.7313377772075        3.2644385244753278E-002   2371.4550061264376        1082.1951152931435     
           0           0         338   14.875000000000000        0.0000000000000000        2037.0763017161835        3.2686105973942003E-002   1185.7275030632188        1082.1951152931433     
           0           0         339   15.750000000000000        0.0000000000000000        2045.3269368074411        3.2825294571516554E-002   2371.4550061264376        1082.1951152931435     
           0           0         340   16.625000000000000        0.0000000000000000        2052.1348316326817        3.2939648806354783E-002   1185.7275030632188        1082.1951152931433     
           0           0         341   17.500000000000000        0.0000000000000000        2063.9343179703533        3.3132731398411136E-002   1185.7275030632190        1082.1951152931435     
