           1  -5.1547472625339044        17.537069964965188     
           2  -38.681891195588619       -8353.8730385681083     
           3   30.203676346834808        3.4987125826710375E-011
           4  -95.270196794762157       -8326.9702783971552     
           5   4.0017746061327131E-011   8.6060958706668522E-011
           6  -206.78367891589366       -25102.213672629699     
           7   1.2135269682322591       -2.5530699949982694E-011
           8  -281.82917802700695       -16890.073776383277     
           9   3.7522840737325147E-011   5.4896559520400956E-011
          10  -1.1368689670221421E-010   2.0577251708120414E-011
          11   5.9628092394237164E-012  -6.6389446023995546E-011
          12   4.9411145314204319E-011   3.7004843633781093E-011
          13  -695.52078102216785       -41960.237087145106     
          14  -2.9558525765915888E-011   1.8781078775509386E-010
          15  -11.808059926508442        2.2765837392330068E-011
          16  -553.45313802572775       -25316.171845886030     
          17   1.1453985329645811E-011   1.1434041820995722E-010
          18   1.1372153219113557E-013   3.5453238261817788E-010
          19   2.5045952508143121E-010  -7.6852302299812436E-011
          20  -1639.6525137720041       -58848.704015988507     
          21   2.4286128663675299E-017   1.2732927906489167E-010
          22   6.8311491879802233E-011   9.6832625251508375E-011
          23   7.6835671482845758       -2.1955816071478340E-012
          24  -956.93165878427101       -33618.826896928695     
          25   1.4853877502996049E-010   1.5279502663112510E-010
          26  -3.3072182145654772E-011   3.4767043410877108E-011
          27  -1.5830899785518326E-010  -4.3223739171205366E-010
          28   1.4778733792297771E-012  -1.7365646420852698E-010
          29  -2.2851068259832630E-011  -3.3816180411427865E-010
          30  -2.5803512104793924E-011   1.2812514937898811E-010
          31   1.1928549467632443E-010   1.8826566347551754E-010
          32   2.9845396987138173E-012  -2.0020966134959295E-010
          33  -2853.6727017224061       -76546.827070445841     
          34   1.4496520650553180E-010  -2.5465934916368838E-011
          35  -1.0663830929402707E-010   2.2748757044777079E-010
          36  -1915.1428922852551       -42489.425746931782     
          37   5.7007333858474487       -2.8421631367847588E-012
          38  -1.0800402239219409E-011   1.7257668905035217E-010
          39   3.2962070573017144E-010  -3.2332543239976808E-010
          40  -4.6156876931657820E-011   6.5597296344810374E-010
          41  -2.5678931203643174E-011   1.3071151105936707E-010
          42  -4.7521007962014750E-011   2.7307609645754738E-010
          43   7.7255928694272558E-010   7.2873277898177768E-010
          44  -4.0188019578835110E-011   5.2778184600477118E-011
          45  -3805.1935649317829       -93150.997731381052     
          46  -3.9493409237367771E-010   5.5639712281951859E-010
          47   2.2714631564557664E-010  -8.8502383893684922E-010
          48   9.0892626758432016E-011  -4.5599818365715805E-010
          49  -1.6382258744007672E-010  -9.2154554820478296E-010
          50  -2751.8603909070125       -51037.610492118249     
          51   1.8238969210552376       -4.5204592890105144E-011
          52  -2.6852834886237353E-010   5.8605589998983465E-010
          53  -5.1585853644287027E-012   2.4103760654092810E-011
          54   1.6314158357566555E-011  -1.0527292926276743E-010
          55   5.0022214148626176E-010   2.8947514177368738E-010
          56   1.4473838794160088E-012   2.8421098807740464E-011
          57   2.5501267764127533E-011  -9.4708352271766216E-011
          58   6.6654606140081896E-010  -1.4188115959878900E-010
          59   3.8084396747350979E-012  -2.8586574427058586E-010
          60  -7.9182715939651871E-011   6.0026701057674936E-011
          61  -5971.4140383673130       -110878.64550391542     
          62   2.4854723834621950E-010   2.9842828208614947E-010
          63   1.1358275431305742E-013  -1.2641973926030836E-010
          64   3.1259519972515193E-010   2.6846925377244091E-010
          65   1.3898178649607296E-009   2.1577754340251776E-010
          66  -9.7138352916914528E-011  -1.6962098392525604E-010
          67  -3.1483435303236718E-010   2.5556823324279776E-010
          68 -0.54137922888486689        3.6770571830435639E-011
          69  -3440.5624359953081       -59804.522732659556     
          70  -1.5984370424493299E-010  -6.8803273495232631E-010
          71  -4.2746382822311801E-011  -3.7402810015851884E-011
          72  -4.0978438697880648E-010  -1.1668251365115623E-009
          73   4.0905124426560135E-010   2.6016318960264684E-010
          74   3.1348691698074305E-010   1.3878606527906179E-009
          75  -1.1915740616430526E-010   8.2539999141095777E-011
          76  -1.4467786916411152E-009   2.2168447633141852E-012
          77  -1.8477356450441462E-010   2.2112008057906252E-010
          78  -9105.1675585561061       -130000.82953778050     
          79  -1.1056322524183315E-011  -1.4210681242854406E-011
          80  -4.9976735250201187E-010  -2.4459716543856480E-010
          81  -1.9602566792009668E-010  -3.3992361703205631E-010
          82   8.0711975297687033E-010  -2.6138877468745436E-009
          83  -1.6052581486292183E-010  -4.1481534179821367E-010
          84  -1.4526402303260966E-010  -1.6890341902886519E-010
          85   2.9294415947640950        1.9216404509303509E-011
          86  -5588.2687749801571       -69013.424074031296     
          87   7.1639252689770228E-012   6.7510441681406519E-011
          88   2.5011097012916927E-010   5.9708328212226824E-010
          89  -3.3594071968678918E-011   4.1069925238446103E-012
          90   2.4015678334876611E-011   8.4793331904531311E-010
          91   4.7487265855683525E-011  -1.8388533751245717E-011
          92   5.0789611405477331E-010  -3.7562174898253531E-010
          93  -1.1226408691555889E-011  -5.0902171366828952E-011
          94  -4.3553444531441166E-010   7.0320990024942687E-010
          95  -6.2293947777902758E-011  -8.9479201825781729E-011
          96   6.2435473457966850E-012  -1.8485402097923043E-010
          97  -1.1474338146300056E-010  -1.2049250486256824E-011
          98   8.0545796421471749E-010  -8.7402456452889687E-010
          99  -10245.256548959922       -150022.40485223435     
         100   1.0016948034929918E-009  -2.0897914856932154E-009
         101   1.3664001874413856E-010   2.6193544555574988E-010
         102  -1.4739415243880671E-010   2.3283036609811347E-010
         103   1.3596965220408208E-010   3.4151488581546374E-010
         104  -1.4789043080443154E-010  -2.7806357216775268E-010
         105   6.7484503055159628E-010  -1.0895746596628619E-009
         106   1.3655193642492236E-010   6.8169378475424480E-010
         107  -9.5019532866946754E-010   6.3533875382937310E-010
         108  -2.3567921225708943E-010  -3.1059302872671335E-010
         109  -8.8831255835171579       -1.1201725311216215E-011
         110  -12914.162053039723       -84321.231124524958     
         111   2.2282608050372410E-011   1.1518750762246066E-009
         112   1.9653653704487795E-011  -3.3992836323548659E-011
         113   3.2180605923082251E-010  -5.5933979670186318E-011
         114  -1.0251715448772458E-010   2.8991420375490407E-010
         115  -2.1999124744098708E-011   1.3801515486022709E-010
         116  -2.1510828608801991E-009  -4.5770327805616517E-010
         117   4.6614606619144183E-010   2.7196783713989703E-010
         118   6.7138564846525028E-010   2.8785505923334398E-010
         119  -1.8212647362458867E-010   6.9800860924562613E-010
         120  -4.9528326578895943E-010  -2.3328677878353687E-010
         121  -6.4403635202658904E-011   4.7578153222760378E-011
         122  -4.5560083483664471E-011  -1.0547193673993149E-010
         123  -583.25008936795439       -169427.02491858837     
         124  -8.0781488442926985E-010  -5.3226738294664955E-010
         125   3.7193811919244979E-010  -3.2353170142940257E-010
         126   1.1380622260553919E-009  -1.2719282779793950E-009
         127   2.5615273790968729E-013   2.6852770007579352E-010
         128   2.2600028415538376E-009   1.6279951692288464E-010
         129   9.0437740629667474E-011   2.7324636997505536E-010
         130   2.3875727089839316E-010   5.0704331011619530E-010
         131  -71109.187978452872       -67631.093218089227     
         132  0.11630893916557589        1.0641007823150583E-011
         133   8.2418701724540355E-010   7.8335893327619033E-010
         134  -6.6045068719544631E-012   2.7034478822240970E-011
         135   6.4517870212998929E-012   1.7209761393743861E-011
         136  -179594.38003021636        5.7934811895782312E-010
         137  -4.0973113790698790E-011  -2.0060147987166488E-011
         138  -89797.190015108543        3.6470726438864176E-010
         139   1.5283475873761887E-011   3.9890535319386800E-011
         140  -5.4558293299811211E-010   1.9031133613456319E-010
         141  -1.7937029292425244E-010   8.6174638258551539E-010
         142  -7.3669986777602503E-011  -1.1370143715438985E-010
         143  -1.1881408357172774E-009   4.5611096843867216E-010
         144  -2.3531850079638872E-010  -9.8816561183712182E-010
         145   4.1185965748979925E-010   2.1464075482258149E-010
         146  -179594.38003021668       -1.8917479453588182E-010
         147   7.9498796434762653E-011   1.0754745011221090E-010
         148  -3.5057807351579484E-011  -6.9121281615069918E-011
         149  -2.0577409221012033E-010   3.3383447221868590E-010
         150   9.5579484257757308E-010   1.1297809909827095E-011
         151  -6.6768287426688389E-010   6.5710561991672023E-011
         152  -89797.190015107859        4.6358649904987281E-010
         153   1.1539187660947192E-010  -1.3287148464824483E-010
         154   3.6558518365370496E-009  -1.0015804661339667E-009
         155   7.9718999110300892E-010   2.6128004274039718E-010
         156  -2.9705672643931536E-010  -4.3246459885404320E-010
         157   6.4105203713079559       -1.9842452333995730E-012
         158   5.7198811659331383E-012  -5.3367744251575644E-012
         159  -7.3896189514699451E-011  -1.2050582753886374E-011
         160  -179594.38003021645       -2.1282156549215503E-010
         161  -2.4212522264921432E-010   2.2419005193952124E-010
         162  -1.5442818863953267E-009   7.1668154744131130E-010
         163   2.5586215247203059E-009   2.6685186699237917E-010
         164   3.8706080701667034E-010  -3.7061886545841638E-010
         165  -1.7959665699063265E-010  -8.1359957833371244E-010
         166  -1.0914005810214178E-011   5.2296222907699530E-011
         167  -3.3008905678255651E-010   8.6402347082570330E-011
         168  -89797.190015107728        2.5427469504957223E-010
         169   3.9219808217055840E-010   2.2538106797531654E-011
         170  -2.3251078354324939E-009  -5.5729278223420886E-010
         171   3.4688849015473977E-011  -1.8599163875698821E-010
         172  -6.5014868488866284E-011   5.0090458170171104E-010
         173   3.3064831164746447       -2.2822516662981962E-011
         174   2.4656249264509711E-012   2.1941549271931038E-011
         175   2.9650954955218189E-010   9.3451060258209484E-011
         176   1.2816381636526764E-011  -5.0850020374970661E-011
         177   2.3233048861495686E-009   8.8954147173248010E-010
         178  -7.9296583188614989E-011   2.7125681908990451E-010
         179  -5.9401095153788219E-012  -2.8426566656136742E-012
         180   2.2723021381176878E-011  -1.5931809344005288E-010
         181   1.0180375622365068E-009  -1.0393507235417765E-010
         182  -179594.38003021720        1.4563312101395498E-010
         183  -3.7851843187608480E-011   1.4199433295836172E-010
         184   5.6623128928678934E-011  -2.6739141890247398E-010
         185   1.7074193621458011E-010  -3.1604989458866584E-011
         186   2.6382271367531018E-011  -1.8837936766047392E-010
         187  -1.4185467731020474E-010  -2.8558156187075134E-010
         188   2.0378352477701256E-010   4.7148822693299230E-010
         189   1.7065428237206248E-010   6.8666268851491630E-011
         190   9.3200423940953403E-010   2.1856114140739180E-011
         191  -89797.190015107335       -1.4188111970014905E-010
         192   9.8376055565618792E-010  -5.4573262922574806E-010
         193   4.5311313728868541E-010   2.4962807515516161E-010
         194   8.2829034447528400       -7.0344576517944457E-013
         195   7.2391564097384897E-010  -3.9197835255411206E-010
         196  -4.3064552271432355E-010  -8.0604202132295022E-011
         197  -1.1382875544918569E-011  -7.2077236540346590E-011
         198  -1.9145932547703914E-009   6.4801519532309282E-010
         199  -1.0231818213871091E-010   1.0734131639100752E-010
         200  -3.0338779925809245E-010  -2.4380111471322685E-010
         201  -1.1371524381853515E-010   3.7289636656279157E-011
         202   8.9800500369108249E-010   1.2444395947747156E-010
         203   1.6609005685543077E-009  -8.0171581613025511E-010
         204  -179594.38003021671       -2.9831418108319796E-010
         205  -7.9239760586435892E-011  -7.0315628319939094E-011
         206   5.6911625065381166E-010  -2.3447899177853060E-010
         207  -8.5671809577081426E-010  -4.7742764949787464E-010
         208  -6.6593508138423907E-010  -9.0993575521669534E-013
         209  -8.7680328449135647E-010  -5.9182497498620062E-010
         210  -1.4736667441894724E-010   9.9603977843365499E-011
         211  -6.8539248170005909        2.3305421177968744E-012
         212  -6.8034592716481601E-012   7.8514417189978758E-012
         213   1.7704932138429275E-011  -6.5549952618648710E-013
         214  -7.7163388526035881E-012  -5.5703566759213174E-012
         215   1.2518867409730405E-010  -4.3030867064031142E-011
         216  -89797.190015106622        6.5824690294834232E-010
         217   5.2407665707132622E-010   1.1459677824732228E-010
         218   9.0096962009067472E-011   3.5910883641743219E-011
         219  -1.5369133049558670E-011   2.8307967081531160E-011
         220   1.5341334452800837E-010  -1.0255141180692817E-010
         221  -3.9802189322202253E-013   6.7303031203724828E-011
         222   3.5882443717716317E-010   2.9625743080529537E-010
         223   6.9564770610597293E-012  -1.1254809584304581E-011
         224  -1.0238201432477556E-010   7.0354004306355522E-011
         225  -6.9000807856062912E-010  -1.0140887478707339E-010
         226   5.4884437272750830E-011   1.2508387381426900E-010
         227  -6.8183699311608059E-010  -4.6384205504290676E-011
         228  -179594.38003021636        3.4152368433293390E-018
         229   7.2259370926044952E-010   1.5575814336227234E-010
         230   1.0221691210468564E-009  -2.4375167276312684E-010
         231   10.332225924734598       -7.1622442135085840E-012
         232   2.8549552479051332E-011   7.0031011805554710E-011
         233  -4.8513036643438312E-010  -3.0104238546435624E-010
         234  -3.9548770508490705E-011  -1.1823304488234321E-011
         235   7.9524332084746074E-010   2.5019582239327320E-010
         236   6.8268972072682566E-010   2.3486275251005662E-010
         237  -5.7184537487209308E-011   4.5492082323406180E-013
         238  -5.9694125884761709E-010   5.9026191746858192E-010
         239  -5.7697804867196112E-012   5.7241645451400203E-011
         240  -2.2737383156834490E-011  -9.4601486366752141E-011
         241  -89797.190015108499       -1.3416106506985992E-010
         242  -2.7873889090965220E-010   6.6819190805422757E-011
         243   2.9632482492075729E-010   3.2423489153970975E-010
         244  -3.4674641630205727E-011  -1.3074009930225117E-010
         245   1.3810116418488949E-010   2.8376237470872923E-010
         246   3.7406937662563822        1.6180847135262300E-011
         247  -2.2168892156032571E-012  -9.9617900733983689E-012
         248  -3.9729950883013454E-011  -4.5756962888804376E-011
         249   6.4232464833113845E-012   7.9566488814242220E-011
         250   3.0198309131090895E-012  -5.9853877062976402E-011
         251   1.0242760717284888E-009  -3.4561098774532617E-011
         252  -1.8161424794604919E-010   6.7870736808472998E-011
         253   5.3930350636666180E-011   3.9790726269472998E-011
         254  -8.4979883373248466E-012  -2.8872888455100387E-011
         255  -1.9684530394581401E-010  -1.5347728643533287E-010
         256  -6.2096460265448350E-010  -3.4106070051498349E-010
         257  -179594.38003021636        2.4920140429018130E-010
         258  -2.7255001814469049E-010  -1.4733815903444913E-010
         259   2.7318942247278599E-010   1.2618905920191992E-011
         260   4.3743535876883399E-010   1.1709536118509334E-011
         261   1.7392881430889837E-009   6.7764200067238489E-011
         262   6.0627114526617953E-010   1.7280257520041475E-011
         263  -1.6505337899382078E-009  -2.7330296012428867E-010
         264  -1.0137777371049816E-009   1.0231827884954470E-010
         265   4.5417758096077954E-011  -2.0463619340715944E-010
         266  -2.3544976515057585       -4.0074807621665043E-012
         267  -5.6559028294156377E-012  -1.2931972333263264E-011
         268   5.8598478586829872E-010  -1.1119865878789215E-011
         269  -2.3035771207213784E-011   1.4978057856496196E-011
         270  -89797.190015108252       -8.1998709038078044E-012
         271  -1.1823425918877639E-011   8.9208605780211059E-012
         272  -7.0870928570165859E-010  -1.4912860529792127E-010
         273  -1.4824750194791791E-010   3.1718537518710122E-011
         274   5.4497926310625999E-010  -1.0277264499494732E-010
         275   5.4603844189260453E-010   1.3937994855495184E-010
         276   3.1145946065291863E-010   2.8467189716607777E-010
         277  -3.3537785396053899E-011  -5.1382838955893462E-011
         278   1.7691525666316266E-009  -2.2009726680094488E-010
         279   4.5665193932582806        3.6504594919800626E-012
         280  -9.6026702214868642E-014   4.2489449458837925E-014
         281   9.2143342001610451E-011  -8.3218626434344856E-011
         282  -179594.38003021645        3.7061915157936970E-010
         283  -4.9382835060757246E-012   4.3770364936690509E-012
         284  -2.0748228439157468E-012  -5.6808099890837127E-012
         285  -2.8350737556193106E-012  -2.9628374406676095E-012
         286  -1.8688557732599032E-009  -4.2106773276429088E-010
         287   2.1601208929217242E-010   2.8407373675598535E-011
         288   7.6475867305525469E-011   5.4712050862049111E-012
         289  -5.6204650308866455E-012  -9.0977891886723228E-011
         290   1.4214842869409924E-009   4.6384305250890545E-011
         291   2.0378350591189476E-010  -1.4694044592200584E-010
         292  -5.3738690580784620E-010   5.6347374682852447E-012
         293   6.0994963940741442E-010  -6.9388939039072284E-017
         294   7.1874237334360047E-010  -2.1838357511239082E-011
         295   2.1341820932024858E-010  -1.1914373307386761E-010
         296   2.3704061716950386E-011   1.5825219606968588E-010
         297  -8.8043705485929546E-010   2.2552709699752427E-011
         298  -89797.190015107641       -3.2344017871985264E-011
         299   1.7955695090499102E-011   1.1355880125130113E-010
         300   3.2164298945281828        1.6910906811169746E-012
         301   8.6117822942211042E-012   9.1517952612897580E-012
         302  -2.2723222609100091E-011   9.5798737866081840E-012
         303  -2.0796100865666522E-010  -4.4991593783905159E-011
         304   6.6029340372100731E-010   7.3242708772958132E-011
         305  -1.1851936099205318E-011   2.0694571056800726E-011
         306  -4.5429228174437286E-010  -1.2084902523135099E-010
         307  -5.6274977733306031E-011   3.8653490130879931E-012
         308   8.2635414049708755E-010  -9.4359346725081394E-012
         309   2.1583462274377130E-010   5.0194455362972956E-011
         310   7.9029474219123597E-010   2.7285902010065755E-010
         311  -179594.38003021624        3.1832224573272172E-011
         312  -1.7763581838109443E-010   2.2737429994368341E-011
         313   9.1603286588026744E-011   1.0550143050847005E-010
         314  -4.5984195818310525        1.6090436547801579     
         315   1.7941257610424796E-013   8800.2313393416534     
         316   1.7059241389297264E-011   8807.9547373975365     
         317   8.1854566798700984E-012   26420.895008375148     
         318   2.8208624672232396E-012   17652.413164341739     
         319   8.5936030188617230E-010  -3.1968742583710075E-010
         320  -2.1600680228869851E-012   43857.209773135590     
         321  -5.6829168541133734E-011   26571.630831298244     
         322  -2.2282585932648091E-011  -3.6379806285513627E-011
         323  -5.1841206132573203E-011   61709.456413131273     
         324  -4.1166812233400796E-010   2.2680440858735551E-011
         325  -1.5088741714408549E-010   35379.188482438840     
         326   1.8576430300151596E-010   79560.807864121191     
         327  -89797.190015109634       -2.5022474023361774E-010
         328   2.3032938447145601E-010   43948.603238498057     
         329  -2.2686211278142611E-010  -1.3926627993182672E-010
         330   5.0158638588350835E-010   96795.152863504176     
         331   9.6633599776588253E-011   53053.135864086558     
         332   5.6871849699220711E-010   2.7455385794711296E-010
         333   1.1141419969766531E-010   114092.32159846595     
         334  -7.3555132796242206E-011   62127.929006864841     
         335   1.0589930672828818E-009   131923.48719310114     
         336  -179594.38003021671        4.8885223126460264E-012
         337   1.3650992535256708E-010   70858.960782739057     
         338  -1.0265214335026043E-010   150064.79738429814     
         339   3.4663135946647050E-010   78902.878536582793     
         340   9.8680205022974588E-010   167654.32278752615     
         341  -44898.595007555123        44540.584631760379     
