           1  0.89414299969002276        2.1112538712555029E-002
           2  -10.754262146991231       -847.20277798444363     
           3 -0.12202557524118207       -6.0704774540454309E-012
           4  -16.104759748891606       -847.07553336345563     
           5   4.7322146201622672E-012  -3.3173463975799677E-012
           6  -82.961758605877890       -2542.4261358666827     
           7 -0.11767880052928725       -1.4502288259166107E-011
           8  -70.411818458622378       -1694.8604120367461     
           9   3.6892711108293952E-012  -4.7890580390230753E-012
          10   9.6918029157677665E-012  -1.8956569647343713E-010
          11  -1.1613821015998838E-011   7.4251715886930469E-012
          12  -8.0841999761105399E-012  -3.7374547900981270E-011
          13  -230.26480978967726       -4240.4521791929292     
          14  -1.1468159755168017E-011   4.2902570385194849E-011
          15 -0.24904213527432750        5.2895465785240958E-012
          16  -163.22882455654229       -2544.6462101556381     
          17   1.0103917702508625E-011   1.4655832103471766E-011
          18   1.7053025658242404E-013   1.8469137330612284E-010
          19  -2.9775293342026998E-011   1.3073986337985843E-010
          20  -458.69240752796418       -5945.1963388411486     
          21  -3.2258640203508548E-012  -3.3828939649538370E-011
          22   3.0254909688665066E-011   2.9771740628348198E-011
          23 -0.18083542092146421        1.0117851001467670E-011
          24  -298.52292226912220       -3398.8691044494803     
          25  -4.1431746922171442E-011  -5.5990767577895895E-011
          26  -8.4888762685864094E-012  -1.3514522834157106E-011
          27   1.3983481039758772E-011   2.1643131731252652E-011
          28   2.2620127992922789E-011  -3.8120617773529375E-011
          29   2.9558577807620168E-011   3.7090330806677230E-012
          30  -5.5236704099570488E-011  -1.1709744285326451E-011
          31   4.9766413212637417E-011  -3.4552272154542152E-010
          32   7.0343730840249918E-012  -3.8397729440475814E-011
          33  -778.22690828781435       -7664.9837861199849     
          34  -2.2259527554524539E-011   3.0468072509393096E-011
          35   3.8156144910317380E-012  -2.8285285225138068E-010
          36  -483.20788303261963       -4263.1932136024488     
          37 -0.26624664036538848       -7.5903727747572702E-012
          38   2.4158453015843406E-012   2.8666136131505482E-010
          39   2.9601210371765774E-011  -6.7331029640627094E-011
          40   3.8596681406488642E-011   2.1276491679600440E-010
          41   7.4180661613354459E-012  -4.2659653587406865E-011
          42   2.6084023829753278E-011  -7.4237505032215267E-011
          43  -5.5550231081724633E-011   6.9690031523350626E-011
          44   7.1551653491042089E-012   2.4432011969111045E-011
          45  -1203.0706072836688       -9418.3403820453659     
          46   2.5089263999689138E-011  -4.5739056986349169E-010
          47  -1.7578827282704879E-010  -9.9760200100718066E-012
          48  -5.5564441936439835E-011  -5.0249582272954285E-011
          49  -6.2811977841192856E-012   1.3756107364315540E-010
          50  -734.67376386487422       -5147.3782653411208     
          51 -0.11282436270823859        1.3576806345838577E-011
          52   3.1434410630026832E-011   2.6159341359743848E-010
          53  -4.9712456373640634E-012  -1.5546675058430992E-011
          54  -2.7188917783860234E-011   1.0366818514739862E-011
          55   1.0231815394945443E-010   2.0727952687593643E-010
          56   6.0040861171728466E-012  -2.5949020709958859E-011
          57  -3.3137936839011672E-011  -6.5071503740909975E-011
          58  -9.3479002316598780E-011   3.4145841709687375E-010
          59   4.9439563554187771E-011   3.1889157980913296E-011
          60  -4.3499426283233333E-011   5.9188209888816345E-011
          61  -1751.5488699799957       -11250.256955472056     
          62   1.7264412122131034E-011   2.4709834178793244E-010
          63  -1.6206058717216365E-010  -3.9727865441818722E-010
          64   3.6282088444750116E-011  -7.2873262979555875E-011
          65   9.0906837613147218E-011   1.8781065591610968E-010
          66   4.8054005219455576E-011  -6.0254023992456496E-011
          67   3.6477487697084143E-012   1.0402345651527867E-010
          68 -0.15490730501226124       -5.2819970619566448E-012
          69  -1087.4588363589842       -6090.9671898632132     
          70  -4.0245140553452075E-011   4.8947867981041782E-010
          71   2.4829915901136701E-011  -1.9795054484461616E-011
          72  -4.5858428165956866E-011  -1.6882495401659980E-011
          73  -3.0340174816956278E-012  -4.6327386371558532E-012
          74  -4.4082071326556616E-011  -1.2414602679200470E-010
          75  -1.7745804825608502E-011   1.0610179401737696E-010
          76  -2.3561597117804922E-011  -4.0193981476477347E-010
          77   2.3897328560451570E-011   3.5799985198536888E-010
          78  -2413.3001019390749       -13267.101595794386     
          79   3.6024516703037079E-012   3.5740299608733039E-012
          80   1.1115730558231007E-010   4.7290882321249228E-010
          81   1.3902479167882120E-010   3.1150193535722792E-010
          82   1.0038547770818695E-010  -7.9126039054244757E-011
          83   6.2655658439325634E-011  -9.5369045993720647E-011
          84  -2.0548895918182097E-011  -4.5133674575481564E-010
          85  -3.3326286681402389E-002   3.6302072459193369E-012
          86  -1806.3381524397594       -7088.5000520779749     
          87  -4.7579717943335709E-012  -1.8076207197736949E-011
          88  -1.2471446098061278E-010  -2.1566393115790561E-010
          89  -1.7465140444983263E-011  -7.9653617035546631E-011
          90  -1.0041389941761736E-010   1.2249756764504127E-010
          91  -1.6884271758499381E-012   1.0579981335467892E-011
          92  -1.0262013461215247E-011   1.9986146071460098E-010
          93   4.3949288652811447E-012  -1.0552980711509008E-010
          94   4.6107118123472901E-010  -3.4594904718687758E-010
          95  -5.3632653873592062E-012   9.9760200100718066E-012
          96  -2.2350343797938876E-011   1.1073097994085401E-010
          97   1.0853185017367650E-010  -2.1978507902531419E-010
          98   1.5848655721129035E-010   2.2487256501335651E-010
          99  -3056.8683945277799       -15816.178417524026     
         100   5.3461235438589938E-011  -2.2109247765911277E-010
         101   2.0521362387171393E-011  -5.4726001508242916E-011
         102  -7.7278627941268496E-011   2.8563817977556027E-012
         103  -1.0259526561640087E-010   7.1572969773114892E-011
         104   2.3759660905398050E-011   9.2882146418560296E-011
         105  -3.3526248444104567E-010   1.3574208423960954E-010
         106   4.3509196245850035E-011  -1.3267253962112591E-010
         107  -2.0912693798891269E-010  -1.6711965145077556E-010
         108  -3.4996894271444035E-011  -1.2019540918117855E-010
         109  -3.2779998427065860E-002   1.0982326159592048E-012
         110  -3761.7677777286931       -9592.3700575134717     
         111  -8.3559825725387782E-012  -1.9292656361358240E-010
         112   8.4954265844316978E-012  -1.1135425914687858E-011
         113   5.4214410738495644E-012   1.1687006917782128E-010
         114   1.1972645097557688E-011  -6.1849636523447771E-011
         115   6.6471272930357372E-012   4.4268588794693642E-011
         116  -2.3646862246096134E-011   5.5786131269996986E-010
         117  -2.8918201167016377E-011   1.7450929590268061E-011
         118  -1.0341949518988258E-010   6.8212102632969618E-011
         119   1.6865797647369618E-010   6.4762417650854331E-011
         120   5.0393467176945705E-011   1.0848566489585210E-010
         121   3.2294167340296553E-011  -1.3707790458283853E-010
         122  -1.0160761121369433E-012  -4.8900439253429795E-011
         123  -459.24868569546049       -19400.913197479153     
         124  -5.9212190706148249E-011  -1.0663825378287584E-010
         125   4.1927350480364112E-011  -1.1254996934439987E-010
         126   7.7761797001585364E-011   3.9153746911324561E-010
         127  -1.9062085243604088E-011  -2.4797941478027496E-011
         128  -2.3099744339560857E-010  -4.6827608457533643E-010
         129   1.6022738691390259E-011  -1.3868728387933515E-010
         130  -1.7446133426801680E-010   2.0196466721245088E-010
         131  -9373.8633044613198       -12399.005808379330     
         132   1.3726384290720706E-002   8.6596285697737585E-012
         133  -1.9400481221509835E-010   2.2737367544323206E-012
         134   5.2912674242122648E-012  -5.6132876125047915E-012
         135   9.0196738966596968E-012   3.1576519177178852E-011
         136  -5131.2680008633888       -1.1410605793571449E-010
         137   2.1576074260565292E-011  -4.6924242269597016E-011
         138  -2565.6340004317963       -2.4402879716944881E-010
         139  -3.3750779948604759E-013   1.7124079931818414E-011
         140  -5.0347281899121299E-011   1.1006306976923952E-010
         141  -5.6407323256735253E-011  -1.5318946111619880E-010
         142  -7.5792705445110187E-012   2.8308022592682391E-011
         143   2.5523583246922499E-010  -5.1920778787462041E-010
         144   2.7021229698220850E-010  -3.9131009543780237E-010
         145  -7.8898665378801525E-011   7.6170181273482740E-011
         146  -5131.2680008632260       -1.6752821352383762E-010
         147   1.2673195826096162E-013   5.9145577324670739E-011
         148   3.7564618082797097E-011   7.6283868111204356E-011
         149  -4.1353587221237831E-012   9.3933749667485245E-012
         150  -1.8022561221187061E-010   4.3286263462505303E-010
         151  -2.9807711854346053E-011   1.2900613910460379E-010
         152  -2565.6340004317221       -9.1063157015014440E-011
         153  -5.6026294714683900E-012   6.2847504977980861E-011
         154   1.2531309323549067E-011   3.0792079996899702E-010
         155   2.3458568421119708E-011  -3.4788172342814505E-011
         156   1.0588863119664893E-010   8.8903107098303735E-011
         157   3.6405921380810918E-002  -1.6406875857910563E-012
         158  -3.4451053121387076E-012   4.2144066014770942E-012
         159  -4.9890647169092972E-013  -6.6683547572665702E-011
         160  -5131.2680008633388       -1.5216272686302545E-011
         161   5.9899196713786296E-011  -1.5205614545266144E-010
         162   2.1381740822334905E-010   1.5143086784519255E-010
         163  -1.8761037168246730E-010   1.3073986337985843E-010
         164   3.0249580618146865E-011   2.3844393126637442E-010
         165  -5.1519233323915614E-011  -3.4513547575443226E-010
         166  -9.6471164390266040E-012  -2.2307489189188345E-011
         167  -1.9496582126521389E-010   5.7866600400302559E-011
         168  -2565.6340004317394       -8.9869445218937472E-011
         169   1.9311485743855883E-010  -8.0234485722030513E-011
         170  -6.2111737975101278E-010  -1.2209966371301562E-010
         171   2.1380786030533727E-011  -9.0921048467862420E-011
         172   8.0143891523221100E-011  -1.6132162272697315E-010
         173   3.0516529222135443E-002  -2.8695934517486421E-012
         174   2.1604940059205546E-012   2.6290081223123707E-012
         175   8.0942808011741363E-011   2.3546675720353960E-010
         176  -8.3891782409750704E-012  -2.8087754344596760E-011
         177  -1.4087531141626641E-010  -3.1832314562052488E-011
         178   5.5888627059630380E-012   1.3889689398638438E-010
         179  -5.6488147492927965E-012  -3.2997604648699053E-011
         180  -2.4790391961460045E-011  -4.9126924750453327E-011
         181   1.0531575611594235E-011  -1.8303580873180181E-010
         182  -5131.2680008632806       -1.7461587731304462E-011
         183  -6.8531846864061663E-012  -8.0717654782347381E-012
         184   2.6993962620736056E-012  -5.4996007747831754E-012
         185   1.9202595069600648E-010   1.0459189070388675E-010
         186  -1.5596413049934199E-012  -6.0481397667899728E-011
         187  -1.9990764599242539E-010  -6.9803718361072242E-011
         188   1.5384138407625869E-011   9.0530249963194365E-011
         189   7.0810024510592484E-012   1.3272938303998671E-011
         190  -2.7783997325059318E-011   3.2876812383619836E-011
         191  -2565.6340004316489       -1.8155787984142080E-010
         192  -7.3269390554742131E-011  -3.5015546018257737E-011
         193  -9.3466567818722979E-011   7.2873262979555875E-011
         194   5.8560090144106312E-002  -4.0167869030938164E-012
         195  -1.5279777443311104E-011   1.2960299500264227E-011
         196  -5.4832804963211856E-011  -8.2884810126415687E-011
         197   7.1291861303279802E-012   1.2847611863264774E-011
         198  -2.3819879402253719E-010  -3.7880454328842461E-010
         199   1.5013768006610917E-011   1.6850076889340926E-011
         200  -5.2247983717279567E-011   1.8985701899509877E-011
         201  -1.2903456081403419E-011   6.7039707118965453E-012
         202  -1.5369927552910667E-011   6.3693050833535381E-011
         203  -2.8495783510606998E-010  -1.2062173482263461E-010
         204  -5131.2680008632724       -7.8507866874133470E-011
         205   2.4500401707427955E-011  -1.5731416169728618E-011
         206   7.0853878320065178E-011  -2.5927704427886056E-011
         207   1.0578915521364252E-010   2.1896084945183247E-010
         208  -9.8931529635137849E-011   3.9108272176235914E-011
         209   2.0679946644008851E-010  -1.9514345694915392E-010
         210   2.6788349316575477E-011   3.9186431877169525E-011
         211   3.1149995352873085E-002   3.0519475835433241E-012
         212  -1.8970797155404284E-012  -3.5242919693700969E-012
         213  -4.5859982478191341E-012  -2.2723156689608004E-011
         214   2.3558821560243359E-011   1.4523493518936448E-011
         215  -4.8057113843924526E-012   3.0894398150849156E-011
         216  -2565.6340004318258        1.4222223398974165E-010
         217  -2.3607604759945389E-010   4.4110493035987020E-011
         218  -1.1363798790853252E-011  -4.0897418784879846E-010
         219   8.3097972947143717E-012   1.0800249583553523E-011
         220  -1.3124612507908751E-011   3.0837554731988348E-012
         221  -5.1886939189671466E-011  -5.9863225487788441E-012
         222   5.9698912480143917E-012   6.4176219893852249E-011
         223   1.5997869695638656E-011   2.4442670110147446E-011
         224  -5.5104365515035170E-011  -1.4523493518936448E-011
         225   1.5542944709068252E-010  -9.2086338554508984E-011
         226   2.1657342585967854E-011   1.6484591469634324E-011
         227  -3.5448310953256623E-011  -9.2086338554508984E-012
         228  -5131.2680008633224        1.0274447959091049E-010
         229   1.6375345524011209E-011   1.3093881534587126E-010
         230  -4.6044501544884042E-011  -1.9741719370358624E-010
         231   5.6712383995432020E-002  -2.0663470934323414E-012
         232   1.9031443088124433E-012  -5.4942717042649747E-012
         233  -1.2179235397979937E-010   5.8435034588910639E-011
         234   7.6938455606523348E-012  -4.1057823807477689E-011
         235  -3.3963498680122939E-011   7.4379613579367287E-011
         236  -9.0558116561112456E-012   8.5066176325199194E-011
         237   1.1970868740718288E-011   4.8157033916140790E-012
         238  -4.3189452014757990E-011   1.2687451089732349E-010
         239   1.3388934405611508E-010   3.4788172342814505E-011
         240   6.4632743601578113E-012   6.7235106371299480E-011
         241  -2565.6340004317949        1.1681322575896047E-010
         242  -2.0500934283518291E-011   1.2812506611226127E-010
         243  -4.7079451448439613E-011   2.2427926182899682E-010
         244  -2.5655033653038117E-011   3.5052849511885142E-011
         245   2.4213520077864814E-011   1.4438228390645236E-010
         246   2.6266766219094555E-002   4.9243942257248818E-013
         247  -2.6026542032653310E-012   1.3926637620897964E-012
         248  -4.3124392945514955E-012   5.4853899200679734E-012
         249   4.9727999495985387E-012   8.4128259913995862E-012
         250  -5.4369841961943166E-012  -7.1622707764618099E-012
         251  -6.8212990811389318E-011  -2.6830093702301383E-010
         252   3.0944136142352363E-012  -2.2437163238464564E-011
         253   2.2317259151805047E-011  -3.2173375075217336E-011
         254  -1.0398570893244141E-011   5.8975047068088315E-012
         255  -2.1595170096588845E-011   1.1823431123048067E-011
         256   7.1587180627830094E-013   2.4283508537337184E-010
         257  -5131.2680008634179       -6.2833294123265659E-011
         258   8.0100370780655794E-012  -2.4499513529008254E-011
         259   3.1748381701390826E-011   2.3186785824691469E-011
         260  -1.7359447213038948E-011   1.1368683772161603E-012
         261  -1.8206436358525480E-010   1.4000534065417014E-010
         262  -1.0468959033005376E-010   3.5839775591739453E-011
         263  -2.9212765539909924E-010  -4.8726178647484630E-010
         264   1.7199308643967015E-010   3.2173375075217336E-011
         265  -1.0843481668132426E-010   2.4847679469530703E-010
         266   4.8281374426918974E-002   1.2856382625159313E-013
         267   4.8947512709673902E-012  -1.1491474438685145E-011
         268   5.5883297989112179E-011   7.2958528107847087E-011
         269   3.4536817850039370E-012  -1.8277823699008877E-011
         270  -2565.6340004317267        3.5583980206865817E-011
         271  -1.8749446439869644E-012  -6.7812422344104561E-012
         272   1.3315748503828218E-010   3.6834535421803594E-011
         273   1.1093348462054564E-011   1.8885337738083763E-011
         274  -2.7676083647065752E-011  -5.7980287238024175E-012
         275   2.9449276350845821E-011   2.2966517576605838E-010
         276   1.2056133869009500E-010  -2.2737367544323206E-013
         277  -1.8080648089835449E-011  -1.9621637648015167E-011
         278  -2.3103430280002613E-010  -9.8680175142362714E-011
         279   2.1663196350873035E-002   3.3290037393385319E-013
         280  -1.7819079545233762E-012   2.3305801732931286E-012
         281   6.8641536898894628E-011  -1.1798206855928584E-010
         282  -5131.2680008633897        8.4757090235143551E-011
         283  -5.1360027342184367E-012   1.7763568394002505E-013
         284  -9.9142360987514166E-012   4.1495695768389851E-012
         285  -1.7210344260831789E-011   1.8985701899509877E-011
         286  -4.0265391021421237E-010   2.2805579646956176E-010
         287   3.9646064209364340E-013   1.9781509763561189E-011
         288  -2.4404256393495416E-011   3.6806113712373190E-012
         289  -2.8691493625387920E-011   1.1027623258996755E-011
         290  -3.0276670059947719E-011   2.1543655748246238E-011
         291   5.8768989674717886E-011  -8.1012530017687823E-011
         292  -2.7792879109256319E-011   2.1913137970841490E-011
         293  -5.8646421052799269E-012  -1.1254996934439987E-011
         294   5.8624216592306766E-011  -1.5984369383659214E-010
         295  -8.1181061872825921E-011   1.4154011296341196E-011
         296  -4.2878811612467871E-011   5.9293014942340960E-011
         297   1.2714540531533203E-010  -1.0800249583553523E-011
         298  -2565.6340004317808       -2.5011104298755527E-011
         299  -8.3646201076703619E-011   3.4731328923953697E-011
         300   4.2289543502908096E-002   2.5357493882438575E-013
         301   1.8274270985330077E-012  -3.3351099659739702E-013
         302  -5.2260418215155369E-012  -3.3959501877234288E-012
         303  -5.9472426983120386E-011   4.1154635255225003E-011
         304  -5.5450088964903443E-011  -1.3894663197788759E-011
         305   1.1740830530015955E-011  -8.6597395920762210E-013
         306   1.6146195491728577E-010  -1.9724666344700381E-011
         307   2.4452440072764148E-011  -3.4434677331773855E-012
         308   9.8174801621553343E-012   2.6602720026858151E-011
         309  -1.6431300764452317E-013   7.3274719625260332E-012
         310  -1.9233614700908674E-010  -1.9497292669257149E-011
         311  -5131.2680008632806       -6.3597127564207767E-011
         312  -8.2208018170604191E-011   1.5006662579253316E-011
         313  -1.5727863456049818E-011   2.3607782395629329E-012
         314   9.9513405836621355E-003   1.0419993804122840E-002
         315  -5.9646038108596144E-013   962.56244144964683     
         316  -1.3317125180378753E-012   962.48637889355643     
         317   4.6194853497993904E-012   2886.3396694749922     
         318  -5.1899595732152193E-012   1923.6405594659761     
         319  -1.3187617664556228E-011  -2.9672264645341784E-011
         320   4.1853465138075308E-012   4806.2883966051259     
         321  -9.2762464376505704E-012   2882.3350539529065     
         322  -2.7667645952078601E-011  -1.9312551557959523E-011
         323  -2.3836377316399648E-011   6720.5346296843891     
         324   1.4775780599052268E-010   9.0949470177292824E-012
         325  -9.7879482297003051E-012   3837.8466902200225     
         326  -1.9511448012821120E-011   8628.1871299527065     
         327  -2565.6340004316548       -5.6843418860808015E-014
         328   1.0016654172773087E-011   4790.0256996062244     
         329  -4.7216675014283283E-012   1.7349677250422246E-011
         330   8.6480336780603295E-011   10529.642562412504     
         331   2.2628787732514866E-011   5739.4289695117332     
         332   4.9193149553872217E-011   2.8727242806780851E-011
         333   1.7801093932234835E-011   12426.787845627327     
         334   1.3217704708523570E-011   6687.3859685415437     
         335  -2.7073076419581454E-011   14323.049022488885     
         336  -5131.2680008633524       -6.8212102632969618E-013
         337   7.0155270481819798E-011   7635.9811255334844     
         338  -3.8794911727535464E-011   16223.239996528766     
         339  -3.1786781540255049E-011   8587.9204444970128     
         340   7.6772616042219965E-011   18133.253632202181     
         341  -1282.8170002158499        4772.9498639214580     
