           1   1.4631430904026792        3.4547790618001173E-002
           2  -17.597883513258232       -1304.6980094153544     
           3 -0.19967821403290875       -1.0055734023239893E-011
           4  -26.353243225458822       -1304.4897909446477     
           5   7.5175421443418600E-012  -4.9027448767446913E-012
           6  -135.75560499143666       -3915.4322495588221     
           7 -0.19256530995650611       -2.4372170948083749E-011
           8  -115.21933929592770       -2610.1403287599328     
           9   4.9094062148924422E-012  -6.0822458181064576E-012
          10   1.5859313862165436E-011  -3.0963320796217886E-010
          11  -1.8427925851938198E-011   1.1404210908949608E-011
          12  -1.3940848475613166E-011  -6.1248783822520636E-011
          13  -376.79696147401722       -6530.7527022470258     
          14  -1.8879120489145862E-011   6.8368422034836840E-011
          15 -0.40752349408539601        8.6344265071147674E-012
          16  -267.10171291070691       -3919.0650983952978     
          17   1.6171952665899880E-011   2.1930013360815792E-011
          18   3.3537617127876729E-012   3.0152591534715611E-010
          19  -4.8203219193965197E-011   2.1429968910524622E-010
          20  -750.58757595485145       -9157.0664361893723     
          21  -4.9169557314598933E-012  -5.3823612233827589E-011
          22   4.6568970901716966E-011   3.9321434996963944E-011
          23 -0.29591250696232674        1.7039203381585821E-011
          24  -488.49205462219925       -5235.2505708623949     
          25  -6.1277205531951040E-011  -8.5037754615768790E-011
          26  -1.3914203123022162E-011  -2.1074697542644572E-011
          27   2.2339463612297550E-011   4.1737280298548285E-011
          28   3.7591263435388100E-011  -6.1199045831017429E-011
          29   4.5474735088646412E-011   1.5148771126405336E-011
          30  -9.1520568901160004E-011  -1.6484591469634324E-011
          31   7.5829120760317892E-011  -5.7272586673207115E-010
          32   1.3251622021925868E-011  -6.9036332206451334E-011
          33  -1273.4622135618783       -11807.996458981812     
          34  -3.7069014524604427E-011   5.0761173042701557E-011
          35   2.9203306439740118E-012  -4.5952219807077199E-010
          36  -790.70380859883437       -6567.9653040080620     
          37 -0.43567632059777983       -1.2321699216499837E-011
          38   3.4106051316484809E-012   4.6939874209783738E-010
          39   4.8302695176971611E-011  -1.0592771104711574E-010
          40   6.2073013396002352E-011   3.3651303965598345E-010
          41   1.2093437362636905E-011  -6.8427041810537048E-011
          42   4.1428194208492641E-011  -1.2278178473934531E-010
          43  -9.4246388471219689E-011   1.1186784831807017E-010
          44   1.1979750524915289E-011   3.9975134313863236E-011
          45  -1968.6609937369149       -14513.857815923153     
          46   4.1602277178753866E-011  -7.4348349698993843E-010
          47  -2.8222757464391179E-010  -1.6640910871501546E-011
          48  -9.0381035988684744E-011  -7.8824058391546714E-011
          49  -5.8832938520936295E-012   2.2669155441690236E-010
          50  -1202.1934317788923       -7933.1797613848858     
          51 -0.18462168443154869        2.2291835044541131E-011
          52   4.9041659622162115E-011   4.3348791223252192E-010
          53  -8.4505735742368415E-012  -2.5394797376065981E-011
          54  -4.3801406945931376E-011   1.5738521597086219E-011
          55   1.6200374375330284E-010   3.4157210393459536E-010
          56   9.2059693201917980E-012  -4.2462033889023587E-011
          57  -5.4338755717253662E-011  -1.0864198429771932E-010
          58  -1.4898660083417781E-010   5.5314330893452279E-010
          59   7.5203843152849004E-011   4.8203219193965197E-011
          60  -7.0457417677971534E-011   9.8754782129617524E-011
          61  -2866.1708781490834       -17348.271863321159     
          62   2.6577851031106547E-011   3.9790393202565610E-010
          63  -2.6193447411060333E-010  -6.4159166868194006E-010
          64   5.5120352726589772E-011  -1.1743850336642936E-010
          65   1.4750867194379680E-010   2.9444890969898552E-010
          66   8.4909856923331972E-011  -7.6170181273482740E-011
          67   8.1055162581833429E-012   1.6927970136748627E-010
          68 -0.25348468092933563       -8.7450047203674330E-012
          69  -1779.4780958601527       -9395.6005560436479     
          70  -5.9344529290683568E-011   7.9944584285840392E-010
          71   4.0223824271379272E-011  -3.0716429400001743E-011
          72  -7.9381834439118393E-011  -3.8468783714051824E-011
          73  -5.3717030823463574E-012  -1.0999201549566351E-011
          74  -8.1087137004942633E-011  -2.0929746824549511E-010
          75  -2.9309887850104133E-011   1.7511325722807669E-010
          76  -2.9331204132176936E-011  -6.6296479417360388E-010
          77   2.6048496692965273E-011   5.8321347751189023E-010
          78  -3949.0365304457587       -20485.295474730243     
          79   6.4375171859865077E-012   1.3484324767887301E-011
          80   1.7899992599268444E-010   7.8387074609054253E-010
          81   2.4402169174209121E-010   5.1602455641841516E-010
          82   1.4097167877480388E-010  -1.0936673788819462E-010
          83   1.1229417395952623E-010  -1.5714363144070376E-010
          84  -3.3082869776990265E-011  -7.2191141953226179E-010
          85  -5.4533923660473105E-002   6.1466387535347167E-012
          86  -2955.8260676286923       -10946.293248745000     
          87  -7.9178885670216914E-012  -2.9913849175500218E-011
          88  -1.9394974515307695E-010  -3.4935965231852606E-010
          89  -2.7313262762618251E-011  -1.2697931595084810E-010
          90  -1.6964918359008152E-010   2.0605739337042905E-010
          91  -3.3733016380210756E-012   1.4559020655724453E-011
          92  -1.1716849712684052E-011   3.2559910323470831E-010
          93   7.3216988027979824E-012  -1.7038814803527202E-010
          94   7.4805939220823348E-010  -5.5604232329642400E-010
          95  -9.6127550364144554E-012   1.2761347534251399E-011
          96  -3.6629810296062715E-011   1.7678303265711293E-010
          97   1.6421353166151675E-010  -3.6223468669049907E-010
          98   2.5781332624319475E-010   3.6493474908638746E-010
          99  -5002.1482819545417       -24493.244473896739     
         100   7.1565864345757291E-011  -3.7428549148899037E-010
         101   3.7152503296056238E-011  -9.4516394710808527E-011
         102  -1.2681766747846268E-010   5.0697224196483148E-012
         103  -1.7367085547448369E-010   1.1802825383711024E-010
         104   4.3101522351207677E-011   1.4938450476620346E-010
         105  -5.1929305300291162E-010   2.2487256501335651E-010
         106   9.2855501065969293E-011  -2.2180302039487287E-010
         107  -3.4799541026586667E-010  -2.7853275241795927E-010
         108  -5.8578919492902060E-011  -1.9659296413010452E-010
         109  -5.3639997425945274E-002   1.7137402608113916E-012
         110  -6155.6199999196679       -14961.901266716619     
         111  -2.3078428057488054E-011  -3.1070612749317661E-010
         112   1.3811174426336947E-011  -1.9154899888462751E-011
         113   4.9489301545690978E-012   1.9326762412674725E-010
         114   1.9682033780554775E-011  -1.0122969129611192E-010
         115   1.4132695014268393E-011   6.0632387999248749E-011
         116  -4.9908521759789437E-011   9.0642515715444461E-010
         117  -3.6105340939229791E-011   3.4162894735345617E-011
         118  -1.5415224652315374E-010   1.1755219020415097E-010
         119   2.7417712544774986E-010   1.1783285458477621E-010
         120   9.3404395329343970E-011   1.7135448615590576E-010
         121   3.4034997042908799E-011  -2.2322410586639307E-010
         122  -1.6626700016786344E-012  -8.0372153377084032E-011
         123  -751.49784931984868       -30195.906495613999     
         124  -9.1398888457661087E-011  -1.8940227164421231E-010
         125   7.0190964152061497E-011  -1.8815171642927453E-010
         126   1.4202328202372883E-010   6.4142113842535764E-010
         127  -2.9022118042121292E-011  -4.2305714487156365E-011
         128  -3.4788172342814505E-010  -7.6113337854621932E-010
         129   2.2239987629291136E-011  -2.2105339780864597E-010
         130  -3.0953728469285124E-010   3.2451907827635296E-010
         131  -14522.710952617554       -19881.113186370229     
         132   2.2461356112090547E-002   1.4468093390007652E-011
         133  -3.2089886303765525E-010   5.4569682106375694E-012
         134   8.8619112048604620E-012  -9.0949470177292824E-012
         135   1.4849899088176244E-011   5.2267523642512970E-011
         136  -5131.2680008634206       -1.8207302332484687E-010
         137   3.5891289940082061E-011  -7.5971229307469912E-011
         138  -2565.6340004318822       -4.0637360143591650E-010
         139  -4.6185277824406512E-013   2.8066438062523957E-011
         140  -7.9854345358398859E-011   1.8384938016424712E-010
         141  -9.9175778700555384E-011  -2.5599788955332770E-010
         142  -1.6398438162923412E-011   4.7407411329913884E-011
         143   4.4007464339301805E-010  -8.4310158854350448E-010
         144   4.1763570379771409E-010  -6.2527760746888816E-010
         145  -1.1714718084476772E-010   1.4620127330999821E-010
         146  -5131.2680008631623       -2.7247537559560442E-010
         147  -1.7368884108748261E-012   9.3166363512864336E-011
         148   5.9598548318717803E-011   1.2801137927453965E-010
         149  -2.4130031306413002E-011   1.2860823517257813E-012
         150  -2.6923174800685956E-010   7.0502892413060181E-010
         151  -5.9221516579555100E-011   2.0938273337378632E-010
         152  -2565.6340004317635       -1.4557599570252933E-010
         153  -1.0253131677018246E-011   8.4433793290372705E-011
         154  -9.4280139251168293E-012   5.1721826821449213E-010
         155   3.1491254048887640E-011  -4.9908521759789437E-011
         156   1.5040413359201921E-010   1.4620127330999821E-010
         157   5.9573325895839913E-002  -2.5794921754140887E-012
         158  -5.4565796325789506E-012   7.0191630285876272E-012
         159  -2.4980018054066022E-015  -1.0786660453732111E-010
         160  -5131.2680008633515       -2.9093172315697302E-011
         161   9.2228891190870854E-011  -2.4556356947869062E-010
         162   3.8781955424838088E-010   2.5806912162806839E-010
         163  -3.2210190070713907E-010   2.1111645764904097E-010
         164   5.3116622211746289E-011   3.8094327692306251E-010
         165  -8.6836315915661544E-011  -5.5706905754959735E-010
         166  -1.5062728841996886E-011  -3.3100633345384267E-011
         167  -3.2460789611832297E-010   9.2882146418560296E-011
         168  -2565.6340004317553       -1.6109424905152991E-010
         169   3.1564439950670931E-010  -1.2559553397295531E-010
         170  -1.0055671850750514E-009  -1.9690560293383896E-010
         171   3.5891067895477136E-011  -1.4717471685798955E-010
         172   1.4775025647395523E-010  -2.6000179786933586E-010
         173   4.9936138727155438E-002  -4.4487746819754648E-012
         174   3.5049740887416192E-012   4.2206238504149951E-012
         175   1.1979128800021499E-010   3.8587444350923761E-010
         176  -1.3761658479438665E-011  -4.6789239149802597E-011
         177  -2.2138868516208277E-010  -5.0931703299283981E-011
         178   1.2039258479035198E-011   2.2521717824020016E-010
         179  -8.1668005691426515E-012  -5.2494897317956202E-011
         180  -4.0000891488034540E-011  -8.0561335380480159E-011
         181   5.2966520058816968E-012  -2.9922375688329339E-010
         182  -5131.2680008632551       -3.4372504842394846E-011
         183  -1.2361667245386343E-011  -1.2846612662542611E-011
         184   5.8189009166653705E-012  -1.1070255823142361E-011
         185   3.0382452109734004E-010   1.6029844118747860E-010
         186  -1.7212897773788427E-012  -9.8680175142362714E-011
         187  -3.3131541954389832E-010  -1.2073542166035622E-010
         188   2.1918467041359690E-011   1.4051693142391741E-010
         189   7.0654593287144962E-012   1.2875034371973015E-011
         190  -3.7868375102334539E-011   5.4114934755489230E-011
         191  -2565.6340004316266       -2.8740032576024532E-010
         192  -1.3192291703489900E-010  -4.2973624658770859E-011
         193  -1.4926015978744545E-010   1.1584688763832673E-010
         194   9.5825602054074061E-002  -6.7523764357702021E-012
         195  -2.2019275291995655E-011   2.6489033189136535E-011
         196  -7.8512751855441820E-011  -1.2421708106558071E-010
         197   1.1258993737328638E-011   2.1377677406064777E-011
         198  -3.6520475532597629E-010  -6.3346305978484452E-010
         199   2.4115820451697800E-011   2.5206059461879704E-011
         200  -8.5485396539297653E-011   2.6943780540022999E-011
         201  -2.1657342585967854E-011   1.1727507853720454E-011
         202  -2.3794299863766355E-011   1.1303313840471674E-010
         203  -4.7877435349619191E-010  -1.9383605831535533E-010
         204  -5131.2680008632406       -1.2645529068322503E-010
         205   4.0634162701280729E-011  -2.6524560325924540E-011
         206   1.1377232489451217E-010  -4.0103032006300054E-011
         207   1.8032153548119823E-010   3.6061464925296605E-010
         208  -1.6742696118399181E-010   5.6616045185364783E-011
         209   3.3758551509777135E-010  -3.1928948374115862E-010
         210   4.2026826463370526E-011   5.9703353372242418E-011
         211   5.0972719668358979E-002   5.0352499947337037E-012
         212  -3.3395786136480865E-012  -5.6132876125047915E-012
         213  -7.0861094769725241E-012  -3.6649794310505968E-011
         214   3.9808378815564538E-011   2.2282620193436742E-011
         215  -7.3439032632904855E-012   5.1386450650170445E-011
         216  -2565.6340004319213        2.3732127374387346E-010
         217  -3.9025138676151983E-010   7.2759576141834259E-011
         218  -2.3297808127153985E-011  -6.6651750785240438E-010
         219   1.3134382470525452E-011   1.5973000699887052E-011
         220  -2.3737456444905547E-011   4.6753712013014592E-012
         221  -8.4182438797597570E-011  -1.4441781104324036E-011
         222   1.9716228649713230E-011   1.1192469173693098E-010
         223   2.7139179792357027E-011   4.1154635255225003E-011
         224  -8.5332629851109232E-011  -2.3675283955526538E-011
         225   2.7317170747664932E-010  -1.4460965758189559E-010
         226   3.8220093756535789E-011   2.4442670110147446E-011
         227  -6.0900173792788337E-011  -1.2938983218191424E-011
         228  -5131.2680008633224        1.6143530956469476E-010
         229   3.8552272485503636E-011   2.1370283320720773E-010
         230  -7.6521455838474139E-011  -3.1201352612697519E-010
         231   9.2802082901580707E-002  -3.2414071426956070E-012
         232   3.0238034298690764E-012  -8.9930285440686930E-012
         233  -2.0700596792266879E-010   9.1063157015014440E-011
         234   1.2589929099249275E-011  -6.5379701652545918E-011
         235  -4.2101877539835186E-011   1.2292389328649733E-010
         236  -3.2543412409324901E-011   1.4087220279179746E-010
         237   1.9046098032049485E-011   8.4341422734723892E-012
         238  -7.0899730530982197E-011   2.0963852875865996E-010
         239   2.3800339477020316E-010   5.7866600400302559E-011
         240   1.3470113913172099E-011   1.0737366551438754E-010
         241  -2565.6340004318872        1.9838353182421997E-010
         242  -4.5755399469271651E-011   2.1168489183764905E-010
         243  -7.1974870508029198E-011   3.6041214457327442E-010
         244  -4.4151349243293225E-011   5.7907456607608765E-011
         245   5.9539928543017595E-011   2.3192114895209670E-010
         246   4.2981981085837007E-002   8.7169160778444166E-013
         247  -4.2920944576252396E-012   2.2879476091475226E-012
         248  -6.7402750048017879E-012   8.8675733422860503E-012
         249   7.2895023350838528E-012   1.3585577107733116E-011
         250  -6.9073635700078739E-012  -1.2732925824820995E-011
         251  -9.2087226732928684E-011  -4.3223735701758415E-010
         252   7.5957018452754710E-012  -3.5941027931585268E-011
         253   3.7406522324090474E-011  -5.2466475608525798E-011
         254  -1.5795142971342102E-011   8.6828322309884243E-012
         255  -3.4054536968142202E-011   1.9781509763561189E-011
         256  -1.9017676322619081E-011   4.0836312109604478E-010
         257  -5131.2680008634752       -1.0575718079053331E-010
         258   7.4100725555581448E-012  -4.1211478674085811E-011
         259   5.3760551566028880E-011   3.6466829556047742E-011
         260  -2.4167334800040408E-011   1.1368683772161603E-012
         261  -2.8065127999354900E-010   2.2913582142791711E-010
         262  -1.6443735262328119E-010   5.8122395785176195E-011
         263  -5.0196913292666068E-010  -8.0081008491106331E-010
         264   2.7294255744436668E-010   5.0476955948397517E-011
         265  -1.8431167703170104E-010   4.1087133695327793E-010
         266   7.9005885425939476E-002   1.9695356456850277E-013
         267   8.0095929888557293E-012  -1.9031443088124433E-011
         268   1.0455813992393814E-010   1.1513634490256663E-010
         269   5.6514792845518969E-012  -2.9960034453324624E-011
         270  -2565.6340004317681        6.5028871176764369E-011
         271  -3.2489566592630581E-012  -1.1630696405973140E-011
         272   2.2381740905075276E-010   5.8321347751189023E-011
         273   1.7248424910576432E-011   3.2364333435452863E-011
         274  -4.2665870836344766E-011  -1.3756107364315540E-011
         275   2.5400681558096494E-011   3.7664094065803511E-010
         276   1.7502443938610668E-010  -3.4106051316484809E-012
         277  -3.0309976750686474E-011  -3.0141222850943450E-011
         278  -3.6729463914753069E-010  -1.5995738067431375E-010
         279   3.5448866756028458E-002   5.7071014580856172E-013
         280  -3.0253577421035516E-012   3.7232439353829250E-012
         281   1.1774847763490470E-010  -1.9430501652095700E-010
         282  -5131.2680008634343        1.3703171930501412E-010
         283  -8.3930640215612584E-012   5.7553961596568115E-013
         284  -1.6966539284624105E-011   6.3380412029800937E-012
         285  -2.8298030585460765E-011   3.0524915928253904E-011
         286  -6.4380856201751158E-010   3.7289282772690058E-010
         287  -1.3125056597118601E-012   3.1718627724330872E-011
         288  -4.2194914229298774E-011   5.6701310313655995E-012
         289  -4.7786219425915988E-011   1.8985701899509877E-011
         290  -7.1518790889513184E-011   3.2684965844964609E-011
         291   9.7614361038722564E-011  -1.2697043416665110E-010
         292  -4.4032333335053409E-011   3.6237679523765109E-011
         293  -1.7177370637000422E-012  -1.7621459846850485E-011
         294   7.3887562734853418E-011  -2.6170710043516010E-010
         295  -1.3727308179056763E-010   2.3703705664956942E-011
         296  -5.2078785728326693E-011   9.5651486731185287E-011
         297   1.8610357699344604E-010  -1.6370904631912708E-011
         298  -2565.6340004318636       -4.0927261579781771E-011
         299  -1.3172107848902215E-010   5.5820237321313471E-011
         300   6.9201071186531682E-002   3.9657166439610592E-013
         301   2.8999025403209089E-012  -5.6199489506525424E-013
         302  -8.7325702224916313E-012  -5.5160320755476278E-012
         303  -8.5957907458578120E-011   6.8212102632969618E-011
         304  -9.5077279382849156E-011  -2.3991475472939783E-011
         305   1.7765344750841905E-011  -1.0524914273446484E-012
         306   2.8835600573984266E-010  -3.0865976441418752E-011
         307   4.2364334262856573E-011  -4.6371795292543538E-012
         308   2.0066615036284929E-011   4.0927261579781771E-011
         309  -6.3060667798708891E-013   1.1430856261540612E-011
         310  -2.9040547744330070E-010  -3.3821834222180769E-011
         311  -5131.2680008632551       -1.0527756444389524E-010
         312  -1.4076206866775465E-010   2.6147972675971687E-011
         313  -2.6098234684468480E-011   2.2861712523081223E-012
         314   1.6284011864223152E-002   1.7050898952207016E-002
         315  -1.1399353683216873E-012   1493.4683678129591     
         316  -2.3148150063434514E-012   1493.3439018120846     
         317   7.4404649108572585E-012   4478.1998500087811     
         318  -8.8091756111907671E-012   2984.5078427350368     
         319  -3.4421077099722197E-011  -4.4792614062316716E-011
         320   6.2609362139198765E-012   7456.6665125578966     
         321  -1.5993206758935230E-011   4471.6468427908230     
         322  -4.3465675503284729E-011  -3.1398883493238827E-011
         323  -3.7987613055179281E-011   10425.801821205583     
         324   2.5535040748536630E-010   1.5461409930139780E-011
         325  -1.7327916879139593E-011   5953.5775293960069     
         326  -3.6607716857872674E-011   13384.147385253538     
         327  -2565.6340004316644       -4.5474735088646412E-013
         328   1.6390888646355961E-011   7430.0548265596890     
         329  -5.9177107658570094E-012   2.6949109610541200E-011
         330   1.4266629544401610E-010   16332.352292887557     
         331   3.9199310464255177E-011   8901.9900045731520     
         332   7.7604034309786130E-011   4.5289993977348786E-011
         333   3.2938540783788994E-011   19273.504229029793     
         334   3.7635561334070644E-011   10371.558557517290     
         335  -4.9614319597157674E-011   22213.209445684868     
         336  -5131.2680008633715        2.6290081223123707E-013
         337   1.1525169707482519E-010   11842.171368944910     
         338  -7.7612694049378206E-011   25159.345239540846     
         339  -6.2324062577445716E-011   13318.256445416950     
         340   1.2178452690747577E-010   28121.554479706243     
         341  -1282.8170002158579        7402.1125499846185     
