           1   4.1033842990145786E-012  -3.0536018158500156E-011
           2  -1.7781331962396507E-012  -3457.1918155816270     
           3  -6.5654148784233257E-012   2.6945556896862399E-011
           4   2.3526069981016917E-011  -3457.1918155816870     
           5   3.0638602765975520E-011   6.6111505159227590E-011
           6  -2.1884716261411086E-012  -10371.575446744941     
           7   7.8648199064446089E-013  -1.9644952331532295E-011
           8  -3.2827074392116629E-012  -6914.3836311633931     
           9   2.8945956742632006E-011   4.2128078803216340E-011
          10  -8.7538865045644343E-011   1.5798029551206128E-011
          11   4.3769432522822171E-012  -5.1436188641673652E-011
          12   3.7887915027567942E-011   2.8450131139834411E-011
          13   5.9088733905809931E-011  -17285.959077908225     
          14  -2.2978952074481640E-011   1.4442491647059796E-010
          15  -6.1550764485218679E-012   1.7541967878287323E-011
          16   1.0504663805477321E-010  -10371.575446744930     
          17   8.7538865045644343E-012   8.8098806028114041E-011
          18   0.0000000000000000        2.7273827640783566E-010
          19   1.9285906205368519E-010  -5.9088733905809931E-011
          20   1.0942358130705543E-010  -24200.342709071752     
          21   0.0000000000000000        9.7865715531497699E-011
          22   5.2523319027386606E-011   7.4408035288797691E-011
          23   1.3677947663381929E-013  -1.7011947406331274E-012
          24  -1.3568524082074873E-010  -13828.767262326986     
          25   1.1489476037240820E-010   1.1817746781161986E-010
          26  -2.5406787784731932E-011   2.6808777420228580E-011
          27  -1.2255441106390208E-010  -3.3305802560334996E-010
          28   1.0942358130705543E-012  -1.3349676919460762E-010
          29  -1.7507773009128869E-011  -2.6008617481920737E-010
          30  -1.9833024111903796E-011   9.8481223176349886E-011
          31   9.1915808297926560E-011   1.4439649476116756E-010
          32   2.1884716261411086E-012  -1.5429435507030576E-010
          33   1.2693135431618430E-010  -31114.726340234920     
          34   1.1161205293319654E-010  -1.9696244635269977E-011
          35  -8.1794127027023933E-011   1.7507773009128869E-010
          36   3.2827074392116629E-011  -17285.959077908203     
          37   7.3860917382262414E-012  -2.1884716261411086E-012
          38  -8.7538865045644343E-012   1.3226575390490325E-010
          39   2.5386270863236859E-010  -2.4945734367065597E-010
          40  -3.5015546018257737E-011   5.0471626877879316E-010
          41  -1.9696244635269977E-011   1.0075090761674232E-010
          42  -3.6656899737863569E-011   2.1009327610954642E-010
          43   5.9307581068424042E-010   5.6023452543740859E-010
          44  -3.0638602765975520E-011   4.0897063513511966E-011
          45   1.5756995708215982E-010  -38029.109971398160     
          46  -3.0419755603361409E-010   4.2889780615951167E-010
          47   1.7507773009128869E-010  -6.8143535258968768E-010
          48   7.0031092036515474E-011  -3.5241232154703539E-010
          49  -1.2638423640964902E-010  -7.0906480686971918E-010
          50   9.6292751550208777E-011  -20743.150893489779     
          51   1.6413537196058314E-012  -3.4801828086017395E-011
          52  -2.0653700971706712E-010   4.5082515498506837E-010
          53  -3.9666048223807593E-012   1.8602008822199423E-011
          54   1.2583711850311374E-011  -8.0973450167221017E-011
          55   3.8517100620083511E-010   2.2240342900659016E-010
          56   9.5745633643673500E-013   2.1884716261411086E-011
          57   1.9696244635269977E-011  -7.3313799475727137E-011
          58   5.1210236051701941E-010  -1.0939515959762502E-010
          59   2.1884716261411086E-012  -2.1887558432354126E-010
          60  -6.1277205531951040E-011   4.6231463102230919E-011
          61   4.8146375775104389E-011  -44943.493602561699     
          62   1.9149126728734700E-010   2.2978952074481640E-010
          63   0.0000000000000000       -9.7386987363279331E-011
          64   2.4073187887552194E-010   2.0567370029311860E-010
          65   1.0712568609960726E-009   1.6632384358672425E-010
          66  -7.3860917382262414E-011  -1.3130829756846651E-010
          67  -2.4237323259512777E-010   1.9696244635269977E-010
          68  -1.7986501177347236E-011   2.8313351663200592E-011
          69   2.8887825465062633E-010  -24200.342709071549     
          70  -1.2255441106390208E-010  -5.3097792829248647E-010
          71  -3.2827074392116629E-011  -2.8715141375812436E-011
          72  -3.1513991416431963E-010  -8.9809404357765743E-010
          73   3.1513991416431963E-010   2.0135360045969719E-010
          74   2.4073187887552194E-010   1.0679741535568610E-009
          75  -9.1915808297926560E-011   6.3602456634725968E-011
          76  -1.1161205293319654E-009   4.3485215428518131E-012
          77  -1.4225065569917206E-010   1.7070078683900647E-010
          78   3.3702463042573072E-010  -51857.877233725536     
          79  -8.7538865045644343E-012  -1.1079137607339362E-011
          80  -3.8517100620083511E-010  -1.8930279566120589E-010
          81  -1.5100454220373649E-010  -2.6261659513693303E-010
          82   6.2426153135675122E-010  -2.0133938960498199E-009
          83  -1.2255441106390208E-010  -3.1896973951006657E-010
          84  -1.1161205293319654E-010  -1.2913403679704061E-010
          85   2.6330049252010213E-012   1.4789280911031710E-011
          86  -5.6900262279668823E-010  -27657.534524653456     
          87   5.5053739345112263E-012   5.1976201120851329E-011
          88   1.9258550310041755E-010   4.6067327730270335E-010
          89  -2.6261659513693303E-011   4.2401637756483979E-012
          90   1.7507773009128869E-011   6.5216454459005035E-010
          91   3.6656899737863569E-011  -1.4225065569917206E-011
          92   3.9118930317272316E-010  -2.8887825465062633E-010
          93  -8.6171070279306150E-012  -3.9392489270539954E-011
          94  -3.3702463042573072E-010   5.4271254157356452E-010
          95  -4.8146375775104389E-011  -6.8936856223444920E-011
          96   4.9240611588174943E-012  -1.4225065569917206E-010
          97  -8.7538865045644343E-011  -8.6686213762732223E-012
          98   6.2316729554368067E-010  -6.7404926085146144E-010
          99  -3.3702463042573072E-010  -58772.260864888020     
         100   7.7034201240167022E-010  -1.6074324094006442E-009
         101   1.0504663805477321E-010   2.0132517875026679E-010
         102  -1.1380052455933765E-010   1.7945467334357090E-010
         103   1.0504663805477321E-010   2.6316371304346831E-010
         104  -1.1407408351260528E-010  -2.1447021936182864E-010
         105   5.2085624702158384E-010  -8.4037310443818569E-010
         106   1.0449952014823793E-010   5.2523319027386606E-010
         107  -7.3094952313113026E-010   4.9016080083674751E-010
         108  -1.8164314496971201E-010  -2.3855761810409604E-010
         109   2.1884716261411086E-012  -8.6171070279306150E-012
         110  -1.7507773009128869E-011  -31114.726340235415     
         111   1.7507773009128869E-011   8.8906659811982536E-010
         112   1.5319301382987760E-011  -2.6065039016032188E-011
         113   2.4729729375394527E-010  -4.3769432522822171E-011
         114  -7.8784978541079909E-011   2.2322410586639307E-010
         115  -1.7507773009128869E-011   1.0696155072764668E-010
         116  -1.6501076061103959E-009  -3.5021230360143818E-010
         117   3.5890934668714181E-010   2.1009327610954642E-010
         118   5.1702642167583690E-010   2.1884716261411086E-010
         119  -1.4006218407303095E-010   5.3726978421764215E-010
         120  -3.8079406294855289E-010  -1.7946888419828610E-010
         121  -5.2523319027386606E-011   3.6109781831328291E-011
         122  -3.5015546018257737E-011  -8.0905060428904108E-011
         123   6.7404926085146144E-010  -65686.644496051318     
         124  -6.2207305973061011E-010  -4.1143266571452841E-010
         125   2.8668978302448522E-010  -2.4948576538008638E-010
         126   8.7320017883030232E-010  -9.8043528851121664E-010
         127   0.0000000000000000        2.0749446605350386E-010
         128   1.7420234144083224E-009   1.2252598935447168E-010
         129   7.0031092036515474E-011   2.0954615820301115E-010
         130   1.8383161659585312E-010   3.8951952774368692E-010
         131  -34571.918155816609       -17285.959077908461     
         132  -4.4111381214406720E-012   8.1982198807395434E-012
         133   6.3465677158092149E-010   6.0404659052437637E-010
         134  -5.0608406354513136E-012   2.0790480448340531E-011
         135   4.9240611588174943E-012   1.3130829756846651E-011
         136  -138287.67262326655        4.4590109382625087E-010
         137  -3.1596059102412255E-011  -1.5319301382987760E-011
         138  -69143.836311633728        2.8231283977220301E-010
         139   1.2036593943776097E-011   3.0631497338617919E-011
         140  -4.2018655221909285E-010   1.4649081947482046E-010
         141  -1.4006218407303095E-010   6.6310690272075590E-010
         142  -5.6626703326401184E-011  -8.7538865045644343E-011
         143  -9.1478113972698338E-010   3.5015546018257737E-010
         144  -1.8273738078278257E-010  -7.6158812589710578E-010
         145   3.1732838579046074E-010   1.6632384358672425E-010
         146  -138287.67262326690       -1.4608048104491900E-010
         147   6.1277205531951040E-011   8.3190343502792530E-011
         148  -2.5988100560425664E-011  -5.2523319027386606E-011
         149  -1.5756995708215982E-010   2.5823965188465081E-010
         150   7.3532646638341248E-010   8.6970430857036263E-012
         151  -5.1429083214316051E-010   5.0349058255960699E-011
         152  -69143.836311633044        3.5672087506100070E-010
         153   8.7538865045644343E-011  -1.0203748956882919E-010
         154   2.8143745112174656E-009  -7.7031359069223981E-010
         155   6.1359273217931332E-010   2.0133938960498199E-010
         156  -2.2924240283828112E-010  -3.3264768717344850E-010
         157   5.1976201120851329E-012  -1.5387691121304670E-012
         158   4.3769432522822171E-012  -4.1632253200418745E-012
         159  -5.6900262279668823E-011  -8.8906659811982536E-012
         160  -138287.67262326673       -1.6522960777365370E-010
         161  -1.8602008822199423E-010   1.7288925846514758E-010
         162  -1.1894343288076925E-009   5.5149484978755936E-010
         163   1.9696244635269977E-009   2.0571633285726421E-010
         164   2.9763214115519077E-010  -2.8532198825814703E-010
         165  -1.4006218407303095E-010  -6.2645000298289233E-010
         166  -8.7538865045644343E-012   4.0076386653709051E-011
         167  -2.5440982653890387E-010   6.5654148784233257E-011
         168  -69143.836311632826        1.9696244635269977E-010
         169   3.0200908440747298E-010   1.7507773009128869E-011
         170  -1.7896226722768915E-009  -4.2894043872365728E-010
         171   2.6261659513693303E-011  -1.4279777360570733E-010
         172  -5.1976201120851329E-011   3.8517100620083511E-010
         173   6.8389738316909643E-014  -1.7584711464735392E-011
         174   1.8978152382942426E-012   1.6960655102593591E-011
         175   2.2760104911867529E-010   7.0578209943050751E-011
         176   9.8481223176349886E-012  -3.9385383843182353E-011
         177   1.7901697901834268E-009   6.8718009060830809E-010
         178  -6.1277205531951040E-011   2.0899904029647587E-010
         179  -4.6505022055498557E-012  -2.1884716261411086E-012
         180   1.7507773009128869E-011  -1.2254020020918688E-010
         181   7.8347284215851687E-010  -7.8870243669371121E-011
         182  -138287.67262326748        1.1161205293319654E-010
         183  -2.9270807999637327E-011   1.0942358130705543E-010
         184   4.3769432522822171E-011  -2.0571633285726421E-010
         185   1.2802559012925485E-010  -2.6261659513693303E-011
         186   2.0243362541805254E-011  -1.4443912732531317E-010
         187  -1.0832934549398487E-010  -2.1884716261411086E-010
         188   1.5756995708215982E-010   3.6301273098615638E-010
         189   1.3130829756846651E-010   5.2523319027386606E-011
         190   7.1781869337428361E-010   1.9422685682002339E-011
         191  -69143.836311632680       -1.0942358130705543E-010
         192   7.5721118264482357E-010  -4.2010128709080163E-010
         193   3.4906122436950682E-010   1.9258550310041755E-010
         194  -9.1642249344658921E-012  -5.1292303737682232E-013
         195   5.5806026466598269E-010  -3.0199487355275778E-010
         196  -3.3264768717344850E-010  -6.2097882391753956E-011
         197  -8.7538865045644343E-012  -5.5357218808893549E-011
         198  -1.4739356402060366E-009   4.9897153076017275E-010
         199  -7.8784978541079909E-011   8.2751583363460668E-011
         200  -2.3361934609056334E-010  -1.8820855984813534E-010
         201  -8.7538865045644343E-011   2.8928859308052779E-011
         202   6.9155703386059031E-010   9.6292751550208777E-011
         203   1.2780674296664074E-009  -6.1717742028122302E-010
         204  -138287.67262326684       -2.2869528493174585E-010
         205  -6.1277205531951040E-011  -5.4027893270358618E-011
         206   4.3769432522822171E-010  -1.8109602706317673E-010
         207  -6.5982419528154423E-010  -3.6766323319170624E-010
         208  -5.1210236051701941E-010   0.0000000000000000     
         209  -6.7404926085146144E-010  -4.5520209823735058E-010
         210  -1.1380052455933765E-010   7.6459727438304981E-011
         211   3.4536817850039370E-012   1.8123280653981055E-012
         212  -5.2489124158228151E-012   6.0182969718880486E-012
         213   1.3677947663381929E-011  -5.4711790653527714E-013
         214  -6.0182969718880486E-012  -4.3769432522822171E-012
         215   9.6292751550208777E-011  -3.2834179819474230E-011
         216  -69143.836311632098        5.0772541726473719E-010
         217   4.0377301502303453E-010   8.7538865045644343E-011
         218   7.0031092036515474E-011   2.6808777420228580E-011
         219  -1.1763034990508459E-011   2.1884716261411086E-011
         220   1.1817746781161986E-010  -7.8827611105225515E-011
         221   0.0000000000000000        5.0881965307780774E-011
         222   2.7574742489377968E-010   2.2754420569981448E-010
         223   5.1976201120851329E-012  -8.7538865045644343E-012
         224  -7.8784978541079909E-011   5.4711790653527714E-011
         225  -5.3179860515228938E-010  -7.8784978541079909E-011
         226   4.2401637756483979E-011   9.6292751550208777E-011
         227  -5.2523319027386606E-010  -3.5562663924793014E-011
         228  -138287.67262326658        0.0000000000000000     
         229   5.5587179303984158E-010   1.2038015029247617E-010
         230   7.8784978541079909E-010  -1.8820855984813534E-010
         231  -6.5654148784233257E-012  -5.5395688036696811E-012
         232   2.1884716261411086E-011   5.3844095848631923E-011
         233  -3.7313441225705901E-010  -2.3197799237095751E-010
         234  -3.0638602765975520E-011  -9.0274454578320729E-012
         235   6.1277205531951040E-010   1.9264234651927836E-010
         236   5.2523319027386606E-010   1.7972823229683854E-010
         237  -4.3769432522822171E-011   2.0516921495072893E-013
         238  -4.5957904148963280E-010   4.5520209823735058E-010
         239  -3.8298253457469400E-012   4.3769432522822171E-011
         240  -1.7507773009128869E-011  -7.2766681569191860E-011
         241  -69143.836311633393       -1.0285816642863210E-010
         242  -2.1447021936182864E-010   5.2551740736817010E-011
         243   2.2760104911867529E-010   2.4893864747355110E-010
         244  -2.6261659513693303E-011  -1.0066969480249099E-010
         245   1.0614087386784377E-010   2.1884716261411086E-010
         246  -4.7872816821836750E-013   1.2455481090967169E-011
         247  -1.6755485887642863E-012  -7.6596506914938800E-012
         248  -3.0638602765975520E-011  -3.5559111211114214E-011
         249   4.9240611588174943E-012   6.1277205531951040E-011
         250   2.1884716261411086E-012  -4.5979220431036083E-011
         251   7.8784978541079909E-010  -2.6290081223123707E-011
         252  -1.4006218407303095E-010   5.1976201120851329E-011
         253   4.1580960896681063E-011   3.0638602765975520E-011
         254  -6.5654148784233257E-012  -2.1870505406695884E-011
         255  -1.5155166011027177E-010  -1.1817746781161986E-010
         256  -4.7763393240529695E-010  -2.6261659513693303E-010
         257  -138287.67262326667        1.9258550310041755E-010
         258  -2.1009327610954642E-010  -1.1375789199519204E-010
         259   2.1009327610954642E-010   9.8481223176349886E-012
         260   3.3675107147246308E-010   8.7538865045644343E-012
         261   1.3393446351983584E-009   5.2523319027386606E-011
         262   4.6614445636805613E-010   1.3145040611561853E-011
         263  -1.2715020147879841E-009  -2.1009327610954642E-010
         264  -7.8019013471930521E-010   7.8784978541079909E-011
         265   3.5015546018257737E-011  -1.5811707498869509E-010
         266   3.7614356074300304E-012  -3.0775382242609339E-012
         267  -4.3769432522822171E-012  -9.9592556423999667E-012
         268   4.5082515498506837E-010  -8.7538865045644343E-012
         269  -1.7507773009128869E-011   1.1626255513874639E-011
         270  -69143.836311633408       -6.5654148784233257E-012
         271  -8.7538865045644343E-012   6.9757533083247836E-012
         272  -5.4492943490913603E-010  -1.1380052455933765E-010
         273  -1.1380052455933765E-010   2.4483526317453652E-011
         274   4.2018655221909285E-010  -7.8699713412788697E-011
         275   4.2018655221909285E-010   1.0723510968091432E-010
         276   2.3963764306245139E-010   2.1884716261411086E-010
         277  -2.6261659513693303E-011  -3.9529268747173774E-011
         278   1.3612293514597695E-009  -1.7070078683900647E-010
         279  -3.0775382242609339E-012   2.8125279882829091E-012
         280  -8.5487172896137054E-014   0.0000000000000000     
         281   7.0031092036515474E-011  -6.4286354017895064E-011
         282  -138287.67262326673        2.8559554721141467E-010
         283  -3.8298253457469400E-012   3.2756020118540619E-012
         284  -1.6413537196058314E-012  -4.3769432522822171E-012
         285  -2.1884716261411086E-012  -2.1884716261411086E-012
         286  -1.4389200941877789E-009  -3.2389380066888407E-010
         287   1.6632384358672425E-010   2.1884716261411086E-011
         288   5.9088733905809931E-011   4.3627323975670151E-012
         289  -4.3769432522822171E-012  -7.0031092036515474E-011
         290   1.0942358130705543E-009   3.5072389437118545E-011
         291   1.5756995708215982E-010  -1.1270628874626709E-010
         292  -4.1362113734066952E-010   4.4053649617126212E-012
         293   4.6888004590073251E-010   0.0000000000000000     
         294   5.5258908560062991E-010  -1.7507773009128869E-011
         295   1.6413537196058314E-010  -9.1901597443211358E-011
         296   1.7507773009128869E-011   1.2146017525083153E-010
         297  -6.7787908619720838E-010   1.7507773009128869E-011
         298  -69143.836311632782       -2.4073187887552194E-011
         299   1.3130829756846651E-011   8.7567286755074747E-011
         300  -2.2568613644580182E-012   1.2994050280212832E-012
         301   6.5654148784233257E-012   7.0868866330897617E-012
         302  -1.7507773009128869E-011   7.3177019999093318E-012
         303  -1.6030554661483620E-010  -3.5015546018257737E-011
         304   5.0772541726473719E-010   5.5806026466598269E-011
         305  -8.7538865045644343E-012   1.6003198766156856E-011
         306  -3.5015546018257737E-010  -9.1887386588496156E-011
         307  -4.3769432522822171E-011   3.1459279625778436E-012
         308   6.3575100739399204E-010  -8.7538865045644343E-012
         309   1.6632384358672425E-010   3.8845371364004677E-011
         310   6.0839511206722818E-010   2.1003643269068561E-010
         311  -138287.67262326667        2.4620305794087471E-011
         312  -1.3787371244688984E-010   1.7507773009128869E-011
         313   7.0031092036515474E-011   8.1247009120488656E-011
         314  -6.8389738316909643E-014  -7.1809225232755125E-013
         315   1.3677947663381929E-013   3457.1918155816602     
         316   1.3130829756846651E-011   3457.1918155816552     
         317   6.2918559251556871E-012   10371.575446744984     
         318   2.1884716261411086E-012   6914.3836311633240     
         319   6.6091843109461479E-010  -2.4513724383723456E-010
         320  -1.6413537196058314E-012   17285.959077908326     
         321  -4.3769432522822171E-011   10371.575446744986     
         322  -1.7507773009128869E-011  -2.7903013233299134E-011
         323  -3.9939607177075231E-011   24200.342709071701     
         324  -3.1623414997739019E-010   1.7507773009128869E-011
         325  -1.1598899618547875E-010   13828.767262326679     
         326   1.4307133255897497E-010   31114.726340235145     
         327  -69143.836311634368       -1.9258550310041755E-010
         328   1.7726620171742979E-010   17285.959077908421     
         329  -1.7507773009128869E-010  -1.0750866863418196E-010
         330   3.8626524201390566E-010   38029.109971398328     
         331   7.4408035288797691E-011   20743.150893489965     
         332   4.3769432522822171E-010   2.1118751192261698E-010
         333   8.5897511326038511E-011   44943.493602561597     
         334  -5.6900262279668823E-011   24200.342709071676     
         335   8.1520568073756294E-010   51857.877233724983     
         336  -138287.67262326684        3.8298253457469400E-012
         337   1.0504663805477321E-010   27657.534524653471     
         338  -7.9332096447615186E-011   58772.260864888442     
         339   2.6699353838921525E-010   31114.726340234880     
         340   7.5939965427096467E-010   65686.644496051769     
         341  -34571.918155817482        17285.959077908607     
