   0.0000000000000000        35.000000000000000        0.0000000000000000      -0.59222222222222365     
  0.87500000000000000        35.000000000000000       -6.8055555555553166E-003 -0.59222222222222354     
   0.0000000000000000        33.250000000000000        0.0000000000000000      -0.56386148217203969     
   1.7500000000000000        35.000000000000000       -1.3611111111110607E-002 -0.59222222222222354     
   1.7500000000000000        33.250000000000000       -1.3571781345233444E-002 -0.56385079736331600     
   2.6250000000000000        35.000000000000000       -2.0416666666666045E-002 -0.59222222222222354     
   0.0000000000000000        31.500000000000000        0.0000000000000000      -0.53477689495357317     
   3.5000000000000000        35.000000000000000       -2.7222222222221443E-002 -0.59222222222222365     
  0.87500000000000000        31.500000000000000       -6.7687859185575888E-003 -0.53473397698097513     
   3.5000000000000000        33.250000000000000       -2.7104983515325594E-002 -0.56386649621137896     
   1.7500000000000000        31.500000000000000       -1.3512085874604306E-002 -0.53467641202852745     
   2.6250000000000000        31.500000000000000       -2.0268923149586920E-002 -0.53462732748197772     
   4.3750000000000000        35.000000000000000       -3.4027777777776651E-002 -0.59222222222222365     
   3.5000000000000000        31.500000000000000       -2.6991117569054736E-002 -0.53457839438173649     
   0.0000000000000000        29.750000000000000        0.0000000000000000      -0.50493626759282129     
   5.2500000000000000        35.000000000000000       -4.0833333333332091E-002 -0.59222222222222365     
   1.7500000000000000        29.750000000000000       -1.3464802495094996E-002 -0.50499938702080627     
   5.2500000000000000        33.250000000000000       -4.0628444185110572E-002 -0.56396782256572209     
   4.3750000000000000        31.500000000000000       -3.3700288386512497E-002 -0.53462645479781268     
   6.1250000000000000        35.000000000000000       -4.7638888888887558E-002 -0.59222222222222376     
   3.5000000000000000        29.750000000000000       -2.6903680142097840E-002 -0.50496391799600637     
   5.2500000000000000        31.500000000000000       -4.0436086391162890E-002 -0.53469987576525968     
   0.0000000000000000        28.000000000000000        0.0000000000000000      -0.47574650667813639     
   7.0000000000000000        35.000000000000000       -5.4444444444443116E-002 -0.59222222222222387     
   6.1250000000000000        31.500000000000000       -4.7132203279342318E-002 -0.53481235520010162     
  0.87500000000000000        28.000000000000000       -6.6407517287806039E-003 -0.47593592036143684     
   7.0000000000000000        33.250000000000000       -5.4180472712992887E-002 -0.56410038625309122     
   1.7500000000000000        28.000000000000000       -1.3333472901824208E-002 -0.47609654820795277     
   5.2500000000000000        29.750000000000000       -4.0246725954447768E-002 -0.50488990427331082     
   2.6250000000000000        28.000000000000000       -1.9972864367575872E-002 -0.47621639728563220     
   7.0000000000000000        31.500000000000000       -5.3844975033638623E-002 -0.53496437161377330     
   3.5000000000000000        28.000000000000000       -2.6672239815922268E-002 -0.47629476279506594     
   7.8750000000000000        35.000000000000000       -6.1249999999998757E-002 -0.59222222222222387     
   4.3750000000000000        28.000000000000000       -3.3416240447199000E-002 -0.47575111628142480     
   7.8750000000000000        31.500000000000000       -6.0551243445557609E-002 -0.53500892278317869     
   8.7500000000000000        35.000000000000000       -6.8055555555554023E-002 -0.59222222222222376     
   0.0000000000000000        26.250000000000000        0.0000000000000000      -0.44517554941795257     
   7.0000000000000000        29.750000000000000       -5.3620756077324493E-002 -0.50499979382136972     
   5.2500000000000000        28.000000000000000       -4.0038232486698279E-002 -0.47535639257532958     
   8.7500000000000000        33.250000000000000       -6.7699206943931611E-002 -0.56413529625404257     
   1.7500000000000000        26.250000000000000       -1.3280951232646361E-002 -0.44513061967365247     
   6.1250000000000000        28.000000000000000       -4.6666150855682348E-002 -0.47527883557461936     
   8.7500000000000000        31.500000000000000       -6.7270280853711520E-002 -0.53496404385574092     
   3.5000000000000000        26.250000000000000       -2.6610819168183576E-002 -0.44509691926521150     
   9.6250000000000000        35.000000000000000       -7.4861111111109449E-002 -0.59222222222222387     
   7.0000000000000000        28.000000000000000       -5.3272552689785029E-002 -0.47513775280815479     
   8.7500000000000000        29.750000000000000       -6.6948643973284233E-002 -0.50544979707136040     
   5.2500000000000000        26.250000000000000       -3.9635097301977257E-002 -0.44536242800859543     
   9.6250000000000000        31.500000000000000       -7.4000449163927409E-002 -0.53509340290224994     
   10.500000000000000        35.000000000000000       -8.1666666666665014E-002 -0.59222222222222387     
   0.0000000000000000        24.500000000000000        0.0000000000000000      -0.41455133556583157     
   7.8750000000000000        28.000000000000000       -5.9955575015016457E-002 -0.47489687904554823     
  0.87500000000000000        24.500000000000000       -6.5544129204218073E-003 -0.41443851889812416     
   1.7500000000000000        24.500000000000000       -1.3145157479535874E-002 -0.41438407398626909     
   10.500000000000000        33.250000000000000       -8.1106723780291948E-002 -0.56370425384271672     
   2.6250000000000000        24.500000000000000       -1.9724003534074566E-002 -0.41445726461638260     
   3.5000000000000000        24.500000000000000       -2.6326907626477911E-002 -0.41455933436621117     
   10.500000000000000        31.500000000000000       -8.0745908513741110E-002 -0.53510897555324577     
   8.7500000000000000        28.000000000000000       -6.6564747264545032E-002 -0.47464296591746918     
   7.0000000000000000        26.250000000000000       -5.3023017533267797E-002 -0.44511932044741642     
   11.375000000000000        35.000000000000000       -8.8472222222220467E-002 -0.59222222222222431     
   4.3750000000000000        24.500000000000000       -3.3016458210623732E-002 -0.41474767536236884     
   10.500000000000000        29.750000000000000       -8.0294893034161513E-002 -0.50504985712760286     
   5.2500000000000000        24.500000000000000       -3.9596308545794053E-002 -0.41470772478754869     
   11.375000000000000        31.500000000000000       -8.7376243089398786E-002 -0.53470808964149974     
   9.6250000000000000        28.000000000000000       -7.3269208117717491E-002 -0.47466889255628925     
   6.1250000000000000        24.500000000000000       -4.6179977120029872E-002 -0.41456873229688179     
   0.0000000000000000        22.750000000000000        0.0000000000000000      -0.38458472544817424     
   12.250000000000000        35.000000000000000       -9.5277777777776171E-002 -0.59222222222222431     
   12.250000000000000        33.250000000000000       -9.4563145287345912E-002 -0.56325724593236448     
   1.7500000000000000        22.750000000000000       -1.3174699117325505E-002 -0.38452589279873128     
   8.7500000000000000        26.250000000000000       -6.6190610795475030E-002 -0.44447883616049955     
   7.0000000000000000        24.500000000000000       -5.2755944930657772E-002 -0.41444812426350774     
   10.500000000000000        28.000000000000000       -8.0094659607886740E-002 -0.47459834169554510     
   3.5000000000000000        22.750000000000000       -2.6318935741236497E-002 -0.38438034768886548     
   12.250000000000000        31.500000000000000       -9.4150820765248541E-002 -0.53452729745894623     
   7.8750000000000000        24.500000000000000       -5.9337777323356558E-002 -0.41459570631399134     
   13.125000000000000        35.000000000000000      -0.10208333333333214      -0.59222222222222431     
   5.2500000000000000        22.750000000000000       -3.9393757564775880E-002 -0.38430495199753528     
   12.250000000000000        29.750000000000000       -9.3576098700393295E-002 -0.50469738427333610     
   11.375000000000000        28.000000000000000       -8.6485449362122296E-002 -0.47451814881043552     
   13.125000000000000        31.500000000000000      -0.10093636390157354      -0.53434840502926062     
   10.500000000000000        26.250000000000000       -7.9493750708303376E-002 -0.44438260829453541     
   8.7500000000000000        24.500000000000000       -6.5946477403684908E-002 -0.41488860266851973     
   0.0000000000000000        21.000000000000000        0.0000000000000000      -0.35444897898444178     
   14.000000000000000        35.000000000000000      -0.10888888888888791      -0.59222222222222431     
  0.87500000000000000        21.000000000000000       -6.5384730164942525E-003 -0.35445590858840459     
   14.000000000000000        33.250000000000000      -0.10819151614333949      -0.56320227937618739     
   7.0000000000000000        22.750000000000000       -5.2425801142180130E-002 -0.38431220463332150     
   12.250000000000000        28.000000000000000       -9.2851077063627635E-002 -0.47406082088576740     
   1.7500000000000000        21.000000000000000       -1.3068598817229812E-002 -0.35442601345480657     
   9.6250000000000000        24.500000000000000       -7.2458634013337742E-002 -0.41458607241957901     
   2.6250000000000000        21.000000000000000       -1.9629869453951870E-002 -0.35441300068905074     
   14.000000000000000        31.500000000000000      -0.10746566939610519      -0.53411678107072813     
   3.5000000000000000        21.000000000000000       -2.6186576893033719E-002 -0.35439335868072491     
   4.3750000000000000        21.000000000000000       -3.2739628117079436E-002 -0.35438450823963313     
   10.500000000000000        24.500000000000000       -7.8993502475633373E-002 -0.41412955174851235     
   13.125000000000000        28.000000000000000       -9.9539988402303492E-002 -0.47374830121354849     
   14.875000000000000        35.000000000000000      -0.11569444444444356      -0.59222222222222420     
   14.000000000000000        29.750000000000000      -0.10686764413779307      -0.50407097947559221     
   5.2500000000000000        21.000000000000000       -3.9304219447962085E-002 -0.35448565695085610     
   8.7500000000000000        22.750000000000000       -6.5567288342042021E-002 -0.38449180413964540     
   12.250000000000000        26.250000000000000       -9.2561840448846869E-002 -0.44342983965520832     
   6.1250000000000000        21.000000000000000       -4.5853739500737803E-002 -0.35463078295095535     
   14.875000000000000        31.500000000000000      -0.11409037023104279      -0.53374235590482189     
   11.375000000000000        24.500000000000000       -8.5682344029005084E-002 -0.41345921260916080     
   14.000000000000000        28.000000000000000      -0.10603345718200576      -0.47360545614222072     
   7.0000000000000000        21.000000000000000       -5.2387587856880205E-002 -0.35482524529389281     
   0.0000000000000000        19.250000000000000        0.0000000000000000      -0.32462060185652730     
   15.750000000000000        35.000000000000000      -0.12249999999999901      -0.59222222222222420     
   15.750000000000000        33.250000000000000      -0.12200325065834555      -0.56313322718240599     
   1.7500000000000000        19.250000000000000       -1.3056686035893637E-002 -0.32463899092437487     
   7.8750000000000000        21.000000000000000       -5.8830755524127192E-002 -0.35473842272711859     
   3.5000000000000000        19.250000000000000       -2.6088549442818937E-002 -0.32472992598259653     
   10.500000000000000        22.750000000000000       -7.9007081404039808E-002 -0.38356503375202955     
   15.750000000000000        31.500000000000000      -0.12089181461781202      -0.53379791073370075     
   12.250000000000000        24.500000000000000       -9.2264236862251631E-002 -0.41300562977518707     
   14.875000000000000        28.000000000000000      -0.11259726706644603      -0.47351719498602030     
   14.000000000000000        26.250000000000000      -0.10549546899360049      -0.44316329253284981     
   8.7500000000000000        21.000000000000000       -6.5439987790976248E-002 -0.35424976119109214     
   15.750000000000000        29.750000000000000      -0.11997045881408439      -0.50349302279832442     
   5.2500000000000000        19.250000000000000       -3.9091744962361723E-002 -0.32490715507742218     
   16.625000000000000        35.000000000000000      -0.12930555555555459      -0.59222222222222387     
   13.125000000000000        24.500000000000000       -9.8636883813221360E-002 -0.41294964948247809     
   9.6250000000000000        21.000000000000000       -7.2201242756511685E-002 -0.35387556758160998     
   16.625000000000000        31.500000000000000      -0.12755340350978786      -0.53378054584440937     
   7.0000000000000000        19.250000000000000       -5.2138752217629279E-002 -0.32513136635126810     
   15.750000000000000        28.000000000000000      -0.11924170832405241      -0.47299486127979024     
   12.250000000000000        22.750000000000000       -9.1961592040428308E-002 -0.38301597115453589     
   14.000000000000000        24.500000000000000      -0.10510102869001507      -0.41293621826478322     
   17.500000000000000        35.000000000000000      -0.13611111111110938      -0.59222222222222420     
   0.0000000000000000        17.500000000000000        0.0000000000000000      -0.29513162534133103     
   10.500000000000000        21.000000000000000       -7.8836181251393189E-002 -0.35354516359306953     
  0.87500000000000000        17.500000000000000       -6.5149281609917309E-003 -0.29514459911822782     
   1.7500000000000000        17.500000000000000       -1.3026644748394694E-002 -0.29520474130837016     
   17.500000000000000        33.250000000000000      -0.13515651872199985      -0.56241552978334597     
   2.6250000000000000        17.500000000000000       -1.9545772872925082E-002 -0.29526503820296390     
   17.500000000000000        31.500000000000000      -0.13416839245954629      -0.53340562721270945     
   3.5000000000000000        17.500000000000000       -2.6069447036996794E-002 -0.29540363737670361     
   8.7500000000000000        19.250000000000000       -6.5464623967204122E-002 -0.32426817396412760     
   15.750000000000000        26.250000000000000      -0.11859786214721901      -0.44280644872620528     
   4.3750000000000000        17.500000000000000       -3.2567782422811720E-002 -0.29563067812047900     
   11.375000000000000        21.000000000000000       -8.5436686569664508E-002 -0.35334352349429832     
   16.625000000000000        28.000000000000000      -0.12575464270682418      -0.47256897304898704     
   14.875000000000000        24.500000000000000      -0.11165944469266513      -0.41269972889925544     
   17.500000000000000        29.750000000000000      -0.13319154494876240      -0.50284341980961800     
   5.2500000000000000        17.500000000000000       -3.9032419980541376E-002 -0.29578419503126746     
   6.1250000000000000        17.500000000000000       -4.5492173776353007E-002 -0.29563520912879443     
   14.000000000000000        22.750000000000000      -0.10497908251936479      -0.38280658515857380     
   12.250000000000000        21.000000000000000       -9.1905022280660678E-002 -0.35316999483951617     
   7.0000000000000000        17.500000000000000       -5.2048568270653107E-002 -0.29520628115166536     
   17.500000000000000        28.000000000000000      -0.13220726763608215      -0.47227968390557251     
   10.500000000000000        19.250000000000000       -7.8719913544125400E-002 -0.32384740048431976     
   15.750000000000000        24.500000000000000      -0.11823261649276366      -0.41288066652300737     
   7.8750000000000000        17.500000000000000       -5.8691360057375672E-002 -0.29481833030267884     
   13.125000000000000        21.000000000000000       -9.8295787056988479E-002 -0.35293373696347041     
   0.0000000000000000        15.750000000000000        0.0000000000000000      -0.26596432933520731     
   1.7500000000000000        15.750000000000000       -1.2993083221318395E-002 -0.26600986914373553     
   3.5000000000000000        15.750000000000000       -2.5935620678336553E-002 -0.26627011850688842     
   17.500000000000000        26.250000000000000      -0.13158959649159419      -0.44229558296823895     
   8.7500000000000000        17.500000000000000       -6.5303611165727179E-002 -0.29456884905123643     
   16.625000000000000        24.500000000000000      -0.12468247128540641      -0.41276727297681964     
   14.000000000000000        21.000000000000000      -0.10474794585953195      -0.35277167451372993     
   12.250000000000000        19.250000000000000       -9.1723961729035020E-002 -0.32354792734343779     
   15.750000000000000        22.750000000000000      -0.11801796657304721      -0.38255453492759584     
   5.2500000000000000        15.750000000000000       -3.8899520644665245E-002 -0.26614473222295226     
   9.6250000000000000        17.500000000000000       -7.1922621689559554E-002 -0.29436713551883570     
   17.500000000000000        24.500000000000000      -0.13114726912478450      -0.41262132625909759     
   10.500000000000000        17.500000000000000       -7.8511044307390893E-002 -0.29428080649682081     
   14.875000000000000        21.000000000000000      -0.11126965180172141      -0.35287084088690052     
   7.0000000000000000        15.750000000000000       -5.2016415741389169E-002 -0.26535522415500845     
   11.375000000000000        17.500000000000000       -8.5024654744332920E-002 -0.29420881851257980     
   0.0000000000000000        14.000000000000000        0.0000000000000000      -0.23710605151871411     
  0.87500000000000000        14.000000000000000       -6.4933107344726203E-003 -0.23713490275046883     
   14.000000000000000        19.250000000000000      -0.10467674633374924      -0.32283617279393328     
   1.7500000000000000        14.000000000000000       -1.2968927351630251E-002 -0.23716392329489414     
   15.750000000000000        21.000000000000000      -0.11808839300952635      -0.35296396146122055     
   8.7500000000000000        15.750000000000000       -6.5197967770068116E-002 -0.26494255363176727     
   2.6250000000000000        14.000000000000000       -1.9400554196364380E-002 -0.23710934085684504     
   3.5000000000000000        14.000000000000000       -2.5827783250538288E-002 -0.23693684093706191     
   12.250000000000000        17.500000000000000       -9.1501267775931594E-002 -0.29405606709580234     
   17.500000000000000        22.750000000000000      -0.13115833489239842      -0.38269970222877508     
   4.3750000000000000        14.000000000000000       -3.2312733257875564E-002 -0.23664863293898541     
   5.2500000000000000        14.000000000000000       -3.8846132663137092E-002 -0.23624364210078855     
   16.625000000000000        21.000000000000000      -0.12445813034489681      -0.35284260106669169     
   6.1250000000000000        14.000000000000000       -4.5376273990173778E-002 -0.23592615894991431     
   13.125000000000000        17.500000000000000       -9.7936620340979094E-002 -0.29380603202928229     
   10.500000000000000        15.750000000000000       -7.8290876724106562E-002 -0.26478860002420757     
   7.0000000000000000        14.000000000000000       -5.1918282783279548E-002 -0.23570718483608008     
   15.750000000000000        19.250000000000000      -0.11774277301321498      -0.32261770076895435     
   17.500000000000000        21.000000000000000      -0.13097020651708222      -0.35256761974184231     
   14.000000000000000        17.500000000000000      -0.10439619070134906      -0.29344899896627824     
   7.8750000000000000        14.000000000000000       -5.8499653505338901E-002 -0.23551105851129958     
   0.0000000000000000        12.250000000000000        0.0000000000000000      -0.20771317967914385     
   8.7500000000000000        14.000000000000000       -6.5069757537218220E-002 -0.23539230767821037     
   12.250000000000000        15.750000000000000       -9.1228443796772057E-002 -0.26464838480136421     
   1.7500000000000000        12.250000000000000       -1.2884331844197702E-002 -0.20759533863450919     
   14.875000000000000        17.500000000000000      -0.11091467364301368      -0.29295906775197622     
   3.5000000000000000        12.250000000000000       -2.5810507429151707E-002 -0.20708114246011458     
   9.6250000000000000        14.000000000000000       -7.1602590886644973E-002 -0.23534697650629596     
   5.2500000000000000        12.250000000000000       -3.8807144261150617E-002 -0.20649641106184705     
   10.500000000000000        14.000000000000000       -7.8101200968195075E-002 -0.23531314896282712     
   15.750000000000000        17.500000000000000      -0.11746285446831402      -0.29245295743761357     
   17.500000000000000        19.250000000000000      -0.13102535431998319      -0.32251907422684184     
   7.0000000000000000        12.250000000000000       -5.1904463368712399E-002 -0.20610511017681848     
   14.000000000000000        15.750000000000000      -0.10406127195220187      -0.26418598885509853     
   11.375000000000000        14.000000000000000       -8.4556119905804750E-002 -0.23528080864134585     
   16.625000000000000        17.500000000000000      -0.12409133807621894      -0.29219034109619851     
   12.250000000000000        14.000000000000000       -9.0974976115189926E-002 -0.23522036832225407     
   8.7500000000000000        12.250000000000000       -6.4972612779618188E-002 -0.20590635847337566     
   0.0000000000000000        10.500000000000000        0.0000000000000000      -0.17782595321794512     
  0.87500000000000000        10.500000000000000       -6.4217083439614417E-003 -0.17778373484754190     
   1.7500000000000000        10.500000000000000       -1.2856662343110618E-002 -0.17764364243668868     
   2.6250000000000000        10.500000000000000       -1.9309299649163784E-002 -0.17747429298727793     
   3.5000000000000000        10.500000000000000       -2.5789727710459665E-002 -0.17727123842373885     
   17.500000000000000        17.500000000000000      -0.13052033690321405      -0.29195426267080760     
   13.125000000000000        14.000000000000000       -9.7376776800861944E-002 -0.23509334062424306     
   15.750000000000000        15.750000000000000      -0.11692606303145668      -0.26322236600646853     
   4.3750000000000000        10.500000000000000       -3.2299486937373813E-002 -0.17703998763685511     
   5.2500000000000000        10.500000000000000       -3.8824176794723012E-002 -0.17685884106194641     
   10.500000000000000        12.250000000000000       -7.7953623614647347E-002 -0.20584287298319029     
   14.000000000000000        14.000000000000000      -0.10375846783953396      -0.23485301864095565     
   6.1250000000000000        10.500000000000000       -4.5359000045482850E-002 -0.17669240212284232     
   7.0000000000000000        10.500000000000000       -5.1889841940906574E-002 -0.17656757963160841     
   14.875000000000000        14.000000000000000      -0.11017767003682741      -0.23452548572886830     
   7.8750000000000000        10.500000000000000       -5.8412635651587490E-002 -0.17648732940011350     
   12.250000000000000        12.250000000000000       -9.0818791104975566E-002 -0.20575281852265329     
   17.500000000000000        15.750000000000000      -0.13013246929887817      -0.26251294045167911     
   8.7500000000000000        10.500000000000000       -6.4920763651901636E-002 -0.17643244927220186     
   15.750000000000000        14.000000000000000      -0.11664914364459336      -0.23409452131737007     
   0.0000000000000000        8.7500000000000000        0.0000000000000000      -0.14788247144679748     
   1.7500000000000000        8.7500000000000000       -1.2903133864345800E-002 -0.14777608225972250     
   9.6250000000000000        10.500000000000000       -7.1406230280559160E-002 -0.17639941275711213     
   3.5000000000000000        8.7500000000000000       -2.5857761440989672E-002 -0.14753674033351552     
   10.500000000000000        10.500000000000000       -7.7868755335423256E-002 -0.17637668284206465     
   14.000000000000000        12.250000000000000      -0.10361462698971895      -0.20546316250203328     
   5.2500000000000000        8.7500000000000000       -3.8871713770292096E-002 -0.14727035255764429     
   16.625000000000000        14.000000000000000      -0.12315003057883832      -0.23366615188460008     
   11.375000000000000        10.500000000000000       -8.4310210918181597E-002 -0.17634443422427479     
   7.0000000000000000        8.7500000000000000       -5.1901313798924917E-002 -0.14707622486707042     
   17.500000000000000        14.000000000000000      -0.12969170694091470      -0.23347007655450908     
   12.250000000000000        10.500000000000000       -9.0734104734775681E-002 -0.17629043144765427     
   15.750000000000000        12.250000000000000      -0.11645186248708025      -0.20495076314579849     
   8.7500000000000000        8.7500000000000000       -6.4900833682525153E-002 -0.14697817256401025     
   13.125000000000000        10.500000000000000       -9.7140714406437914E-002 -0.17620203380341454     
   0.0000000000000000        7.0000000000000000        0.0000000000000000      -0.11810232318468976     
  0.87500000000000000        7.0000000000000000       -6.4718146940816526E-003 -0.11808159791640328     
   1.7500000000000000        7.0000000000000000       -1.2947782034839319E-002 -0.11804015857964113     
   2.6250000000000000        7.0000000000000000       -1.9431473796774415E-002 -0.11797211403034558     
   3.5000000000000000        7.0000000000000000       -2.5920222184415059E-002 -0.11789362098553025     
   14.000000000000000        10.500000000000000      -0.10355014983646152      -0.17608326783691911     
   10.500000000000000        8.7500000000000000       -7.7839115923871161E-002 -0.14692746684449615     
   4.3750000000000000        7.0000000000000000       -3.2419209515969036E-002 -0.11781322016536944     
   5.2500000000000000        7.0000000000000000       -3.8923039845268716E-002 -0.11773246773824587     
   6.1250000000000000        7.0000000000000000       -4.5426374801894383E-002 -0.11766697855368774     
   14.875000000000000        10.500000000000000      -0.10997210869486503      -0.17592019851843668     
   17.500000000000000        12.250000000000000      -0.12946756421743080      -0.20454862393552461     
   7.0000000000000000        7.0000000000000000       -5.1928202013256715E-002 -0.11761240176929075     
   12.250000000000000        8.7500000000000000       -9.0713429778666935E-002 -0.14685511818742461     
   7.8750000000000000        7.0000000000000000       -5.8422856729353455E-002 -0.11757242677809497     
   15.750000000000000        10.500000000000000      -0.11641290491322968      -0.17574399818892655     
   8.7500000000000000        7.0000000000000000       -6.4907362127837459E-002 -0.11754419568074621     
   16.625000000000000        10.500000000000000      -0.12288601302776550      -0.17561648546100561     
   9.6250000000000000        7.0000000000000000       -7.1379741698652729E-002 -0.11752351112972539     
   14.000000000000000        8.7500000000000000      -0.10355979864655632      -0.14670930302810622     
   0.0000000000000000        5.2500000000000000        0.0000000000000000       -8.8453030443095007E-002
   1.7500000000000000        5.2500000000000000       -1.2977879315493584E-002  -8.8420537284278650E-002
   10.500000000000000        7.0000000000000000       -7.7840332333887263E-002 -0.11750346862571580     
   3.5000000000000000        5.2500000000000000       -2.5967555998180319E-002  -8.8339982321751498E-002
   17.500000000000000        10.500000000000000      -0.12937464235646465      -0.17554420514777944     
   5.2500000000000000        5.2500000000000000       -3.8966404231161052E-002  -8.8248838473622040E-002
   11.375000000000000        7.0000000000000000       -8.4288971227783199E-002 -0.11748061172949713     
   7.0000000000000000        5.2500000000000000       -5.1960891607761794E-002  -8.8177217137187888E-002
   12.250000000000000        7.0000000000000000       -9.0729382993321839E-002 -0.11744914118912200     
   15.750000000000000        8.7500000000000000      -0.11643729660197524      -0.14652302635485737     
   13.125000000000000        7.0000000000000000       -9.7166379975549028E-002 -0.11740783262940287     
   8.7500000000000000        5.2500000000000000       -6.4930914232607120E-002  -8.8133000073937595E-002
   14.000000000000000        7.0000000000000000      -0.10360300198850074      -0.11735855997811659     
   0.0000000000000000        3.5000000000000000        0.0000000000000000       -5.8910523763229167E-002
  0.87500000000000000        3.5000000000000000       -6.4996291631731137E-003  -5.8906123965891143E-002
   10.500000000000000        5.2500000000000000       -7.7864596490765173E-002  -8.8103605318920961E-002
   17.500000000000000        8.7500000000000000      -0.12936934474375097      -0.14643968528010934     
   1.7500000000000000        3.5000000000000000       -1.2999305455357619E-002  -5.8894747073673752E-002
   2.6250000000000000        3.5000000000000000       -1.9499399222699151E-002  -5.8876404255791673E-002
   3.5000000000000000        3.5000000000000000       -2.6000318981544441E-002  -5.8854142795883663E-002
   14.875000000000000        7.0000000000000000      -0.11004370697951051      -0.11730544417697185     
   4.3750000000000000        3.5000000000000000       -3.2501284119587998E-002  -5.8829791544046058E-002
   5.2500000000000000        3.5000000000000000       -3.9000390688762390E-002  -5.8806275566869848E-002
   6.1250000000000000        3.5000000000000000       -4.5497250177453305E-002  -5.8784840949176173E-002
   15.750000000000000        7.0000000000000000      -0.11649199028783817      -0.11726527863921102     
   12.250000000000000        5.2500000000000000       -9.0765989801533928E-002  -8.8066951326382856E-002
   7.0000000000000000        3.5000000000000000       -5.1989036388214518E-002  -5.8766991564859289E-002
   7.8750000000000000        3.5000000000000000       -5.8475113918926187E-002  -5.8753017188440608E-002
   16.625000000000000        7.0000000000000000      -0.12294701224960634      -0.11723982417681347     
   8.7500000000000000        3.5000000000000000       -6.4954495171363050E-002  -5.8741546019721882E-002
   14.000000000000000        5.2500000000000000      -0.10365295871244769       -8.8016381479732911E-002
   9.6250000000000000        3.5000000000000000       -7.1425895639872755E-002  -5.8732313830075260E-002
   17.500000000000000        7.0000000000000000      -0.12940598373849652      -0.11724429743389850     
   10.500000000000000        3.5000000000000000       -7.7890200791606329E-002  -5.8723609508199888E-002
   0.0000000000000000        1.7500000000000000        0.0000000000000000       -2.9437868358061139E-002
   1.7500000000000000        1.7500000000000000       -1.3010841677648584E-002  -2.9431476362302447E-002
   3.5000000000000000        1.7500000000000000       -2.6019620444205718E-002  -2.9415003101674247E-002
   11.375000000000000        3.5000000000000000       -8.4347549341787009E-002  -5.8713628440341128E-002
   15.750000000000000        5.2500000000000000      -0.11654592847574052       -8.7974576243360983E-002
   5.2500000000000000        1.7500000000000000       -3.9021867513189569E-002  -2.9394788300340986E-002
   12.250000000000000        3.5000000000000000       -9.0800139972513585E-002  -5.8702811255994601E-002
   7.0000000000000000        1.7500000000000000       -5.2009338970778127E-002  -2.9377601427909888E-002
   13.125000000000000        3.5000000000000000       -9.7248968848795816E-002  -5.8689962187585584E-002
   8.7500000000000000        1.7500000000000000       -6.4973641236035981E-002  -2.9366047047313850E-002
   14.000000000000000        3.5000000000000000      -0.10369616043454334       -5.8677843593397290E-002
   17.500000000000000        5.2500000000000000      -0.12944931327094661       -8.7982658994317578E-002
   14.875000000000000        3.5000000000000000      -0.11014391219575946       -5.8667617553315059E-002
   10.500000000000000        1.7500000000000000       -7.7911135107130852E-002  -2.9357342290690279E-002
   0.0000000000000000        0.0000000000000000        0.0000000000000000        0.0000000000000000     
  0.87500000000000000        0.0000000000000000       -6.5075793696552286E-003   0.0000000000000000     
   1.7500000000000000        0.0000000000000000       -1.3014641620444424E-002   0.0000000000000000     
   2.6250000000000000        0.0000000000000000       -1.9521323794483906E-002   0.0000000000000000     
   3.5000000000000000        0.0000000000000000       -2.6025924131179514E-002   0.0000000000000000     
   15.750000000000000        3.5000000000000000      -0.11659146687997977       -5.8661274674881261E-002
   4.3750000000000000        0.0000000000000000       -3.2528892669907550E-002   0.0000000000000000     
   5.2500000000000000        0.0000000000000000       -3.9028689925949184E-002   0.0000000000000000     
   12.250000000000000        1.7500000000000000       -9.0825299235675908E-002  -2.9348210007563175E-002
   6.1250000000000000        0.0000000000000000       -4.5524495363086094E-002   0.0000000000000000     
   16.625000000000000        3.5000000000000000      -0.12304049829677266       -5.8664400470051004E-002
   7.0000000000000000        0.0000000000000000       -5.2015531116598110E-002   0.0000000000000000     
   7.8750000000000000        0.0000000000000000       -5.8500622917281919E-002   0.0000000000000000     
   17.500000000000000        3.5000000000000000      -0.12948903241534243       -5.8675136923350836E-002
   8.7500000000000000        0.0000000000000000       -6.4979383141025623E-002   0.0000000000000000     
   14.000000000000000        1.7500000000000000      -0.10372513871446863       -2.9338562013589212E-002
   9.6250000000000000        0.0000000000000000       -7.1451514383544953E-002   0.0000000000000000     
   10.500000000000000        0.0000000000000000       -7.7917509859250944E-002   0.0000000000000000     
   15.750000000000000        1.7500000000000000      -0.11661944539194193       -2.9334524914887132E-002
   11.375000000000000        0.0000000000000000       -8.4377808527369147E-002   0.0000000000000000     
   12.250000000000000        0.0000000000000000       -9.0833297609247521E-002   0.0000000000000000     
   13.125000000000000        0.0000000000000000       -9.7285404172717124E-002   0.0000000000000000     
   17.500000000000000        1.7500000000000000      -0.12951242402292118       -2.9343471840065097E-002
   14.000000000000000        0.0000000000000000      -0.10373479090022335        0.0000000000000000     
   14.875000000000000        0.0000000000000000      -0.11018266621075876        0.0000000000000000     
   15.750000000000000        0.0000000000000000      -0.11662957728735426        0.0000000000000000     
   16.625000000000000        0.0000000000000000      -0.12307586498582287        0.0000000000000000     
   17.500000000000000        0.0000000000000000      -0.12952207360422036        0.0000000000000000     
