   0.0000000000000000        35.000000000000000        0.0000000000000000      -0.87222222222222390     
  0.87500000000000000        35.000000000000000       -6.8055555555553166E-003 -0.87222222222222379     
   0.0000000000000000        33.250000000000000        0.0000000000000000      -0.83247526241636127     
   1.7500000000000000        35.000000000000000       -1.3611111111110607E-002 -0.87222222222222379     
   1.7500000000000000        33.250000000000000       -1.3275611801690726E-002 -0.83223961970611027     
   2.6250000000000000        35.000000000000000       -2.0416666666666045E-002 -0.87222222222222379     
   0.0000000000000000        31.500000000000000        0.0000000000000000      -0.79156748113699116     
   3.5000000000000000        35.000000000000000       -2.7222222222221443E-002 -0.87222222222222390     
  0.87500000000000000        31.500000000000000       -6.4492782984584864E-003 -0.79131342746097177     
   3.5000000000000000        33.250000000000000       -2.6511613912312233E-002 -0.83200459365213630     
   1.7500000000000000        31.500000000000000       -1.2855957648739830E-002 -0.79085652767609760     
   2.6250000000000000        31.500000000000000       -1.9310498721224322E-002 -0.79085236225412259     
   4.3750000000000000        35.000000000000000       -3.4027777777776651E-002 -0.87222222222222390     
   3.5000000000000000        31.500000000000000       -2.5741514034453000E-002 -0.79088002836715787     
   0.0000000000000000        29.750000000000000        0.0000000000000000      -0.74881285962470867     
   5.2500000000000000        35.000000000000000       -4.0833333333332091E-002 -0.87222222222222390     
   1.7500000000000000        29.750000000000000       -1.2601658327097059E-002 -0.74922708885250133     
   5.2500000000000000        33.250000000000000       -3.9820416937547898E-002 -0.83188324500644872     
   4.3750000000000000        31.500000000000000       -3.2173528651425504E-002 -0.79092816897584139     
   6.1250000000000000        35.000000000000000       -4.7638888888887558E-002 -0.87222222222222401     
   3.5000000000000000        29.750000000000000       -2.5097924681185272E-002 -0.74934997096731670     
   5.2500000000000000        31.500000000000000       -3.8647675208589381E-002 -0.79097339477655748     
   0.0000000000000000        28.000000000000000        0.0000000000000000      -0.70660853302878113     
   7.0000000000000000        35.000000000000000       -5.4444444444443116E-002 -0.87222222222222412     
   6.1250000000000000        31.500000000000000       -4.5061146098033168E-002 -0.79095663809748895     
  0.87500000000000000        28.000000000000000       -6.1270954360769601E-003 -0.70651726703551887     
   7.0000000000000000        33.250000000000000       -5.2904226352490973E-002 -0.83205197373288076     
   1.7500000000000000        28.000000000000000       -1.2319523359603618E-002 -0.70656008540388904     
   5.2500000000000000        29.750000000000000       -3.7465584210116649E-002 -0.74926863650266196     
   2.6250000000000000        28.000000000000000       -1.8315667432101872E-002 -0.70651684380538682     
   7.0000000000000000        31.500000000000000       -5.1501453956749696E-002 -0.79070746563490024     
   3.5000000000000000        28.000000000000000       -2.4371623706358300E-002 -0.70643663203916562     
   7.8750000000000000        35.000000000000000       -6.1249999999998757E-002 -0.87222222222222412     
   4.3750000000000000        28.000000000000000       -3.0485738745647077E-002 -0.70635129154981413     
   7.8750000000000000        31.500000000000000       -5.7784543781113619E-002 -0.79053433043225996     
   8.7500000000000000        35.000000000000000       -6.8055555555554023E-002 -0.87222222222222401     
   0.0000000000000000        26.250000000000000        0.0000000000000000      -0.66327571760277748     
   7.0000000000000000        29.750000000000000       -4.9812688723165716E-002 -0.74880270749725431     
   5.2500000000000000        28.000000000000000       -3.6387973002860285E-002 -0.70600718330282808     
   8.7500000000000000        33.250000000000000       -6.6118808573758070E-002 -0.83205281188690272     
   1.7500000000000000        26.250000000000000       -1.1908067155830572E-002 -0.66317150986274442     
   6.1250000000000000        28.000000000000000       -4.2452673682928870E-002 -0.70581439037679983     
   8.7500000000000000        31.500000000000000       -6.4022844881582539E-002 -0.79034484809555483     
   3.5000000000000000        26.250000000000000       -2.3783182759133898E-002 -0.66324590822011620     
   9.6250000000000000        35.000000000000000       -7.4861111111109449E-002 -0.87222222222222412     
   7.0000000000000000        28.000000000000000       -4.8447751303857145E-002 -0.70581515486144886     
   8.7500000000000000        29.750000000000000       -6.2086286396746085E-002 -0.74827326651379544     
   5.2500000000000000        26.250000000000000       -3.5527642636619249E-002 -0.66284435631001182     
   9.6250000000000000        31.500000000000000       -7.0307644326861429E-002 -0.79023311911442295     
   10.500000000000000        35.000000000000000       -8.1666666666665014E-002 -0.87222222222222412     
   0.0000000000000000        24.500000000000000        0.0000000000000000      -0.61919819050071856     
   7.8750000000000000        28.000000000000000       -5.4433589468265625E-002 -0.70586994340100739     
  0.87500000000000000        24.500000000000000       -5.8586894020599073E-003 -0.61906043174251546     
   1.7500000000000000        24.500000000000000       -1.1736667212318816E-002 -0.61890789660755630     
   10.500000000000000        33.250000000000000       -7.9145828491952452E-002 -0.83164930828986072     
   2.6250000000000000        24.500000000000000       -1.7499319716815200E-002 -0.61905198835952890     
   3.5000000000000000        24.500000000000000       -2.3241668053277060E-002 -0.61914748343272652     
   10.500000000000000        31.500000000000000       -7.6497057620386402E-002 -0.79005165051484716     
   8.7500000000000000        28.000000000000000       -6.0396309664087038E-002 -0.70571762333771970     
   7.0000000000000000        26.250000000000000       -4.7435557352852771E-002 -0.66269367475162044     
   11.375000000000000        35.000000000000000       -8.8472222222220467E-002 -0.87222222222222456     
   4.3750000000000000        24.500000000000000       -2.9130785497317416E-002 -0.61898800923159925     
   10.500000000000000        29.750000000000000       -7.4236578015023744E-002 -0.74795877208560069     
   5.2500000000000000        24.500000000000000       -3.4991473523639315E-002 -0.61910050327492006     
   11.375000000000000        31.500000000000000       -8.2780521325978601E-002 -0.78968510107356460     
   9.6250000000000000        28.000000000000000       -6.6348476482972804E-002 -0.70538496866273004     
   6.1250000000000000        24.500000000000000       -4.0765318375410413E-002 -0.61902083539394570     
   0.0000000000000000        22.750000000000000        0.0000000000000000      -0.57510261491220727     
   12.250000000000000        35.000000000000000       -9.5277777777776171E-002 -0.87222222222222456     
   12.250000000000000        33.250000000000000       -9.2062986606733635E-002 -0.83143933138250159     
   1.7500000000000000        22.750000000000000       -1.1552655778269631E-002 -0.57526016099788202     
   8.7500000000000000        26.250000000000000       -5.9197970024531921E-002 -0.66222276664930491     
   7.0000000000000000        24.500000000000000       -4.6556017255505934E-002 -0.61875919294113446     
   10.500000000000000        28.000000000000000       -7.2281017266260669E-002 -0.70494981529211365     
   3.5000000000000000        22.750000000000000       -2.2998461669540820E-002 -0.57497092443655828     
   12.250000000000000        31.500000000000000       -8.8907864380406987E-002 -0.78943011517759198     
   7.8750000000000000        24.500000000000000       -5.2294541067045897E-002 -0.61846639643759072     
   13.125000000000000        35.000000000000000      -0.10208333333333214      -0.87222222222222456     
   5.2500000000000000        22.750000000000000       -3.4499036763154439E-002 -0.57523770590999479     
   12.250000000000000        29.750000000000000       -8.6096715403848598E-002 -0.74704293615187989     
   11.375000000000000        28.000000000000000       -7.8103797245774056E-002 -0.70444279839628898     
   13.125000000000000        31.500000000000000       -9.4979084811505882E-002 -0.78913559207718709     
   10.500000000000000        26.250000000000000       -7.0659085864431911E-002 -0.66129280346885788     
   8.7500000000000000        24.500000000000000       -5.8110767803075919E-002 -0.61805947325323629     
   0.0000000000000000        21.000000000000000        0.0000000000000000      -0.53043285091161274     
   14.000000000000000        35.000000000000000      -0.10888888888888791      -0.87222222222222456     
  0.87500000000000000        21.000000000000000       -5.7208576454537618E-003 -0.53059180042735210     
   14.000000000000000        33.250000000000000      -0.10489771551559936      -0.83113135469442534     
   7.0000000000000000        22.750000000000000       -4.5876674706953668E-002 -0.57482803778515423     
   12.250000000000000        28.000000000000000       -8.3859466154492912E-002 -0.70390809159888257     
   1.7500000000000000        21.000000000000000       -1.1423718294470898E-002 -0.53081283145089786     
   9.6250000000000000        24.500000000000000       -6.3789507895899974E-002 -0.61770661919402026     
   2.6250000000000000        21.000000000000000       -1.7097781058752738E-002 -0.53088452334285308     
   14.000000000000000        31.500000000000000      -0.10098537892225037      -0.78864012593538635     
   3.5000000000000000        21.000000000000000       -2.2927856481315578E-002 -0.53106666233688615     
   4.3750000000000000        21.000000000000000       -2.8589754170068055E-002 -0.53091149596358811     
   10.500000000000000        24.500000000000000       -6.9596564147786810E-002 -0.61742373317814137     
   13.125000000000000        28.000000000000000       -8.9555577217487761E-002 -0.70315563483539223     
   14.875000000000000        35.000000000000000      -0.11569444444444356      -0.87222222222222445     
   14.000000000000000        29.750000000000000       -9.7704368344523632E-002 -0.74567445804474020     
   5.2500000000000000        21.000000000000000       -3.4248239885369069E-002 -0.53053296026450969     
   8.7500000000000000        22.750000000000000       -5.7278929589694223E-002 -0.57433241528751966     
   12.250000000000000        26.250000000000000       -8.2089573539689542E-002 -0.66043922265671917     
   6.1250000000000000        21.000000000000000       -3.9827128485721175E-002 -0.53041491844464073     
   14.875000000000000        31.500000000000000      -0.10675582008245722      -0.78790775309101513     
   11.375000000000000        24.500000000000000       -7.5270692323787733E-002 -0.61714421300478794     
   14.000000000000000        28.000000000000000       -9.5284334051020991E-002 -0.70236604200533104     
   7.0000000000000000        21.000000000000000       -4.5466894229000507E-002 -0.53034523231786335     
   0.0000000000000000        19.250000000000000        0.0000000000000000      -0.48671538628648486     
   15.750000000000000        35.000000000000000      -0.12249999999999901      -0.87222222222222445     
   15.750000000000000        33.250000000000000      -0.11752692278318085      -0.82967859456020066     
   1.7500000000000000        19.250000000000000       -1.1336389960109595E-002 -0.48648540802128087     
   7.8750000000000000        21.000000000000000       -5.1110215570738263E-002 -0.53009308933121413     
   3.5000000000000000        19.250000000000000       -2.2655714899564722E-002 -0.48657152395443221     
   10.500000000000000        22.750000000000000       -6.8639383207544188E-002 -0.57396301662175686     
   15.750000000000000        31.500000000000000      -0.11238199990722632      -0.78653946537757080     
   12.250000000000000        24.500000000000000       -8.0956970415772544E-002 -0.61661939607279781     
   14.875000000000000        28.000000000000000      -0.10099716432141888      -0.70146563378928828     
   14.000000000000000        26.250000000000000       -9.3575109300589085E-002 -0.65937756871751430     
   8.7500000000000000        21.000000000000000       -5.6759636445738386E-002 -0.53000384173888571     
   15.750000000000000        29.750000000000000      -0.10915454182783231      -0.74359971575497752     
   5.2500000000000000        19.250000000000000       -3.3946843885096140E-002 -0.48637391155534593     
   16.625000000000000        35.000000000000000      -0.12930555555555459      -0.87222222222222412     
   13.125000000000000        24.500000000000000       -8.6689048652144274E-002 -0.61618778152189901     
   9.6250000000000000        21.000000000000000       -6.2430056101326188E-002 -0.53014758508460724     
   16.625000000000000        31.500000000000000      -0.11831978793819121      -0.78498546149739090     
   7.0000000000000000        19.250000000000000       -4.5176616845801897E-002 -0.48612955576418226     
   15.750000000000000        28.000000000000000      -0.10668763612471492      -0.70060904811067870     
   12.250000000000000        22.750000000000000       -8.0105995745337041E-002 -0.57331075076084337     
   14.000000000000000        24.500000000000000       -9.2451305026274549E-002 -0.61571858733179763     
   17.500000000000000        35.000000000000000      -0.13611111111110938      -0.87222222222222445     
   0.0000000000000000        17.500000000000000        0.0000000000000000      -0.44242454848105583     
   10.500000000000000        21.000000000000000       -6.8128579702864192E-002 -0.53020862420547055     
  0.87500000000000000        17.500000000000000       -5.6538603924976370E-003 -0.44236993350785109     
   1.7500000000000000        17.500000000000000       -1.1297230915477598E-002 -0.44238913183782669     
   17.500000000000000        33.250000000000000      -0.12896242115934659      -0.82607805080312191     
   2.6250000000000000        17.500000000000000       -1.6935958421749230E-002 -0.44259225510504191     
   17.500000000000000        31.500000000000000      -0.12417228086338231      -0.78295483668247312     
   3.5000000000000000        17.500000000000000       -2.2522007177973615E-002 -0.44243699883412008     
   8.7500000000000000        19.250000000000000       -5.6532956501914311E-002 -0.48611783113372525     
   15.750000000000000        26.250000000000000      -0.10511328518474011      -0.65758228721203549     
   4.3750000000000000        17.500000000000000       -2.8145439911750388E-002 -0.44213766811932348     
   11.375000000000000        21.000000000000000       -7.3769017997344657E-002 -0.53015723202006348     
   16.625000000000000        28.000000000000000      -0.11235650092422780      -0.69963880491652553     
   14.875000000000000        24.500000000000000       -9.8090491486871184E-002 -0.61519615175148445     
   17.500000000000000        29.750000000000000      -0.12035998703935588      -0.74084874939801781     
   5.2500000000000000        17.500000000000000       -3.3754124305237741E-002 -0.44202041222671379     
   6.1250000000000000        17.500000000000000       -3.9399166795926074E-002 -0.44200412042422771     
   14.000000000000000        22.750000000000000       -9.1598877332691439E-002 -0.57211958035931654     
   12.250000000000000        21.000000000000000       -7.9548603958813136E-002 -0.52982249279015481     
   7.0000000000000000        17.500000000000000       -4.5029622184142942E-002 -0.44200214306764180     
   17.500000000000000        28.000000000000000      -0.11810809320697936      -0.69866485071395656     
   10.500000000000000        19.250000000000000       -6.7842867806367918E-002 -0.48615273925744501     
   15.750000000000000        24.500000000000000      -0.10374085776788304      -0.61448240734408199     
   7.8750000000000000        17.500000000000000       -5.0690429922961217E-002 -0.44221093918958143     
   13.125000000000000        21.000000000000000       -8.5309668564222854E-002 -0.52938979951078002     
   0.0000000000000000        15.750000000000000        0.0000000000000000      -0.39730286523067615     
   1.7500000000000000        15.750000000000000       -1.1250097199704526E-002 -0.39752762368700195     
   3.5000000000000000        15.750000000000000       -2.2455517248776598E-002 -0.39740172007920749     
   17.500000000000000        26.250000000000000      -0.11627409193175003      -0.65596020774052910     
   8.7500000000000000        17.500000000000000       -5.6311236739718454E-002 -0.44244305041614690     
   16.625000000000000        24.500000000000000      -0.10940032700052102      -0.61388061672073024     
   14.000000000000000        21.000000000000000       -9.1069848232297135E-002 -0.52887690265609044     
   12.250000000000000        19.250000000000000       -7.9241673772361007E-002 -0.48555537825931655     
   15.750000000000000        22.750000000000000      -0.10314455695395643      -0.57132905720611782     
   5.2500000000000000        15.750000000000000       -3.3777677083597892E-002 -0.39756885825645466     
   9.6250000000000000        17.500000000000000       -6.1963249256065320E-002 -0.44239567923684953     
   17.500000000000000        24.500000000000000      -0.11510672716113286      -0.61346113909803801     
   10.500000000000000        17.500000000000000       -6.7688565452532060E-002 -0.44218299120743193     
   14.875000000000000        21.000000000000000       -9.6827782558204886E-002 -0.52854209284787135     
   7.0000000000000000        15.750000000000000       -4.5043298153295878E-002 -0.39771491393205910     
   11.375000000000000        17.500000000000000       -7.3375608393508332E-002 -0.44190882841433793     
   0.0000000000000000        14.000000000000000        0.0000000000000000      -0.35288020619865257     
  0.87500000000000000        14.000000000000000       -5.6398441993231801E-003 -0.35300730492765009     
   14.000000000000000        19.250000000000000       -9.0669972708290150E-002 -0.48482728428658511     
   1.7500000000000000        14.000000000000000       -1.1267055800365773E-002 -0.35290981506388502     
   15.750000000000000        21.000000000000000      -0.10253439514542252      -0.52832613171605203     
   8.7500000000000000        15.750000000000000       -5.6225258636752790E-002 -0.39810777974307626     
   2.6250000000000000        14.000000000000000       -1.6934795496731565E-002 -0.35270048178388935     
   3.5000000000000000        14.000000000000000       -2.2647731580818065E-002 -0.35282642193115576     
   12.250000000000000        17.500000000000000       -7.8898546663348126E-002 -0.44171809549874874     
   17.500000000000000        22.750000000000000      -0.11449393891885182      -0.57056421596280960     
   4.3750000000000000        14.000000000000000       -2.8221754534085101E-002 -0.35325430868901275     
   5.2500000000000000        14.000000000000000       -3.3821300877917786E-002 -0.35348000168054755     
   16.625000000000000        21.000000000000000      -0.10825742479262343      -0.52793503212060711     
   6.1250000000000000        14.000000000000000       -3.9440403205071528E-002 -0.35347606153311817     
   13.125000000000000        17.500000000000000       -8.4696297791927874E-002 -0.44137132419038455     
   10.500000000000000        15.750000000000000       -6.7540492236411731E-002 -0.39808248986891492     
   7.0000000000000000        14.000000000000000       -4.5033226258309363E-002 -0.35332285983965661     
   15.750000000000000        19.250000000000000      -0.10221792039949087      -0.48435384209553717     
   17.500000000000000        21.000000000000000      -0.11391726586999495      -0.52737333847188606     
   14.000000000000000        17.500000000000000       -9.0507347011953732E-002 -0.44098737356332685     
   7.8750000000000000        14.000000000000000       -5.0681921800291865E-002 -0.35337344364350970     
   0.0000000000000000        12.250000000000000        0.0000000000000000      -0.30915956020584356     
   8.7500000000000000        14.000000000000000       -5.6346778318160838E-002 -0.35350672870145133     
   12.250000000000000        15.750000000000000       -7.8838478096604561E-002 -0.39766263998065743     
   1.7500000000000000        12.250000000000000       -1.1306892836309613E-002 -0.30880772284862690     
   14.875000000000000        17.500000000000000       -9.6206184671371833E-002 -0.44067708216485252     
   3.5000000000000000        12.250000000000000       -2.2610921771321471E-002 -0.30900907106291697     
   9.6250000000000000        14.000000000000000       -6.1956200627774176E-002 -0.35356838846747857     
   5.2500000000000000        12.250000000000000       -3.3843320804874406E-002 -0.30915896160407330     
   10.500000000000000        14.000000000000000       -6.7583174546968161E-002 -0.35358070625153676     
   15.750000000000000        17.500000000000000      -0.10196958329920418      -0.44059817170680532     
   17.500000000000000        19.250000000000000      -0.11338728143513944      -0.48401399133755735     
   7.0000000000000000        12.250000000000000       -4.5013238959657677E-002 -0.30928450599851903     
   14.000000000000000        15.750000000000000       -9.0362796688288255E-002 -0.39738934979280538     
   11.375000000000000        14.000000000000000       -7.3217246238502010E-002 -0.35375204004219635     
   16.625000000000000        17.500000000000000      -0.10770920166671698      -0.44069814821949660     
   12.250000000000000        14.000000000000000       -7.8929894933802300E-002 -0.35386650932180025     
   8.7500000000000000        12.250000000000000       -5.6343031057610973E-002 -0.30929081905044781     
   0.0000000000000000        10.500000000000000        0.0000000000000000      -0.26462458269499167     
  0.87500000000000000        10.500000000000000       -5.6443581732772245E-003 -0.26451941718026156     
   1.7500000000000000        10.500000000000000       -1.1321765292082599E-002 -0.26446681167722064     
   2.6250000000000000        10.500000000000000       -1.6917072489727122E-002 -0.26450172208323391     
   3.5000000000000000        10.500000000000000       -2.2533552735190802E-002 -0.26460424033834973     
   17.500000000000000        17.500000000000000      -0.11337355284005331      -0.44090098710873182     
   13.125000000000000        14.000000000000000       -8.4581700459208251E-002 -0.35381352844525776     
   15.750000000000000        15.750000000000000      -0.10190582058555669      -0.39720323120175882     
   4.3750000000000000        10.500000000000000       -2.8189435177388533E-002 -0.26476480599978930     
   5.2500000000000000        10.500000000000000       -3.3837849255266235E-002 -0.26488978430429672     
   10.500000000000000        12.250000000000000       -6.7791752807064648E-002 -0.30938628726837641     
   14.000000000000000        14.000000000000000       -9.0266499109057929E-002 -0.35379323839407878     
   6.1250000000000000        10.500000000000000       -3.9446470470021838E-002 -0.26482268910396317     
   7.0000000000000000        10.500000000000000       -4.5026002299443750E-002 -0.26517645116883271     
   14.875000000000000        14.000000000000000       -9.5992273485789023E-002 -0.35369589753401487     
   7.8750000000000000        10.500000000000000       -5.0710927605882847E-002 -0.26542411134605587     
   12.250000000000000        12.250000000000000       -7.8942213332964417E-002 -0.30953855472578495     
   17.500000000000000        15.750000000000000      -0.11342736836123719      -0.39721565656353935     
   8.7500000000000000        10.500000000000000       -5.6523375967046326E-002 -0.26534756360687251     
   15.750000000000000        14.000000000000000      -0.10174294927213602      -0.35349569797133801     
   0.0000000000000000        8.7500000000000000        0.0000000000000000      -0.22018506249785402     
   1.7500000000000000        8.7500000000000000       -1.1297257044162878E-002 -0.22064582313269185     
   9.6250000000000000        10.500000000000000       -6.2107512708225912E-002 -0.26531141360716565     
   3.5000000000000000        8.7500000000000000       -2.2594042367139768E-002 -0.22091286922690259     
   10.500000000000000        10.500000000000000       -6.7676054291170601E-002 -0.26538661872095359     
   14.000000000000000        12.250000000000000       -9.0300265677149952E-002 -0.30969501983924874     
   5.2500000000000000        8.7500000000000000       -3.3907557463608899E-002 -0.22077357155779762     
   16.625000000000000        14.000000000000000      -0.10743338812720553      -0.35334822919324138     
   11.375000000000000        10.500000000000000       -7.3460924598428609E-002 -0.26535486996754437     
   7.0000000000000000        8.7500000000000000       -4.5139895000271830E-002 -0.22118419793089963     
   17.500000000000000        14.000000000000000      -0.11308478341311638      -0.35312045057625968     
   12.250000000000000        10.500000000000000       -7.9101462345565518E-002 -0.26528865418036363     
   15.750000000000000        12.250000000000000      -0.10153331923828880      -0.30938739832505363     
   8.7500000000000000        8.7500000000000000       -5.6476127588407976E-002 -0.22138444672824592     
   13.125000000000000        10.500000000000000       -8.4694159616684139E-002 -0.26522428792492575     
   0.0000000000000000        7.0000000000000000        0.0000000000000000      -0.17657375612262402     
  0.87500000000000000        7.0000000000000000       -5.7082144116034723E-003 -0.17666533239986432     
   1.7500000000000000        7.0000000000000000       -1.1332913040216318E-002 -0.17688921582507122     
   2.6250000000000000        7.0000000000000000       -1.6966742868400508E-002 -0.17711999352960273     
   3.5000000000000000        7.0000000000000000       -2.2578063717672632E-002 -0.17711496778532410     
   14.000000000000000        10.500000000000000       -9.0232410094397267E-002 -0.26521482818559483     
   10.500000000000000        8.7500000000000000       -6.7712903283173989E-002 -0.22147287880195285     
   4.3750000000000000        7.0000000000000000       -2.8257445776175255E-002 -0.17682025470459076     
   5.2500000000000000        7.0000000000000000       -3.3917164628736188E-002 -0.17663191147481730     
   6.1250000000000000        7.0000000000000000       -3.9540820841922918E-002 -0.17695125469998763     
   14.875000000000000        10.500000000000000       -9.5862012731847926E-002 -0.26529942061223266     
   17.500000000000000        12.250000000000000      -0.11282011549283720      -0.30921069107248245     
   7.0000000000000000        7.0000000000000000       -4.5204263951741437E-002 -0.17706847255073377     
   12.250000000000000        8.7500000000000000       -7.8992317480305774E-002 -0.22113103145364044     
   7.8750000000000000        7.0000000000000000       -5.0854266446640400E-002 -0.17695899124202380     
   15.750000000000000        10.500000000000000      -0.10146984503370694      -0.26529544974961961     
   8.7500000000000000        7.0000000000000000       -5.6419196881785184E-002 -0.17715873518982078     
   16.625000000000000        10.500000000000000      -0.10711847825778803      -0.26529427765164509     
   9.6250000000000000        7.0000000000000000       -6.2096069405459198E-002 -0.17726273619764865     
   14.000000000000000        8.7500000000000000       -9.0286989029743872E-002 -0.22109229826467103     
   0.0000000000000000        5.2500000000000000        0.0000000000000000      -0.13299675416687945     
   1.7500000000000000        5.2500000000000000       -1.1308680667617921E-002 -0.13288130855276922     
   10.500000000000000        7.0000000000000000       -6.7740847513271585E-002 -0.17716301752013630     
   3.5000000000000000        5.2500000000000000       -2.2591364736223477E-002 -0.13272316909675302     
   17.500000000000000        10.500000000000000      -0.11276658731604199      -0.26534761771319221     
   5.2500000000000000        5.2500000000000000       -3.3916173100691456E-002 -0.13266572780765526     
   11.375000000000000        7.0000000000000000       -7.3368985175497919E-002 -0.17730641278520232     
   7.0000000000000000        5.2500000000000000       -4.5155489818415447E-002 -0.13286759899745534     
   12.250000000000000        7.0000000000000000       -7.9006614938275155E-002 -0.17712751139008256     
   15.750000000000000        8.7500000000000000      -0.10157330110807361      -0.22116397497922213     
   13.125000000000000        7.0000000000000000       -8.4651752566712896E-002 -0.17689550573546459     
   8.7500000000000000        5.2500000000000000       -5.6495130071995872E-002 -0.13287281638939288     
   14.000000000000000        7.0000000000000000       -9.0298485935220066E-002 -0.17686296284704389     
   0.0000000000000000        3.5000000000000000        0.0000000000000000       -8.8400336043186811E-002
  0.87500000000000000        3.5000000000000000       -5.6190319240143460E-003  -8.8518188672215489E-002
   10.500000000000000        5.2500000000000000       -6.7750191398538384E-002 -0.13314295930289541     
   17.500000000000000        8.7500000000000000      -0.11286983519317779      -0.22113649097055027     
   1.7500000000000000        3.5000000000000000       -1.1266517911975332E-002  -8.8625922605624241E-002
   2.6250000000000000        3.5000000000000000       -1.6921640414280386E-002  -8.8579782458603651E-002
   3.5000000000000000        3.5000000000000000       -2.2646537319047807E-002  -8.8503701639925075E-002
   14.875000000000000        7.0000000000000000       -9.5937606497171604E-002 -0.17710792116336688     
   4.3750000000000000        3.5000000000000000       -2.8316695486224407E-002  -8.8454855427104351E-002
   5.2500000000000000        3.5000000000000000       -3.3907918360768695E-002  -8.8538290462298164E-002
   6.1250000000000000        3.5000000000000000       -3.9535331248804512E-002  -8.8540237246313658E-002
   15.750000000000000        7.0000000000000000      -0.10158711810763374      -0.17723913430690452     
   12.250000000000000        5.2500000000000000       -7.9034930520378383E-002 -0.13318265122480039     
   7.0000000000000000        3.5000000000000000       -4.5247230085958372E-002  -8.8448513470285373E-002
   7.8750000000000000        3.5000000000000000       -5.0850715454839615E-002  -8.8597778764131163E-002
   16.625000000000000        7.0000000000000000      -0.10723383165358276      -0.17709104252437868     
   8.7500000000000000        3.5000000000000000       -5.6494325592115584E-002  -8.8784251447758186E-002
   14.000000000000000        5.2500000000000000       -9.0268289318766154E-002 -0.13307658933471192     
   9.6250000000000000        3.5000000000000000       -6.2157628250196433E-002  -8.8861997151595831E-002
   17.500000000000000        7.0000000000000000      -0.11289114391510564      -0.17702614733083694     
   10.500000000000000        3.5000000000000000       -6.7828511556773732E-002  -8.8868617773540520E-002
   0.0000000000000000        1.7500000000000000        0.0000000000000000       -4.4354591604789356E-002
   1.7500000000000000        1.7500000000000000       -1.1270710968953447E-002  -4.4295150856799123E-002
   3.5000000000000000        1.7500000000000000       -2.2651781261461185E-002  -4.4265519868415759E-002
   11.375000000000000        3.5000000000000000       -7.3436146888255491E-002  -8.8795316643288560E-002
   15.750000000000000        5.2500000000000000      -0.10157356370652533      -0.13309853591300708     
   5.2500000000000000        1.7500000000000000       -3.3963222953037248E-002  -4.4256422006538482E-002
   12.250000000000000        3.5000000000000000       -7.9025616050125966E-002  -8.8822151222792051E-002
   7.0000000000000000        1.7500000000000000       -4.5246388347573080E-002  -4.4220810444712363E-002
   13.125000000000000        3.5000000000000000       -8.4623242096770385E-002  -8.8801090655700701E-002
   8.7500000000000000        1.7500000000000000       -5.6581619550772774E-002  -4.4410552384197520E-002
   14.000000000000000        3.5000000000000000       -9.0227100806684529E-002  -8.8851536214370794E-002
   17.500000000000000        5.2500000000000000      -0.11278897619484751      -0.13282420110280194     
   14.875000000000000        3.5000000000000000       -9.5826198278192415E-002  -8.8828176310609644E-002
   10.500000000000000        1.7500000000000000       -6.7804191246288795E-002  -4.4452771145712500E-002
   0.0000000000000000        0.0000000000000000        0.0000000000000000        0.0000000000000000     
  0.87500000000000000        0.0000000000000000       -5.6517178150748831E-003   0.0000000000000000     
   1.7500000000000000        0.0000000000000000       -1.1282033731159775E-002   0.0000000000000000     
   2.6250000000000000        0.0000000000000000       -1.6955435656349858E-002   0.0000000000000000     
   3.5000000000000000        0.0000000000000000       -2.2704868261740445E-002   0.0000000000000000     
   15.750000000000000        3.5000000000000000      -0.10146203491001739       -8.8794153146084145E-002
   4.3750000000000000        0.0000000000000000       -2.8330173699126798E-002   0.0000000000000000     
   5.2500000000000000        0.0000000000000000       -3.3932547901539135E-002   0.0000000000000000     
   12.250000000000000        1.7500000000000000       -7.9016433963867247E-002  -4.4397093429763647E-002
   6.1250000000000000        0.0000000000000000       -3.9590653416572169E-002   0.0000000000000000     
   16.625000000000000        3.5000000000000000      -0.10711997504466865       -8.8672368864772602E-002
   7.0000000000000000        0.0000000000000000       -4.5318226100301867E-002   0.0000000000000000     
   7.8750000000000000        0.0000000000000000       -5.0897581017569686E-002   0.0000000000000000     
   17.500000000000000        3.5000000000000000      -0.11272990041984191       -8.8610357211073715E-002
   8.7500000000000000        0.0000000000000000       -5.6466475561820599E-002   0.0000000000000000     
   14.000000000000000        1.7500000000000000       -9.0196219983673762E-002  -4.4428457541194004E-002
   9.6250000000000000        0.0000000000000000       -6.2128894990461835E-002   0.0000000000000000     
   10.500000000000000        0.0000000000000000       -6.7831584311189880E-002   0.0000000000000000     
   15.750000000000000        1.7500000000000000      -0.10146895403208575       -4.4392129705742564E-002
   11.375000000000000        0.0000000000000000       -7.3412804676548954E-002   0.0000000000000000     
   12.250000000000000        0.0000000000000000       -7.9048916029071367E-002   0.0000000000000000     
   13.125000000000000        0.0000000000000000       -8.4610486384846625E-002   0.0000000000000000     
   17.500000000000000        1.7500000000000000      -0.11266444573409853       -4.4345132035088580E-002
   14.000000000000000        0.0000000000000000       -9.0197830173705279E-002   0.0000000000000000     
   14.875000000000000        0.0000000000000000       -9.5801015658534522E-002   0.0000000000000000     
   15.750000000000000        0.0000000000000000      -0.10144727785979181        0.0000000000000000     
   16.625000000000000        0.0000000000000000      -0.10710540273157482        0.0000000000000000     
   17.500000000000000        0.0000000000000000      -0.11270447341603028        0.0000000000000000     
