   0.0000000000000000        35.000000000000000        0.0000000000000000       -1.0322222222222239     
  0.87500000000000000        35.000000000000000       -6.8055555555553166E-003  -1.0322222222222239     
   0.0000000000000000        33.250000000000000        0.0000000000000000      -0.98585719560762963     
   1.7500000000000000        35.000000000000000       -1.3611111111110607E-002  -1.0322222222222239     
   1.7500000000000000        33.250000000000000       -1.3073138194495055E-002 -0.98579693163695004     
   2.6250000000000000        35.000000000000000       -2.0416666666666045E-002  -1.0322222222222239     
   0.0000000000000000        31.500000000000000        0.0000000000000000      -0.93937320259310320     
   3.5000000000000000        35.000000000000000       -2.7222222222221443E-002  -1.0322222222222239     
  0.87500000000000000        31.500000000000000       -6.2073482136502959E-003 -0.93927318852535835     
   3.5000000000000000        33.250000000000000       -2.6046330176972051E-002 -0.98629126328609196     
   1.7500000000000000        31.500000000000000       -1.2462880118017265E-002 -0.93916533641636712     
   2.6250000000000000        31.500000000000000       -1.8695596083770888E-002 -0.93913573218483570     
   4.3750000000000000        35.000000000000000       -3.4027777777776651E-002  -1.0322222222222239     
   3.5000000000000000        31.500000000000000       -2.4886908536269476E-002 -0.93924159383412231     
   0.0000000000000000        29.750000000000000        0.0000000000000000      -0.89072863752629938     
   5.2500000000000000        35.000000000000000       -4.0833333333332091E-002  -1.0322222222222239     
   1.7500000000000000        29.750000000000000       -1.1823448142378921E-002 -0.89090502802706650     
   5.2500000000000000        33.250000000000000       -3.8949237595342009E-002 -0.98663314054620788     
   4.3750000000000000        31.500000000000000       -3.1086436679722409E-002 -0.93921480903518062     
   6.1250000000000000        35.000000000000000       -4.7638888888887558E-002  -1.0322222222222242     
   3.5000000000000000        29.750000000000000       -2.3644509829758246E-002 -0.89058426480496267     
   5.2500000000000000        31.500000000000000       -3.7223005274516344E-002 -0.93916139822372657     
   0.0000000000000000        28.000000000000000        0.0000000000000000      -0.84084233020887311     
   7.0000000000000000        35.000000000000000       -5.4444444444443116E-002  -1.0322222222222242     
   6.1250000000000000        31.500000000000000       -4.3339249314821623E-002 -0.93912893093072958     
  0.87500000000000000        28.000000000000000       -5.6263371259041520E-003 -0.84074963919382883     
   7.0000000000000000        33.250000000000000       -5.1940174635270994E-002 -0.98645339075729455     
   1.7500000000000000        28.000000000000000       -1.1256424404181438E-002 -0.84073979387730680     
   5.2500000000000000        29.750000000000000       -3.5333175999386963E-002 -0.89075042484313194     
   2.6250000000000000        28.000000000000000       -1.6924841786362835E-002 -0.84087025536631443     
   7.0000000000000000        31.500000000000000       -4.9410030716394000E-002 -0.93912475064556344     
   3.5000000000000000        28.000000000000000       -2.2567956597598197E-002 -0.84081091490086723     
   7.8750000000000000        35.000000000000000       -6.1249999999998757E-002  -1.0322222222222242     
   4.3750000000000000        28.000000000000000       -2.8106259474223051E-002 -0.84052637340613445     
   7.8750000000000000        31.500000000000000       -5.5452230034119233E-002 -0.93895345828052601     
   8.7500000000000000        35.000000000000000       -6.8055555555554023E-002  -1.0322222222222242     
   0.0000000000000000        26.250000000000000        0.0000000000000000      -0.78999207694169193     
   7.0000000000000000        29.750000000000000       -4.6873318215500497E-002 -0.89030127038308771     
   5.2500000000000000        28.000000000000000       -3.3580546653079933E-002 -0.84022835782294547     
   8.7500000000000000        33.250000000000000       -6.4793116787658991E-002 -0.98613377215210374     
   1.7500000000000000        26.250000000000000       -1.0836253100081416E-002 -0.78968205386251800     
   6.1250000000000000        28.000000000000000       -3.9100169877274986E-002 -0.84012133722457349     
   8.7500000000000000        31.500000000000000       -6.1448021897584172E-002 -0.93891258243721587     
   3.5000000000000000        26.250000000000000       -2.1630741452184035E-002 -0.78952565212171155     
   9.6250000000000000        35.000000000000000       -7.4861111111109449E-002  -1.0322222222222242     
   7.0000000000000000        28.000000000000000       -4.4523563874607736E-002 -0.84003214362309175     
   8.7500000000000000        29.750000000000000       -5.8260747119577239E-002 -0.88964786260629669     
   5.2500000000000000        26.250000000000000       -3.2247639789917029E-002 -0.78910242622989457     
   9.6250000000000000        31.500000000000000       -6.7447133668846596E-002 -0.93873415959432083     
   10.500000000000000        35.000000000000000       -8.1666666666665014E-002  -1.0322222222222242     
   0.0000000000000000        24.500000000000000        0.0000000000000000      -0.73805233133739112     
   7.8750000000000000        28.000000000000000       -5.0009007444008685E-002 -0.83984763350900971     
  0.87500000000000000        24.500000000000000       -5.2012125085020150E-003 -0.73813064820607877     
   1.7500000000000000        24.500000000000000       -1.0444897265271888E-002 -0.73788319830267557     
   10.500000000000000        33.250000000000000       -7.7543375542773935E-002 -0.98605477889651749     
   2.6250000000000000        24.500000000000000       -1.5589996646452702E-002 -0.73778961889689909     
   3.5000000000000000        24.500000000000000       -2.0767728610217480E-002 -0.73759185386028792     
   10.500000000000000        31.500000000000000       -7.3385600167347395E-002 -0.93847778392298276     
   8.7500000000000000        28.000000000000000       -5.5413610326963597E-002 -0.83944034634318587     
   7.0000000000000000        26.250000000000000       -4.2864601919130503E-002 -0.78879708513437274     
   11.375000000000000        35.000000000000000       -8.8472222222220467E-002  -1.0322222222222246     
   4.3750000000000000        24.500000000000000       -2.5974062106274065E-002 -0.73748872809835464     
   10.500000000000000        29.750000000000000       -6.9350008217866480E-002 -0.88882354118090623     
   5.2500000000000000        24.500000000000000       -3.1175511039756906E-002 -0.73735362018697193     
   11.375000000000000        31.500000000000000       -7.9210112956806855E-002 -0.93791900728403765     
   9.6250000000000000        28.000000000000000       -6.0779393825019103E-002 -0.83881015246421864     
   6.1250000000000000        24.500000000000000       -3.6375439047453273E-002 -0.73705750334174891     
   0.0000000000000000        22.750000000000000        0.0000000000000000      -0.68549419894412067     
   12.250000000000000        35.000000000000000       -9.5277777777776171E-002  -1.0322222222222246     
   12.250000000000000        33.250000000000000       -9.0091595163925731E-002 -0.98592769248899703     
   1.7500000000000000        22.750000000000000       -1.0116574388624124E-002 -0.68537899178036377     
   8.7500000000000000        26.250000000000000       -5.3236179710441693E-002 -0.78804303918180474     
   7.0000000000000000        24.500000000000000       -4.1486981340617880E-002 -0.73654261802104304     
   10.500000000000000        28.000000000000000       -6.6066378275074625E-002 -0.83812422773661310     
   3.5000000000000000        22.750000000000000       -2.0263497216680092E-002 -0.68523391181125048     
   12.250000000000000        31.500000000000000       -8.4815868295758670E-002 -0.93708515884316346     
   7.8750000000000000        24.500000000000000       -4.6568649705355999E-002 -0.73612941874036353     
   13.125000000000000        35.000000000000000      -0.10208333333333214       -1.0322222222222246     
   5.2500000000000000        22.750000000000000       -3.0310556945645797E-002 -0.68503303174535934     
   12.250000000000000        29.750000000000000       -8.0014545810968535E-002 -0.88741624483279191     
   11.375000000000000        28.000000000000000       -7.1256226783589408E-002 -0.83730154642888643     
   13.125000000000000        31.500000000000000       -9.0382206870352991E-002 -0.93653418459746673     
   10.500000000000000        26.250000000000000       -6.3413279231529646E-002 -0.78661455920674239     
   8.7500000000000000        24.500000000000000       -5.1634553245744792E-002 -0.73558506963396098     
   0.0000000000000000        21.000000000000000        0.0000000000000000      -0.63252089068859174     
   14.000000000000000        35.000000000000000      -0.10888888888888791       -1.0322222222222246     
  0.87500000000000000        21.000000000000000       -5.0022005722090137E-003 -0.63240529916192878     
   14.000000000000000        33.250000000000000      -0.10241333571065063      -0.98511228023381125     
   7.0000000000000000        22.750000000000000       -4.0322924272504210E-002 -0.68425361671279483     
   12.250000000000000        28.000000000000000       -7.6321699603775855E-002 -0.83637967756308229     
   1.7500000000000000        21.000000000000000       -1.0018435699003805E-002 -0.63248342450082673     
   9.6250000000000000        24.500000000000000       -5.6593618335104845E-002 -0.73501878520818309     
   2.6250000000000000        21.000000000000000       -1.4979602838891555E-002 -0.63228173388345876     
   14.000000000000000        31.500000000000000       -9.5786622384699732E-002 -0.93573737367171550     
   3.5000000000000000        21.000000000000000       -1.9974884681767599E-002 -0.63229122199341792     
   4.3750000000000000        21.000000000000000       -2.4907535790327295E-002 -0.63222034254844806     
   10.500000000000000        24.500000000000000       -6.1604733907396368E-002 -0.73440630095039372     
   13.125000000000000        28.000000000000000       -8.1277080849252711E-002 -0.83533236992991222     
   14.875000000000000        35.000000000000000      -0.11569444444444356       -1.0322222222222246     
   14.000000000000000        29.750000000000000       -9.0288986524557649E-002 -0.88499366303421978     
   5.2500000000000000        21.000000000000000       -2.9835010365718759E-002 -0.63190973384543625     
   8.7500000000000000        22.750000000000000       -5.0298366954759983E-002 -0.68307933981355506     
   12.250000000000000        26.250000000000000       -7.3507577805781321E-002 -0.78486536125345430     
   6.1250000000000000        21.000000000000000       -3.4683773789755463E-002 -0.63168423213747216     
   14.875000000000000        31.500000000000000      -0.10085802671053862      -0.93420991356237570     
   11.375000000000000        24.500000000000000       -6.6537393948434734E-002 -0.73373946773154830     
   14.000000000000000        28.000000000000000       -8.6245319914683011E-002 -0.83403087295084843     
   7.0000000000000000        21.000000000000000       -3.9587313821590919E-002 -0.63141761834535959     
   0.0000000000000000        19.250000000000000        0.0000000000000000      -0.57947466450835028     
   15.750000000000000        35.000000000000000      -0.12249999999999901       -1.0322222222222246     
   15.750000000000000        33.250000000000000      -0.11410393443168630      -0.98326943547163070     
   1.7500000000000000        19.250000000000000       -9.8636219373835210E-003 -0.57946201946505105     
   7.8750000000000000        21.000000000000000       -4.4492139903613129E-002 -0.63103350577379969     
   3.5000000000000000        19.250000000000000       -1.9650409943228375E-002 -0.57913663499372559     
   10.500000000000000        22.750000000000000       -6.0207773912800092E-002 -0.68213825512805271     
   15.750000000000000        31.500000000000000      -0.10565358191226747      -0.93198374946950358     
   12.250000000000000        24.500000000000000       -7.1501454466444125E-002 -0.73291296720891475     
   14.875000000000000        28.000000000000000       -9.1200734310273215E-002 -0.83258978172931719     
   14.000000000000000        26.250000000000000       -8.3486573660751420E-002 -0.78280731211716359     
   8.7500000000000000        21.000000000000000       -4.9419270005678591E-002 -0.63066524307896887     
   15.750000000000000        29.750000000000000      -0.10028954635013269      -0.88141523792231002     
   5.2500000000000000        19.250000000000000       -2.9406246043882839E-002 -0.57881510109486312     
   16.625000000000000        35.000000000000000      -0.12930555555555459       -1.0322222222222242     
   13.125000000000000        24.500000000000000       -7.6537902659073093E-002 -0.73196385265168729     
   9.6250000000000000        21.000000000000000       -5.4347184091216652E-002 -0.63036346041292046     
   16.625000000000000        31.500000000000000      -0.11090200236371235      -0.92969580218324732     
   7.0000000000000000        19.250000000000000       -3.9177836536178005E-002 -0.57826014952947258     
   15.750000000000000        28.000000000000000       -9.6255499952165313E-002 -0.83107610165639034     
   12.250000000000000        22.750000000000000       -7.0171010370636985E-002 -0.68105410503200370     
   14.000000000000000        24.500000000000000       -8.1551424759212052E-002 -0.73098542552160373     
   17.500000000000000        35.000000000000000      -0.13611111111110938       -1.0322222222222246     
   0.0000000000000000        17.500000000000000        0.0000000000000000      -0.52610383905602598     
   10.500000000000000        21.000000000000000       -5.9257468216281889E-002 -0.62995234790177035     
  0.87500000000000000        17.500000000000000       -4.8772026679730291E-003 -0.52605949639370186     
   1.7500000000000000        17.500000000000000       -9.7608785480754398E-003 -0.52601203389089257     
   17.500000000000000        33.250000000000000      -0.12395502373981943      -0.97676756780041740     
   2.6250000000000000        17.500000000000000       -1.4660677246576506E-002 -0.52607680851321392     
   17.500000000000000        31.500000000000000      -0.11602374401915963      -0.92643514644062308     
   3.5000000000000000        17.500000000000000       -1.9536196154587085E-002 -0.52588568951598103     
   8.7500000000000000        19.250000000000000       -4.8936353466255675E-002 -0.57778461003422654     
   15.750000000000000        26.250000000000000       -9.3538825000274842E-002 -0.78025158113961246     
   4.3750000000000000        17.500000000000000       -2.4354950860861157E-002 -0.52559058311196816     
   11.375000000000000        21.000000000000000       -6.4236478604196359E-002 -0.62941058868049127     
   16.625000000000000        28.000000000000000      -0.10123482412726949      -0.82924496266277348     
   14.875000000000000        24.500000000000000       -8.6546148805664622E-002 -0.73000977110642840     
   17.500000000000000        29.750000000000000      -0.11020626320416610      -0.87685442214998388     
   5.2500000000000000        17.500000000000000       -2.9181811961507091E-002 -0.52552926464833249     
   6.1250000000000000        17.500000000000000       -3.4114301938944054E-002 -0.52533793581774424     
   14.000000000000000        22.750000000000000       -8.0191357745409766E-002 -0.67942335570499601     
   12.250000000000000        21.000000000000000       -6.9275149620033949E-002 -0.62884485864900108     
   7.0000000000000000        17.500000000000000       -3.9002818894244479E-002 -0.52519006754977648     
   17.500000000000000        28.000000000000000      -0.10636740150803980      -0.82758872219981017     
   10.500000000000000        19.250000000000000       -5.8742082354823554E-002 -0.57728629754472194     
   15.750000000000000        24.500000000000000       -9.1510836148699676E-002 -0.72900540553802051     
   7.8750000000000000        17.500000000000000       -4.3883637797640783E-002 -0.52508412697671158     
   13.125000000000000        21.000000000000000       -7.4291988178081386E-002 -0.62810006405678243     
   0.0000000000000000        15.750000000000000        0.0000000000000000      -0.47311981846360818     
   1.7500000000000000        15.750000000000000       -9.7397964829581685E-003 -0.47292144139959569     
   3.5000000000000000        15.750000000000000       -1.9422916940145595E-002 -0.47291609433536164     
   17.500000000000000        26.250000000000000      -0.10341871867145781      -0.77779088328142687     
   8.7500000000000000        17.500000000000000       -4.8764919660309471E-002 -0.52506603879203706     
   16.625000000000000        24.500000000000000       -9.6526233575244785E-002 -0.72814474506053295     
   14.000000000000000        21.000000000000000       -7.9293899283700647E-002 -0.62729186943584558     
   12.250000000000000        19.250000000000000       -6.8679944260047046E-002 -0.57648395939315611     
   15.750000000000000        22.750000000000000       -9.0291268596345578E-002 -0.67763383476751970     
   5.2500000000000000        15.750000000000000       -2.9204903589492449E-002 -0.47259095632253317     
   9.6250000000000000        17.500000000000000       -5.3621892737429885E-002 -0.52497962191513514     
   17.500000000000000        24.500000000000000      -0.10155610615825023      -0.72740036472985847     
   10.500000000000000        17.500000000000000       -5.8575695551072025E-002 -0.52483922548414152     
   14.875000000000000        21.000000000000000       -8.4319446425830710E-002 -0.62671946416976854     
   7.0000000000000000        15.750000000000000       -3.8907553082706804E-002 -0.47259092765466604     
   11.375000000000000        17.500000000000000       -6.3543006729627399E-002 -0.52460456081837892     
   0.0000000000000000        14.000000000000000        0.0000000000000000      -0.42013451100666804     
  0.87500000000000000        14.000000000000000       -4.8733883546263667E-003 -0.42018511419816224     
   14.000000000000000        19.250000000000000       -7.8803278839192581E-002 -0.57543296578812753     
   1.7500000000000000        14.000000000000000       -9.7391954841746214E-003 -0.42005290350348579     
   15.750000000000000        21.000000000000000       -8.9374861894669339E-002 -0.62636075590757434     
   8.7500000000000000        15.750000000000000       -4.8715340483665069E-002 -0.47252106816817485     
   2.6250000000000000        14.000000000000000       -1.4658841849746777E-002 -0.42001873526702899     
   3.5000000000000000        14.000000000000000       -1.9522166895179327E-002 -0.42009084163661897     
   12.250000000000000        17.500000000000000       -6.8481764422455779E-002 -0.52418367285744827     
   17.500000000000000        22.750000000000000      -0.10034911563129971      -0.67641594220433510     
   4.3750000000000000        14.000000000000000       -2.4330451917131870E-002 -0.42014202030415981     
   5.2500000000000000        14.000000000000000       -2.9209647877642433E-002 -0.41999073941608073     
   16.625000000000000        21.000000000000000       -9.4442052935861998E-002 -0.62586199230273010     
   6.1250000000000000        14.000000000000000       -3.4053313390883286E-002 -0.41990682591180345     
   13.125000000000000        17.500000000000000       -7.3494065943173051E-002 -0.52378445857383171     
   10.500000000000000        15.750000000000000       -5.8602020120095140E-002 -0.47228301403349920     
   7.0000000000000000        14.000000000000000       -3.8946058532922011E-002 -0.41985638521089308     
   15.750000000000000        19.250000000000000       -8.8967688781220328E-002 -0.57475883379769377     
   17.500000000000000        21.000000000000000       -9.9452762762334168E-002 -0.62525177461901504     
   14.000000000000000        17.500000000000000       -7.8552494395851102E-002 -0.52343887011020929     
   7.8750000000000000        14.000000000000000       -4.3861701017038165E-002 -0.41999850930924071     
   0.0000000000000000        12.250000000000000        0.0000000000000000      -0.36737927114261421     
   8.7500000000000000        14.000000000000000       -4.8741990289055910E-002 -0.42001598420772174     
   12.250000000000000        15.750000000000000       -6.8429277514474501E-002 -0.47188368897897637     
   1.7500000000000000        12.250000000000000       -9.7743318303296998E-003 -0.36726975025418285     
   14.875000000000000        17.500000000000000       -8.3637555019951695E-002 -0.52331150414611416     
   3.5000000000000000        12.250000000000000       -1.9500849040465892E-002 -0.36711406330291052     
   9.6250000000000000        14.000000000000000       -5.3696781988892446E-002 -0.42006613178615104     
   5.2500000000000000        12.250000000000000       -2.9237676155481097E-002 -0.36733411451827691     
   10.500000000000000        14.000000000000000       -5.8635330770974846E-002 -0.41996603620271511     
   15.750000000000000        17.500000000000000       -8.8720987373373111E-002 -0.52308224150432203     
   17.500000000000000        19.250000000000000       -9.8962715884988756E-002 -0.57431100248705891     
   7.0000000000000000        12.250000000000000       -3.9027193582761341E-002 -0.36739479328834684     
   14.000000000000000        15.750000000000000       -7.8467810291810214E-002 -0.47154885209406661     
   11.375000000000000        14.000000000000000       -6.3553030879089048E-002 -0.41985662407396623     
   16.625000000000000        17.500000000000000       -9.3701640992113117E-002 -0.52282935404103426     
   12.250000000000000        14.000000000000000       -6.8516129290459665E-002 -0.41970956667560538     
   8.7500000000000000        12.250000000000000       -4.8870328494930532E-002 -0.36746854666766515     
   0.0000000000000000        10.500000000000000        0.0000000000000000      -0.31460946130539758     
  0.87500000000000000        10.500000000000000       -4.8555226927258005E-003 -0.31459823799524855     
   1.7500000000000000        10.500000000000000       -9.7473652428875807E-003 -0.31456003973307040     
   2.6250000000000000        10.500000000000000       -1.4652184939000218E-002 -0.31455025407674170     
   3.5000000000000000        10.500000000000000       -1.9576601393291888E-002 -0.31465820948973799     
   17.500000000000000        17.500000000000000       -9.8648032269582228E-002 -0.52261967987945157     
   13.125000000000000        14.000000000000000       -7.3421010854476498E-002 -0.41954344834919227     
   15.750000000000000        15.750000000000000       -8.8516421024832107E-002 -0.47089187571260260     
   4.3750000000000000        10.500000000000000       -2.4466935012677948E-002 -0.31475244508253758     
   5.2500000000000000        10.500000000000000       -2.9291004342728248E-002 -0.31487471313365428     
   10.500000000000000        12.250000000000000       -5.8707813050495890E-002 -0.36741413475194673     
   14.000000000000000        14.000000000000000       -7.8393133646885924E-002 -0.41936286905819015     
   6.1250000000000000        10.500000000000000       -3.4191701922458850E-002 -0.31498782687327986     
   7.0000000000000000        10.500000000000000       -3.9071338213837001E-002 -0.31506747239816013     
   14.875000000000000        14.000000000000000       -8.3365538574824039E-002 -0.41918758295850922     
   7.8750000000000000        10.500000000000000       -4.3982881233368368E-002 -0.31507235153346919     
   12.250000000000000        12.250000000000000       -6.8485198942721329E-002 -0.36717670488427967     
   17.500000000000000        15.750000000000000       -9.8559011807973093E-002 -0.47081194846741786     
   8.7500000000000000        10.500000000000000       -4.8950767361034840E-002 -0.31503315887055322     
   15.750000000000000        14.000000000000000       -8.8394243425943181E-002 -0.41909311707480418     
   0.0000000000000000        8.7500000000000000        0.0000000000000000      -0.26162325445790391     
   1.7500000000000000        8.7500000000000000       -9.7930078785469533E-003 -0.26207711175483089     
   9.6250000000000000        10.500000000000000       -5.3836291069320322E-002 -0.31490429465040665     
   3.5000000000000000        8.7500000000000000       -1.9606376890575115E-002 -0.26241177171835939     
   10.500000000000000        10.500000000000000       -5.8733140034338750E-002 -0.31486148585023116     
   14.000000000000000        12.250000000000000       -7.8385082052941424E-002 -0.36705920307152207     
   5.2500000000000000        8.7500000000000000       -2.9400673542885076E-002 -0.26225273425301510     
   16.625000000000000        14.000000000000000       -9.3388728132261178E-002 -0.41890887637980517     
   11.375000000000000        10.500000000000000       -6.3650845910107473E-002 -0.31484766815165999     
   7.0000000000000000        8.7500000000000000       -3.9165224342490278E-002 -0.26248782820286182     
   17.500000000000000        14.000000000000000       -9.8330525763140456E-002 -0.41876154832976076     
   12.250000000000000        10.500000000000000       -6.8527137492826282E-002 -0.31481977191593230     
   15.750000000000000        12.250000000000000       -8.8291593142174801E-002 -0.36671446269285657     
   8.7500000000000000        8.7500000000000000       -4.8971770480485927E-002 -0.26270266376672136     
   13.125000000000000        10.500000000000000       -7.3452382204649655E-002 -0.31464177452481734     
   0.0000000000000000        7.0000000000000000        0.0000000000000000      -0.20960474903898124     
  0.87500000000000000        7.0000000000000000       -4.9442862394538387E-003 -0.20962214813118107     
   1.7500000000000000        7.0000000000000000       -9.8465481578593386E-003 -0.20976629171417877     
   2.6250000000000000        7.0000000000000000       -1.4747333207998875E-002 -0.21001138165576361     
   3.5000000000000000        7.0000000000000000       -1.9642826081868164E-002 -0.20995968120940903     
   14.000000000000000        10.500000000000000       -7.8321316217375980E-002 -0.31458136537422737     
   10.500000000000000        8.7500000000000000       -5.8766703979768201E-002 -0.26263032380038420     
   4.3750000000000000        7.0000000000000000       -2.4495396357398343E-002 -0.20984045381608277     
   5.2500000000000000        7.0000000000000000       -2.9409171732861488E-002 -0.20983560230846984     
   6.1250000000000000        7.0000000000000000       -3.4329479103373722E-002 -0.20983661929559064     
   14.875000000000000        10.500000000000000       -8.3209584251680471E-002 -0.31461193006890553     
   17.500000000000000        12.250000000000000       -9.8134348880242875E-002 -0.36633779744763223     
   7.0000000000000000        7.0000000000000000       -3.9255911786729249E-002 -0.20986279763866114     
   12.250000000000000        8.7500000000000000       -6.8521734154370309E-002 -0.26230437450741956     
   7.8750000000000000        7.0000000000000000       -4.4185161862896290E-002 -0.20999775854178251     
   15.750000000000000        10.500000000000000       -8.8098150777939116E-002 -0.31437813549269655     
   8.7500000000000000        7.0000000000000000       -4.9047241174519987E-002 -0.21012592887737824     
   16.625000000000000        10.500000000000000       -9.2997275602659149E-002 -0.31406013699321478     
   9.6250000000000000        7.0000000000000000       -5.3964764160328728E-002 -0.21012237296657532     
   14.000000000000000        8.7500000000000000       -7.8276468123088194E-002 -0.26204887582292463     
   0.0000000000000000        5.2500000000000000        0.0000000000000000      -0.15735879401232883     
   1.7500000000000000        5.2500000000000000       -9.8592530512557272E-003 -0.15736328310626449     
   10.500000000000000        7.0000000000000000       -5.8828208414019333E-002 -0.20991150908863643     
   3.5000000000000000        5.2500000000000000       -1.9636173197153509E-002 -0.15725323046473871     
   17.500000000000000        10.500000000000000       -9.7881035656899512E-002 -0.31379945448037339     
   5.2500000000000000        5.2500000000000000       -2.9459799602963532E-002 -0.15730879462111014     
   11.375000000000000        7.0000000000000000       -6.3678700977165409E-002 -0.20983613274734481     
   7.0000000000000000        5.2500000000000000       -3.9339288461879868E-002 -0.15752451395441389     
   12.250000000000000        7.0000000000000000       -6.8547355522203229E-002 -0.20968053765602765     
   15.750000000000000        8.7500000000000000       -8.7993169636505858E-002 -0.26187725293426767     
   13.125000000000000        7.0000000000000000       -7.3439266972798234E-002 -0.20961630902517675     
   8.7500000000000000        5.2500000000000000       -4.9143765715302094E-002 -0.15738746181790927     
   14.000000000000000        7.0000000000000000       -7.8320923766526301E-002 -0.20946869446839164     
   0.0000000000000000        3.5000000000000000        0.0000000000000000      -0.10491664436868992     
  0.87500000000000000        3.5000000000000000       -4.8745879909639304E-003 -0.10491364168057898     
   10.500000000000000        5.2500000000000000       -5.8849393718982665E-002 -0.15738946470075466     
   17.500000000000000        8.7500000000000000       -9.7788840486250042E-002 -0.26188188817737612     
   1.7500000000000000        3.5000000000000000       -9.7788035577839657E-003 -0.10485983169952828     
   2.6250000000000000        3.5000000000000000       -1.4684324534049626E-002 -0.10480865942962027     
   3.5000000000000000        3.5000000000000000       -1.9638946405246251E-002 -0.10495262592954827     
   14.875000000000000        7.0000000000000000       -8.3214827647933129E-002 -0.20938897526750480     
   4.3750000000000000        3.5000000000000000       -2.4598468622895091E-002 -0.10507465705594898     
   5.2500000000000000        3.5000000000000000       -2.9553532162828723E-002 -0.10513017839428183     
   6.1250000000000000        3.5000000000000000       -3.4451909688713804E-002 -0.10503199649796241     
   15.750000000000000        7.0000000000000000       -8.8108365275071640E-002 -0.20951725051988773     
   12.250000000000000        5.2500000000000000       -6.8625205533692918E-002 -0.15716686313771100     
   7.0000000000000000        3.5000000000000000       -3.9343292705258603E-002 -0.10497854768134705     
   7.8750000000000000        3.5000000000000000       -4.4232074612645708E-002 -0.10484567937510586     
   16.625000000000000        7.0000000000000000       -9.3010094099805513E-002 -0.20968919284969390     
   8.7500000000000000        3.5000000000000000       -4.9151114195008172E-002 -0.10473652346834812     
   14.000000000000000        5.2500000000000000       -7.8450305038070156E-002 -0.15712387348286377     
   9.6250000000000000        3.5000000000000000       -5.4016020180963929E-002 -0.10460421945994927     
   17.500000000000000        7.0000000000000000       -9.7929465326150267E-002 -0.20994393616025911     
   10.500000000000000        3.5000000000000000       -5.8912642952824029E-002 -0.10462816283437203     
   0.0000000000000000        1.7500000000000000        0.0000000000000000       -5.2388266327848071E-002
   1.7500000000000000        1.7500000000000000       -9.8143280257190386E-003  -5.2385987263425651E-002
   3.5000000000000000        1.7500000000000000       -1.9653360924172841E-002  -5.2717628330378158E-002
   11.375000000000000        3.5000000000000000       -6.3793019090747957E-002 -0.10475427946410625     
   15.750000000000000        5.2500000000000000       -8.8306563002784333E-002 -0.15716666944640187     
   5.2500000000000000        1.7500000000000000       -2.9452591977882598E-002  -5.2611675468725541E-002
   12.250000000000000        3.5000000000000000       -6.8688555232781098E-002 -0.10488970379307440     
   7.0000000000000000        1.7500000000000000       -3.9290183064299773E-002  -5.2352821320999159E-002
   13.125000000000000        3.5000000000000000       -7.3624761173773007E-002 -0.10467756551365295     
   8.7500000000000000        1.7500000000000000       -4.9148372526527713E-002  -5.2281089906049696E-002
   14.000000000000000        3.5000000000000000       -7.8581800894805917E-002 -0.10466716733485608     
   17.500000000000000        5.2500000000000000       -9.8104993078655667E-002 -0.15741501455259066     
   14.875000000000000        3.5000000000000000       -8.3476198786031686E-002 -0.10469969870308907     
   10.500000000000000        1.7500000000000000       -5.9015468337924065E-002  -5.2441178016827884E-002
   0.0000000000000000        0.0000000000000000        0.0000000000000000        0.0000000000000000     
  0.87500000000000000        0.0000000000000000       -4.9472645954052761E-003   0.0000000000000000     
   1.7500000000000000        0.0000000000000000       -9.8711484043576356E-003   0.0000000000000000     
   2.6250000000000000        0.0000000000000000       -1.4752794794459134E-002   0.0000000000000000     
   3.5000000000000000        0.0000000000000000       -1.9611782419668447E-002   0.0000000000000000     
   15.750000000000000        3.5000000000000000       -8.8393631298237518E-002 -0.10474122000032185     
   4.3750000000000000        0.0000000000000000       -2.4510654593723494E-002   0.0000000000000000     
   5.2500000000000000        0.0000000000000000       -2.9400708941650686E-002   0.0000000000000000     
   12.250000000000000        1.7500000000000000       -6.8779100943570579E-002  -5.2411818605030643E-002
   6.1250000000000000        0.0000000000000000       -3.4330205353996973E-002   0.0000000000000000     
   16.625000000000000        3.5000000000000000       -9.3285977723107261E-002 -0.10472801348272530     
   7.0000000000000000        0.0000000000000000       -3.9262251406769630E-002   0.0000000000000000     
   7.8750000000000000        0.0000000000000000       -4.4264028287338504E-002   0.0000000000000000     
   17.500000000000000        3.5000000000000000       -9.8191607920474586E-002 -0.10469733684356460     
   8.7500000000000000        0.0000000000000000       -4.9202034815749300E-002   0.0000000000000000     
   14.000000000000000        1.7500000000000000       -7.8622636224681852E-002  -5.2411718342539985E-002
   9.6250000000000000        0.0000000000000000       -5.4108966241622876E-002   0.0000000000000000     
   10.500000000000000        0.0000000000000000       -5.8984400663946314E-002   0.0000000000000000     
   15.750000000000000        1.7500000000000000       -8.8387151586808974E-002  -5.2428703424634890E-002
   11.375000000000000        0.0000000000000000       -6.3875386619161090E-002   0.0000000000000000     
   12.250000000000000        0.0000000000000000       -6.8804894687561000E-002   0.0000000000000000     
   13.125000000000000        0.0000000000000000       -7.3680884177552586E-002   0.0000000000000000     
   17.500000000000000        1.7500000000000000       -9.8141347350676422E-002  -5.2352157360091557E-002
   14.000000000000000        0.0000000000000000       -7.8603485939371720E-002   0.0000000000000000     
   14.875000000000000        0.0000000000000000       -8.3490722317978133E-002   0.0000000000000000     
   15.750000000000000        0.0000000000000000       -8.8381467715305084E-002   0.0000000000000000     
   16.625000000000000        0.0000000000000000       -9.3261944062526067E-002   0.0000000000000000     
   17.500000000000000        0.0000000000000000       -9.8180300039406615E-002   0.0000000000000000     
