   0.0000000000000000        35.000000000000000        0.0000000000000000       -1.2322222222222241     
  0.87500000000000000        35.000000000000000       -6.8055555555553166E-003  -1.2322222222222241     
   0.0000000000000000        33.250000000000000        0.0000000000000000       -1.1803789334480899     
   1.7500000000000000        35.000000000000000       -1.3611111111110607E-002  -1.2322222222222241     
   1.7500000000000000        33.250000000000000       -1.2704512152730741E-002  -1.1804874803060441     
   2.6250000000000000        35.000000000000000       -2.0416666666666045E-002  -1.2322222222222241     
   0.0000000000000000        31.500000000000000        0.0000000000000000       -1.1272947720205131     
   3.5000000000000000        35.000000000000000       -2.7222222222221443E-002  -1.2322222222222241     
  0.87500000000000000        31.500000000000000       -5.9292029758416173E-003  -1.1271061381598406     
   3.5000000000000000        33.250000000000000       -2.5383644384524565E-002  -1.1806972055938159     
   1.7500000000000000        31.500000000000000       -1.1816812660824665E-002  -1.1268836520815984     
   2.6250000000000000        31.500000000000000       -1.7655155699610948E-002  -1.1268270038152817     
   4.3750000000000000        35.000000000000000       -3.4027777777776651E-002  -1.2322222222222241     
   3.5000000000000000        31.500000000000000       -2.3504866164720511E-002  -1.1265963241685437     
   0.0000000000000000        29.750000000000000        0.0000000000000000       -1.0712173270370149     
   5.2500000000000000        35.000000000000000       -4.0833333333332091E-002  -1.2322222222222241     
   1.7500000000000000        29.750000000000000       -1.0820183392260072E-002  -1.0708836747002664     
   5.2500000000000000        33.250000000000000       -3.8046796204294943E-002  -1.1804090650503827     
   4.3750000000000000        31.500000000000000       -2.9340781882704361E-002  -1.1267228260503346     
   6.1250000000000000        35.000000000000000       -4.7638888888887558E-002  -1.2322222222222243     
   3.5000000000000000        29.750000000000000       -2.1626527042013323E-002  -1.0706092919327901     
   5.2500000000000000        31.500000000000000       -3.5196080124364371E-002  -1.1267558339029344     
   0.0000000000000000        28.000000000000000        0.0000000000000000       -1.0122149683248123     
   7.0000000000000000        35.000000000000000       -5.4444444444443116E-002  -1.2322222222222243     
   6.1250000000000000        31.500000000000000       -4.0975479189418275E-002  -1.1266402672385141     
  0.87500000000000000        28.000000000000000       -5.0066924556046461E-003  -1.0123128374160162     
   7.0000000000000000        33.250000000000000       -5.0625140161772407E-002  -1.1805444606427058     
   1.7500000000000000        28.000000000000000       -1.0003225997718190E-002  -1.0123512308190137     
   5.2500000000000000        29.750000000000000       -3.2335570114551265E-002  -1.0705064373976798     
   2.6250000000000000        28.000000000000000       -1.4976547182736864E-002  -1.0122263196714507     
   7.0000000000000000        31.500000000000000       -4.6709535656153961E-002  -1.1265413682694538     
   3.5000000000000000        28.000000000000000       -1.9946642254372923E-002  -1.0122357403439797     
   7.8750000000000000        35.000000000000000       -6.1249999999998757E-002  -1.2322222222222243     
   4.3750000000000000        28.000000000000000       -2.4859669599844147E-002  -1.0122176412865864     
   7.8750000000000000        31.500000000000000       -5.2374299477833286E-002  -1.1263538484369835     
   8.7500000000000000        35.000000000000000       -6.8055555555554023E-002  -1.2322222222222243     
   0.0000000000000000        26.250000000000000        0.0000000000000000      -0.95244894339942665     
   7.0000000000000000        29.750000000000000       -4.2788635011602627E-002  -1.0700923301511360     
   5.2500000000000000        28.000000000000000       -2.9664529400689740E-002  -1.0120498449907045     
   8.7500000000000000        33.250000000000000       -6.3045275001615927E-002  -1.1804957019375970     
   1.7500000000000000        26.250000000000000       -9.2765263177107364E-003 -0.95219882120569244     
   6.1250000000000000        28.000000000000000       -3.4491573812425624E-002  -1.0116683844976946     
   8.7500000000000000        31.500000000000000       -5.7954476007837645E-002  -1.1261393173986558     
   3.5000000000000000        26.250000000000000       -1.8499740860315979E-002 -0.95182108934509269     
   9.6250000000000000        35.000000000000000       -7.4861111111109449E-002  -1.2322222222222243     
   7.0000000000000000        28.000000000000000       -3.9226126204789137E-002  -1.0112963569056062     
   8.7500000000000000        29.750000000000000       -5.2988869037091831E-002  -1.0693461371683810     
   5.2500000000000000        26.250000000000000       -2.7456621724058706E-002 -0.95124876746555276     
   9.6250000000000000        31.500000000000000       -6.3499457668610912E-002  -1.1258621987373967     
   10.500000000000000        35.000000000000000       -8.1666666666665014E-002  -1.2322222222222243     
   0.0000000000000000        24.500000000000000        0.0000000000000000      -0.89026468022683569     
   7.8750000000000000        28.000000000000000       -4.3873155899908964E-002  -1.0107970713470800     
  0.87500000000000000        24.500000000000000       -4.2945684758168845E-003 -0.89029117740216523     
   1.7500000000000000        24.500000000000000       -8.6122545335351412E-003 -0.89038320862873321     
   10.500000000000000        33.250000000000000       -7.5320165103370570E-002  -1.1802553837329561     
   2.6250000000000000        24.500000000000000       -1.2899060441016654E-002 -0.89027121672664145     
   3.5000000000000000        24.500000000000000       -1.7138372261312727E-002 -0.89009469143297937     
   10.500000000000000        31.500000000000000       -6.8908716666561468E-002  -1.1255988137817270     
   8.7500000000000000        28.000000000000000       -4.8450335081438700E-002  -1.0100759869607321     
   7.0000000000000000        26.250000000000000       -3.6257037156668906E-002 -0.95047196449158911     
   11.375000000000000        35.000000000000000       -8.8472222222220467E-002  -1.2322222222222248     
   4.3750000000000000        24.500000000000000       -2.1426564077183508E-002 -0.88965584382590635     
   10.500000000000000        29.750000000000000       -6.2728079010980681E-002  -1.0678133123105813     
   5.2500000000000000        24.500000000000000       -2.5654339467874966E-002 -0.88930951402741654     
   11.375000000000000        31.500000000000000       -7.4200771499041918E-002  -1.1249678971391630     
   9.6250000000000000        28.000000000000000       -5.2963392789889062E-002  -1.0093988846180457     
   6.1250000000000000        24.500000000000000       -2.9807393818573853E-002 -0.88880572426899518     
   0.0000000000000000        22.750000000000000        0.0000000000000000      -0.82736105909174851     
   12.250000000000000        35.000000000000000       -9.5277777777776171E-002  -1.2322222222222248     
   12.250000000000000        33.250000000000000       -8.7418570356189523E-002  -1.1799354642816593     
   1.7500000000000000        22.750000000000000       -8.1154068100285880E-003 -0.82740234419406000     
   8.7500000000000000        26.250000000000000       -4.4800197281533859E-002 -0.94900326684012193     
   7.0000000000000000        24.500000000000000       -3.3898277532149398E-002 -0.88815195486232223     
   10.500000000000000        28.000000000000000       -5.7372359021810648E-002  -1.0081374573562645     
   3.5000000000000000        22.750000000000000       -1.6176402632017559E-002 -0.82696534928631382     
   12.250000000000000        31.500000000000000       -7.9237831240345169E-002  -1.1241155923861605     
   7.8750000000000000        24.500000000000000       -3.7939261939916702E-002 -0.88727234653200815     
   13.125000000000000        35.000000000000000      -0.10208333333333214       -1.2322222222222248     
   5.2500000000000000        22.750000000000000       -2.4155877149867295E-002 -0.82609891300169702     
   12.250000000000000        29.750000000000000       -7.1716999700511194E-002  -1.0658398965642839     
   11.375000000000000        28.000000000000000       -6.1591026506091898E-002  -1.0066005191901468     
   13.125000000000000        31.500000000000000       -8.4106207075694162E-002  -1.1231060686207239     
   10.500000000000000        26.250000000000000       -5.2923549551955135E-002 -0.94652905278586730     
   8.7500000000000000        24.500000000000000       -4.1944986804450732E-002 -0.88626732738922620     
   0.0000000000000000        21.000000000000000        0.0000000000000000      -0.76370927884622319     
   14.000000000000000        35.000000000000000      -0.10888888888888791       -1.2322222222222248     
  0.87500000000000000        21.000000000000000       -3.9011141532738734E-003 -0.76366653229306403     
   14.000000000000000        33.250000000000000       -9.9040825719576286E-002  -1.1786597453602203     
   7.0000000000000000        22.750000000000000       -3.2011699554154033E-002 -0.82466461287594650     
   12.250000000000000        28.000000000000000       -6.5648909980598774E-002  -1.0048420418790178     
   1.7500000000000000        21.000000000000000       -7.7628018693685179E-003 -0.76344264283581731     
   9.6250000000000000        24.500000000000000       -4.5870025607360927E-002 -0.88510685619649088     
   2.6250000000000000        21.000000000000000       -1.1616896393573811E-002 -0.76333478187097303     
   14.000000000000000        31.500000000000000       -8.8685145742123106E-002  -1.1215145114484881     
   3.5000000000000000        21.000000000000000       -1.5503211229066907E-002 -0.76298708215412636     
   4.3750000000000000        21.000000000000000       -1.9357123489411987E-002 -0.76259017339911295     
   10.500000000000000        24.500000000000000       -4.9769844401849256E-002 -0.88398911747097619     
   13.125000000000000        28.000000000000000       -6.9581380725973058E-002  -1.0031553933272468     
   14.875000000000000        35.000000000000000      -0.11569444444444356       -1.2322222222222248     
   14.000000000000000        29.750000000000000       -8.0031742761847643E-002  -1.0617242213932561     
   5.2500000000000000        21.000000000000000       -2.3191861777828175E-002 -0.76199766218078357     
   8.7500000000000000        22.750000000000000       -3.9699525128006161E-002 -0.82295167625566557     
   12.250000000000000        26.250000000000000       -6.0939386345750378E-002 -0.94334949842840943     
   6.1250000000000000        21.000000000000000       -2.6917358772162132E-002 -0.76153198584149961     
   14.875000000000000        31.500000000000000       -9.2851411814034474E-002  -1.1190965779116357     
   11.375000000000000        24.500000000000000       -5.3589171133298794E-002 -0.88263734542808958     
   14.000000000000000        28.000000000000000       -7.3494446965379934E-002  -1.0011269695147185     
   7.0000000000000000        21.000000000000000       -3.0677853198977777E-002 -0.76087648973581745     
   0.0000000000000000        19.250000000000000        0.0000000000000000      -0.69920798347271851     
   15.750000000000000        35.000000000000000      -0.12249999999999901       -1.2322222222222248     
   15.750000000000000        33.250000000000000      -0.10959380182098506       -1.1754324315881206     
   1.7500000000000000        19.250000000000000       -7.5221833966279752E-003 -0.69908523929956612     
   7.8750000000000000        21.000000000000000       -3.4491390420235191E-002 -0.76001480392622045     
   3.5000000000000000        19.250000000000000       -1.4980771375912059E-002 -0.69868023109210875     
   10.500000000000000        22.750000000000000       -4.7431900684680214E-002 -0.82087586360482001     
   15.750000000000000        31.500000000000000       -9.6585831560697888E-002  -1.1155367211698171     
   12.250000000000000        24.500000000000000       -5.7473084651253961E-002 -0.88111567940412416     
   14.875000000000000        28.000000000000000       -7.7345492418331732E-002 -0.99857623653259064     
   14.000000000000000        26.250000000000000       -6.8741393801949144E-002 -0.93960108471673220     
   8.7500000000000000        21.000000000000000       -3.8309540290263594E-002 -0.75924635114903039     
   15.750000000000000        29.750000000000000       -8.7944883500026841E-002  -1.0559299903849269     
   5.2500000000000000        19.250000000000000       -2.2449951370693558E-002 -0.69789137635638843     
   16.625000000000000        35.000000000000000      -0.12930555555555459       -1.2322222222222243     
   13.125000000000000        24.500000000000000       -6.1417808264248037E-002 -0.87948297474192405     
   9.6250000000000000        21.000000000000000       -4.2099873939348872E-002 -0.75856628379098767     
   16.625000000000000        31.500000000000000      -0.10099057519050925       -1.1117703979730020     
   7.0000000000000000        19.250000000000000       -2.9934921374899393E-002 -0.69671304216324048     
   15.750000000000000        28.000000000000000       -8.1342757141122865E-002 -0.99599045547522835     
   12.250000000000000        22.750000000000000       -5.5233810280764559E-002 -0.81842927478381444     
   14.000000000000000        24.500000000000000       -6.5374382650058141E-002 -0.87789089882990790     
   17.500000000000000        35.000000000000000      -0.13611111111110938       -1.2322222222222248     
   0.0000000000000000        17.500000000000000        0.0000000000000000      -0.63477093954947861     
   10.500000000000000        21.000000000000000       -4.5889913407229567E-002 -0.75779099941193340     
  0.87500000000000000        17.500000000000000       -3.6913623168711661E-003 -0.63474985734309064     
   1.7500000000000000        17.500000000000000       -7.3989629001163966E-003 -0.63460144129361673     
   17.500000000000000        33.250000000000000      -0.11717781532043352       -1.1662781980822001     
   2.6250000000000000        17.500000000000000       -1.1100769701458660E-002 -0.63444530027631596     
   17.500000000000000        31.500000000000000      -0.10516022689297166       -1.1065787721781839     
   3.5000000000000000        17.500000000000000       -1.4745775062945729E-002 -0.63422140302157237     
   8.7500000000000000        19.250000000000000       -3.7451209155851276E-002 -0.69570312517863975     
   15.750000000000000        26.250000000000000       -7.6746354485045937E-002 -0.93542852707971458     
   4.3750000000000000        17.500000000000000       -1.8410543516088815E-002 -0.63397655869364589     
   11.375000000000000        21.000000000000000       -4.9748395078747190E-002 -0.75694091287560272     
   16.625000000000000        28.000000000000000       -8.5315925919018668E-002 -0.99317090725219515     
   14.875000000000000        24.500000000000000       -6.9334988658279306E-002 -0.87628903771137923     
   17.500000000000000        29.750000000000000       -9.5805344718190036E-002  -1.0487482258131560     
   5.2500000000000000        17.500000000000000       -2.2109408273162382E-002 -0.63367864746227087     
   6.1250000000000000        17.500000000000000       -2.5846750431137194E-002 -0.63318322677572103     
   14.000000000000000        22.750000000000000       -6.3129208693924188E-002 -0.81586326844421153     
   12.250000000000000        21.000000000000000       -5.3720364087836210E-002 -0.75581689693930743     
   7.0000000000000000        17.500000000000000       -2.9616432282787906E-002 -0.63275817982404703     
   17.500000000000000        28.000000000000000       -8.9520729327914828E-002 -0.99055445744098081     
   10.500000000000000        19.250000000000000       -4.5037750298012796E-002 -0.69449484014667162     
   15.750000000000000        24.500000000000000       -7.3322935692162514E-002 -0.87463100327812160     
   7.8750000000000000        17.500000000000000       -3.3350698456950961E-002 -0.63243480074918157     
   13.125000000000000        21.000000000000000       -5.7762646817548786E-002 -0.75471294294828539     
   0.0000000000000000        15.750000000000000        0.0000000000000000      -0.57008157255196790     
   1.7500000000000000        15.750000000000000       -7.3135737891475913E-003 -0.57014619736549188     
   3.5000000000000000        15.750000000000000       -1.4641796544313284E-002 -0.56982862624977326     
   17.500000000000000        26.250000000000000       -8.4793496373692837E-002 -0.93125214587481964     
   8.7500000000000000        17.500000000000000       -3.7060215669813504E-002 -0.63199496860756388     
   16.625000000000000        24.500000000000000       -7.7346529644871043E-002 -0.87317576407654685     
   14.000000000000000        21.000000000000000       -6.1768838033187293E-002 -0.75365610679126160     
   12.250000000000000        19.250000000000000       -5.2866780131551772E-002 -0.69301408225252892     
   15.750000000000000        22.750000000000000       -7.1192488331716305E-002 -0.81342125378645025     
   5.2500000000000000        15.750000000000000       -2.2063036239127039E-002 -0.56944359064635730     
   9.6250000000000000        17.500000000000000       -4.0819363760756601E-002 -0.63167608104599671     
   17.500000000000000        24.500000000000000       -8.1429084245120256E-002 -0.87168103156207510     
   10.500000000000000        17.500000000000000       -4.4616585814786967E-002 -0.63132536348213197     
   14.875000000000000        21.000000000000000       -6.5794935488930381E-002 -0.75274963141801010     
   7.0000000000000000        15.750000000000000       -2.9442736115787668E-002 -0.56905261292742115     
   11.375000000000000        17.500000000000000       -4.8500503704654932E-002 -0.63078023378411219     
   0.0000000000000000        14.000000000000000        0.0000000000000000      -0.50588704319195821     
  0.87500000000000000        14.000000000000000       -3.6535909314878590E-003 -0.50590314142415849     
   14.000000000000000        19.250000000000000       -6.0883575197723819E-002 -0.69140009130253866     
   1.7500000000000000        14.000000000000000       -7.3603521745208315E-003 -0.50577182714222624     
   15.750000000000000        21.000000000000000       -6.9831601759350714E-002 -0.75191088026355957     
   8.7500000000000000        15.750000000000000       -3.6947981542074133E-002 -0.56845907491995096     
   2.6250000000000000        14.000000000000000       -1.1061021551663192E-002 -0.50570426962456994     
   3.5000000000000000        14.000000000000000       -1.4785617414548018E-002 -0.50568312889403710     
   12.250000000000000        17.500000000000000       -5.2402166574380099E-002 -0.63024067637786341     
   17.500000000000000        22.750000000000000       -7.9268837663235225E-002 -0.81137619346007117     
   4.3750000000000000        14.000000000000000       -1.8419691731099055E-002 -0.50557714647410024     
   5.2500000000000000        14.000000000000000       -2.2081437809633998E-002 -0.50554324639615955     
   16.625000000000000        21.000000000000000       -7.3870024097003870E-002 -0.75100604930199977     
   6.1250000000000000        14.000000000000000       -2.5780848744074429E-002 -0.50552749881439762     
   13.125000000000000        17.500000000000000       -5.6345854834087890E-002 -0.62960331477930909     
   10.500000000000000        15.750000000000000       -4.4592690590402453E-002 -0.56803749221111766     
   7.0000000000000000        14.000000000000000       -2.9506707382555175E-002 -0.50535849348967965     
   15.750000000000000        19.250000000000000       -6.9011875366226591E-002 -0.69008343084052626     
   17.500000000000000        21.000000000000000       -7.7866262673395081E-002 -0.75043500557703324     
   14.000000000000000        17.500000000000000       -6.0362198632931248E-002 -0.62907910892752195     
   7.8750000000000000        14.000000000000000       -3.3227970250571059E-002 -0.50515460558429071     
   0.0000000000000000        12.250000000000000        0.0000000000000000      -0.44196742063561839     
   8.7500000000000000        14.000000000000000       -3.7017856455987770E-002 -0.50501075755489444     
   12.250000000000000        15.750000000000000       -5.2221479143355641E-002 -0.56733804550636446     
   1.7500000000000000        12.250000000000000       -7.4238676587771082E-003 -0.44193969976949471     
   14.875000000000000        17.500000000000000       -6.4400420993854166E-002 -0.62845363032244728     
   3.5000000000000000        12.250000000000000       -1.4870244745385980E-002 -0.44190655961783532     
   9.6250000000000000        14.000000000000000       -4.0824337595425551E-002 -0.50477831382225680     
   5.2500000000000000        12.250000000000000       -2.2249259062082128E-002 -0.44186712539666806     
   10.500000000000000        14.000000000000000       -4.4650070292536807E-002 -0.50461990987991356     
   15.750000000000000        17.500000000000000       -6.8418170536469244E-002 -0.62788111485378584     
   17.500000000000000        19.250000000000000       -7.6965377005098701E-002 -0.68896462787653823     
   7.0000000000000000        12.250000000000000       -2.9626993823076497E-002 -0.44169561005180696     
   14.000000000000000        15.750000000000000       -6.0075638909705006E-002 -0.56662930082336616     
   11.375000000000000        14.000000000000000       -4.8474485567948505E-002 -0.50438598288597236     
   16.625000000000000        17.500000000000000       -7.2404332740431607E-002 -0.62748268774870453     
   12.250000000000000        14.000000000000000       -5.2331021523001349E-002 -0.50418350456172123     
   8.7500000000000000        12.250000000000000       -3.7131869024663026E-002 -0.44171764367137051     
   0.0000000000000000        10.500000000000000        0.0000000000000000      -0.37834173916914265     
  0.87500000000000000        10.500000000000000       -3.7448651413348787E-003 -0.37836930072940711     
   1.7500000000000000        10.500000000000000       -7.4902891544320182E-003 -0.37844386667087515     
   2.6250000000000000        10.500000000000000       -1.1223353026191082E-002 -0.37834940788286048     
   3.5000000000000000        10.500000000000000       -1.4915154278224227E-002 -0.37827513878705160     
   17.500000000000000        17.500000000000000       -7.6347347637549495E-002 -0.62718052337270369     
   13.125000000000000        14.000000000000000       -5.6169816621871600E-002 -0.50397544785760517     
   15.750000000000000        15.750000000000000       -6.8067663171828913E-002 -0.56562025193500065     
   4.3750000000000000        10.500000000000000       -1.8637075381883680E-002 -0.37832911575192729     
   5.2500000000000000        10.500000000000000       -2.2353248130513634E-002 -0.37831496905531153     
   10.500000000000000        12.250000000000000       -4.4779258711757135E-002 -0.44161324401125063     
   14.000000000000000        14.000000000000000       -6.0023917540570619E-002 -0.50372973365744933     
   6.1250000000000000        10.500000000000000       -2.6093305197314450E-002 -0.37822046925598030     
   7.0000000000000000        10.500000000000000       -2.9869967120376730E-002 -0.37831409547975658     
   14.875000000000000        14.000000000000000       -6.3899749022048966E-002 -0.50345042997660949     
   7.8750000000000000        10.500000000000000       -3.3659116021508846E-002 -0.37831793599950359     
   12.250000000000000        12.250000000000000       -5.2446759089801641E-002 -0.44131729027111294     
   17.500000000000000        15.750000000000000       -7.6011000312576141E-002 -0.56512868915293946     
   8.7500000000000000        10.500000000000000       -3.7435759605808541E-002 -0.37837914691691454     
   15.750000000000000        14.000000000000000       -6.7860906858964648E-002 -0.50321835478667643     
   0.0000000000000000        8.7500000000000000        0.0000000000000000      -0.31519568416590543     
   1.7500000000000000        8.7500000000000000       -7.4866222133110737E-003 -0.31509151838129545     
   9.6250000000000000        10.500000000000000       -4.1231043143511059E-002 -0.37850329736894250     
   3.5000000000000000        8.7500000000000000       -1.4971597222714891E-002 -0.31506797572908130     
   10.500000000000000        10.500000000000000       -4.4993633079814403E-002 -0.37848457009115349     
   14.000000000000000        12.250000000000000       -6.0155121187260310E-002 -0.44087496147778027     
   5.2500000000000000        8.7500000000000000       -2.2505382883524227E-002 -0.31504095802513327     
   16.625000000000000        14.000000000000000       -7.1773235814822742E-002 -0.50303266030092386     
   11.375000000000000        10.500000000000000       -4.8792027046532439E-002 -0.37847684328710823     
   7.0000000000000000        8.7500000000000000       -3.0101516450430112E-002 -0.31522189074046975     
   17.500000000000000        14.000000000000000       -7.5677936477898292E-002 -0.50288056340005383     
   12.250000000000000        10.500000000000000       -5.2610477897424172E-002 -0.37829075588978056     
   15.750000000000000        12.250000000000000       -6.7883497721003008E-002 -0.44054607391484335     
   8.7500000000000000        8.7500000000000000       -3.7675662830879947E-002 -0.31526905890267798     
   13.125000000000000        10.500000000000000       -5.6427392566273514E-002 -0.37813471168898199     
   0.0000000000000000        7.0000000000000000        0.0000000000000000      -0.25189652615693031     
  0.87500000000000000        7.0000000000000000       -3.7651147124983519E-003 -0.25187464782083557     
   1.7500000000000000        7.0000000000000000       -7.5034465581770397E-003 -0.25188559496722174     
   2.6250000000000000        7.0000000000000000       -1.1273853577454168E-002 -0.25190094154073267     
   3.5000000000000000        7.0000000000000000       -1.5063410057361120E-002 -0.25197457766491610     
   14.000000000000000        10.500000000000000       -6.0226779819585331E-002 -0.37795594009341299     
   10.500000000000000        8.7500000000000000       -4.5213644293173226E-002 -0.31524413338829133     
   4.3750000000000000        7.0000000000000000       -1.8860555866771489E-002 -0.25194325658250571     
   5.2500000000000000        7.0000000000000000       -2.2673198551149722E-002 -0.25192095869800507     
   6.1250000000000000        7.0000000000000000       -2.6466427315640202E-002 -0.25201077927684629     
   14.875000000000000        10.500000000000000       -6.4068894932926168E-002 -0.37779118921850086     
   17.500000000000000        12.250000000000000       -7.5561692025250302E-002 -0.44037989952821427     
   7.0000000000000000        7.0000000000000000       -3.0238486124333806E-002 -0.25205034206714227     
   12.250000000000000        8.7500000000000000       -5.2791339903780835E-002 -0.31506608976530726     
   7.8750000000000000        7.0000000000000000       -3.4032727394302034E-002 -0.25217262041907518     
   15.750000000000000        10.500000000000000       -6.7903813778592739E-002 -0.37765815663460950     
   8.7500000000000000        7.0000000000000000       -3.7815897206133618E-002 -0.25217019512081207     
   16.625000000000000        10.500000000000000       -7.1735951255810462E-002 -0.37764632283515248     
   9.6250000000000000        7.0000000000000000       -4.1607804228093161E-002 -0.25206560621662855     
   14.000000000000000        8.7500000000000000       -6.0383904079238063E-002 -0.31479346359294758     
   0.0000000000000000        5.2500000000000000        0.0000000000000000      -0.18888840124821565     
   1.7500000000000000        5.2500000000000000       -7.5688621630067626E-003 -0.18883852401979687     
   10.500000000000000        7.0000000000000000       -4.5384507787951715E-002 -0.25207372312002219     
   3.5000000000000000        5.2500000000000000       -1.5166753226977716E-002 -0.18900412460994734     
   17.500000000000000        10.500000000000000       -7.5533777951210745E-002 -0.37766176976111432     
   5.2500000000000000        5.2500000000000000       -2.2762567518840062E-002 -0.18896665500651280     
   11.375000000000000        7.0000000000000000       -4.9153572071885157E-002 -0.25201648289880590     
   7.0000000000000000        5.2500000000000000       -3.0341935347645291E-002 -0.18901560626127525     
   12.250000000000000        7.0000000000000000       -5.2951161299389558E-002 -0.25191873983150387     
   15.750000000000000        8.7500000000000000       -6.8029618769711211E-002 -0.31476269269240559     
   13.125000000000000        7.0000000000000000       -5.6776342582908632E-002 -0.25176314245843495     
   8.7500000000000000        5.2500000000000000       -3.7923202783146176E-002 -0.18906464255798505     
   14.000000000000000        7.0000000000000000       -6.0606874430998547E-002 -0.25175533717387094     
   0.0000000000000000        3.5000000000000000        0.0000000000000000      -0.12584260444858136     
  0.87500000000000000        3.5000000000000000       -3.7964760251757725E-003 -0.12589936213961292     
   10.500000000000000        5.2500000000000000       -4.5521532410753261E-002 -0.18894928343133469     
   17.500000000000000        8.7500000000000000       -7.5657857798020728E-002 -0.31472695517886196     
   1.7500000000000000        3.5000000000000000       -7.6142396744826877E-003 -0.12591997793218970     
   2.6250000000000000        3.5000000000000000       -1.1418688835966794E-002 -0.12598334332581515     
   3.5000000000000000        3.5000000000000000       -1.5188973506890921E-002 -0.12600866903998348     
   14.875000000000000        7.0000000000000000       -6.4393900521839437E-002 -0.25176294494393953     
   4.3750000000000000        3.5000000000000000       -1.8981800737014016E-002 -0.12598485909751592     
   5.2500000000000000        3.5000000000000000       -2.2773555450004878E-002 -0.12596243306102939     
   6.1250000000000000        3.5000000000000000       -2.6591569166348389E-002 -0.12596306147220507     
   15.750000000000000        7.0000000000000000       -6.8193757127260807E-002 -0.25171043691646211     
   12.250000000000000        5.2500000000000000       -5.3079486115931003E-002 -0.18882689477179310     
   7.0000000000000000        3.5000000000000000       -3.0396842562460225E-002 -0.12587849762201433     
   7.8750000000000000        3.5000000000000000       -3.4202563281232508E-002 -0.12593124331635397     
   16.625000000000000        7.0000000000000000       -7.1968285720531169E-002 -0.25169779086890298     
   8.7500000000000000        3.5000000000000000       -3.8014138487018609E-002 -0.12602330070880696     
   14.000000000000000        5.2500000000000000       -6.0697949881486427E-002 -0.18876342699376583     
   9.6250000000000000        3.5000000000000000       -4.1814507612753335E-002 -0.12603062933288284     
   17.500000000000000        7.0000000000000000       -7.5729305121689558E-002 -0.25173170909830250     
   10.500000000000000        3.5000000000000000       -4.5609160826268237E-002 -0.12585395898448776     
   0.0000000000000000        1.7500000000000000        0.0000000000000000       -6.2867425696872870E-002
   1.7500000000000000        1.7500000000000000       -7.6168457573124329E-003  -6.2928931656594828E-002
   3.5000000000000000        1.7500000000000000       -1.5212709835160734E-002  -6.2921690896282065E-002
   11.375000000000000        3.5000000000000000       -4.9385138880743633E-002 -0.12579248181459565     
   15.750000000000000        5.2500000000000000       -6.8275892908161023E-002 -0.18874127714449104     
   5.2500000000000000        1.7500000000000000       -2.2827792542997855E-002  -6.2912845586971008E-002
   12.250000000000000        3.5000000000000000       -5.3186834958760067E-002 -0.12568251980252335     
   7.0000000000000000        1.7500000000000000       -3.0440528865724618E-002  -6.2991843914956214E-002
   13.125000000000000        3.5000000000000000       -5.6994023310791724E-002 -0.12582607855720795     
   8.7500000000000000        1.7500000000000000       -3.8080053786976716E-002  -6.2947202700699340E-002
   14.000000000000000        3.5000000000000000       -6.0805273053728626E-002 -0.12573663729949094     
   17.500000000000000        5.2500000000000000       -7.5875791381170302E-002 -0.18867799918247935     
   14.875000000000000        3.5000000000000000       -6.4582159748215517E-002 -0.12574115787327336     
   10.500000000000000        1.7500000000000000       -4.5622675313588962E-002  -6.2895021222436759E-002
   0.0000000000000000        0.0000000000000000        0.0000000000000000        0.0000000000000000     
  0.87500000000000000        0.0000000000000000       -3.8081232669310385E-003   0.0000000000000000     
   1.7500000000000000        0.0000000000000000       -7.5861608349825907E-003   0.0000000000000000     
   2.6250000000000000        0.0000000000000000       -1.1373028605432624E-002   0.0000000000000000     
   3.5000000000000000        0.0000000000000000       -1.5200875490344748E-002   0.0000000000000000     
   15.750000000000000        3.5000000000000000       -6.8346623316995481E-002 -0.12584402858154242     
   4.3750000000000000        0.0000000000000000       -1.9022416701192403E-002   0.0000000000000000     
   5.2500000000000000        0.0000000000000000       -2.2868096583676178E-002   0.0000000000000000     
   12.250000000000000        1.7500000000000000       -5.3246653910187236E-002  -6.2771015448681036E-002
   6.1250000000000000        0.0000000000000000       -2.6672110706393325E-002   0.0000000000000000     
   16.625000000000000        3.5000000000000000       -7.2140629291605834E-002 -0.12589434200116867     
   7.0000000000000000        0.0000000000000000       -3.0475773617281376E-002   0.0000000000000000     
   7.8750000000000000        0.0000000000000000       -3.4259176221263191E-002   0.0000000000000000     
   17.500000000000000        3.5000000000000000       -7.5912412658443201E-002 -0.12580494338462389     
   8.7500000000000000        0.0000000000000000       -3.8026877972541014E-002   0.0000000000000000     
   14.000000000000000        1.7500000000000000       -6.0882006255575279E-002  -6.2715748589563691E-002
   9.6250000000000000        0.0000000000000000       -4.1835633208139177E-002   0.0000000000000000     
   10.500000000000000        0.0000000000000000       -4.5671704123712763E-002   0.0000000000000000     
   15.750000000000000        1.7500000000000000       -6.8495892774489808E-002  -6.2858237628216643E-002
   11.375000000000000        0.0000000000000000       -4.9417054497102562E-002   0.0000000000000000     
   12.250000000000000        0.0000000000000000       -5.3210112422358458E-002   0.0000000000000000     
   13.125000000000000        0.0000000000000000       -5.7082868119613515E-002   0.0000000000000000     
   17.500000000000000        1.7500000000000000       -7.6069210804912996E-002  -6.2952677098751103E-002
   14.000000000000000        0.0000000000000000       -6.0953461483853028E-002   0.0000000000000000     
   14.875000000000000        0.0000000000000000       -6.4790542793366185E-002   0.0000000000000000     
   15.750000000000000        0.0000000000000000       -6.8579926738105604E-002   0.0000000000000000     
   16.625000000000000        0.0000000000000000       -7.2367139964906471E-002   0.0000000000000000     
   17.500000000000000        0.0000000000000000       -7.6113184449733265E-002   0.0000000000000000     
