   0.0000000000000000        35.000000000000000        0.0000000000000000       -1.8722222222222247     
  0.87500000000000000        35.000000000000000       -6.8055555555553166E-003  -1.8722222222222247     
   0.0000000000000000        33.250000000000000        0.0000000000000000       -1.8070013499075168     
   1.7500000000000000        35.000000000000000       -1.3611111111110607E-002  -1.8722222222222247     
   1.7500000000000000        33.250000000000000       -1.1721870645734444E-002  -1.8069598597365910     
   2.6250000000000000        35.000000000000000       -2.0416666666666045E-002  -1.8722222222222247     
   0.0000000000000000        31.500000000000000        0.0000000000000000       -1.7368682624159617     
   3.5000000000000000        35.000000000000000       -2.7222222222221443E-002  -1.8722222222222247     
  0.87500000000000000        31.500000000000000       -4.8274655066595585E-003  -1.7367684678982587     
   3.5000000000000000        33.250000000000000       -2.3310281039776722E-002  -1.8068845171949623     
   1.7500000000000000        31.500000000000000       -9.6060315339165300E-003  -1.7366338678261148     
   2.6250000000000000        31.500000000000000       -1.4354306795168888E-002  -1.7365183849343218     
   4.3750000000000000        35.000000000000000       -3.4027777777776651E-002  -1.8722222222222247     
   3.5000000000000000        31.500000000000000       -1.9093386328298552E-002  -1.7364033028831560     
   0.0000000000000000        29.750000000000000        0.0000000000000000       -1.6609084103037079     
   5.2500000000000000        35.000000000000000       -4.0833333333332091E-002  -1.8722222222222247     
   1.7500000000000000        29.750000000000000       -7.4525000049290606E-003  -1.6608458746148775     
   5.2500000000000000        33.250000000000000       -3.4833896920133535E-002  -1.8068599884129868     
   4.3750000000000000        31.500000000000000       -2.3793790554102624E-002  -1.7362208640051429     
   6.1250000000000000        35.000000000000000       -4.7638888888887558E-002  -1.8722222222222249     
   3.5000000000000000        29.750000000000000       -1.4756592811690238E-002  -1.6605838905027270     
   5.2500000000000000        31.500000000000000       -2.8460467141293831E-002  -1.7361170411970701     
   0.0000000000000000        28.000000000000000        0.0000000000000000       -1.5796342482079593     
   7.0000000000000000        35.000000000000000       -5.4444444444443116E-002  -1.8722222222222249     
   6.1250000000000000        31.500000000000000       -3.3005576186292108E-002  -1.7359843690117926     
  0.87500000000000000        28.000000000000000       -2.6840347310572812E-003  -1.5795293743055279     
   7.0000000000000000        33.250000000000000       -4.6230080689283859E-002  -1.8066912836593332     
   1.7500000000000000        28.000000000000000       -5.3475335681492618E-003  -1.5794398831271355     
   5.2500000000000000        29.750000000000000       -2.1812321364081261E-002  -1.6601214735480334     
   2.6250000000000000        28.000000000000000       -7.9446555442562253E-003  -1.5793654235838794     
   7.0000000000000000        31.500000000000000       -3.7462231121979779E-002  -1.7357655432333055     
   3.5000000000000000        28.000000000000000       -1.0513083046946153E-002  -1.5790854217254719     
   7.8750000000000000        35.000000000000000       -6.1249999999998757E-002  -1.8722222222222249     
   4.3750000000000000        28.000000000000000       -1.2992236238487524E-002  -1.5788018732437361     
   7.8750000000000000        31.500000000000000       -4.1835832718102012E-002  -1.7354561545014098     
   8.7500000000000000        35.000000000000000       -6.8055555555554023E-002  -1.8722222222222249     
   0.0000000000000000        26.250000000000000        0.0000000000000000       -1.4930731624321505     
   7.0000000000000000        29.750000000000000       -2.8476070067911419E-002  -1.6590326427390940     
   5.2500000000000000        28.000000000000000       -1.5308867526406870E-002  -1.5782629250582871     
   8.7500000000000000        33.250000000000000       -5.7463008127342091E-002  -1.8063732399020200     
   1.7500000000000000        26.250000000000000       -3.3642436956293682E-003  -1.4928760623846313     
   6.1250000000000000        28.000000000000000       -1.7552243349900173E-002  -1.5774761791708358     
   8.7500000000000000        31.500000000000000       -4.6056880598272773E-002  -1.7350424292203479     
   3.5000000000000000        26.250000000000000       -6.5310427621338915E-003  -1.4922272150372677     
   9.6250000000000000        35.000000000000000       -7.4861111111109449E-002  -1.8722222222222249     
   7.0000000000000000        28.000000000000000       -1.9596410690186784E-002  -1.5765395826395401     
   8.7500000000000000        29.750000000000000       -3.4434440248727945E-002  -1.6573043016699749     
   5.2500000000000000        26.250000000000000       -9.2112000511487529E-003  -1.4908166389925781     
   9.6250000000000000        31.500000000000000       -5.0182276679780778E-002  -1.7342633249383501     
   10.500000000000000        35.000000000000000       -8.1666666666665014E-002  -1.8722222222222249     
   0.0000000000000000        24.500000000000000        0.0000000000000000       -1.4015770338201188     
   7.8750000000000000        28.000000000000000       -2.1497075843989535E-002  -1.5752687186884546     
  0.87500000000000000        24.500000000000000       -7.6188666697424995E-004  -1.4015719823741912     
   1.7500000000000000        24.500000000000000       -1.5356688399003557E-003  -1.4014160785656922     
   10.500000000000000        33.250000000000000       -6.8399063860553722E-002  -1.8056887441881226     
   2.6250000000000000        24.500000000000000       -2.2084745831715642E-003  -1.4010281307744736     
   3.5000000000000000        24.500000000000000       -2.8023751265368641E-003  -1.4004905109662422     
   10.500000000000000        31.500000000000000       -5.4102412518693882E-002  -1.7333281221998404     
   8.7500000000000000        28.000000000000000       -2.3159058163152939E-002  -1.5735633840642815     
   7.0000000000000000        26.250000000000000       -1.1457491472749751E-002  -1.4883874393588192     
   11.375000000000000        35.000000000000000       -8.8472222222220467E-002  -1.8722222222222253     
   4.3750000000000000        24.500000000000000       -3.3670796093030289E-003  -1.3996397166737931     
   10.500000000000000        29.750000000000000       -3.9463739790778898E-002  -1.6542756384342578     
   5.2500000000000000        24.500000000000000       -3.7990837098910166E-003  -1.3985699642937452     
   11.375000000000000        31.500000000000000       -5.7744825632724144E-002  -1.7320760862414626     
   9.6250000000000000        28.000000000000000       -2.4574477017004409E-002  -1.5715873910429592     
   6.1250000000000000        24.500000000000000       -4.1415677420327994E-003  -1.3972026632946069     
   0.0000000000000000        22.750000000000000        0.0000000000000000       -1.3059024577597713     
   12.250000000000000        35.000000000000000       -9.5277777777776171E-002  -1.8722222222222253     
   12.250000000000000        33.250000000000000       -7.8878163436839843E-002  -1.8046838325057044     
   1.7500000000000000        22.750000000000000        7.7903912733409567E-005  -1.3056997133971415     
   8.7500000000000000        26.250000000000000       -1.2908803276094028E-002  -1.4843247637942325     
   7.0000000000000000        24.500000000000000       -4.3156550845916105E-003  -1.3953740517313173     
   10.500000000000000        28.000000000000000       -2.5648309518779697E-002  -1.5687743125574207     
   3.5000000000000000        22.750000000000000        2.5804974499777180E-004  -1.3044972804721144     
   12.250000000000000        31.500000000000000       -6.0911693721483480E-002  -1.7303993301121963     
   7.8750000000000000        24.500000000000000       -4.3291134667430399E-003  -1.3930425172236820     
   13.125000000000000        35.000000000000000      -0.10208333333333214       -1.8722222222222253     
   5.2500000000000000        22.750000000000000        8.0222079070189651E-004  -1.3022854437825619     
   12.250000000000000        29.750000000000000       -4.2867355130693841E-002  -1.6489248570770396     
   11.375000000000000        28.000000000000000       -2.6364466194360055E-002  -1.5653393842799166     
   13.125000000000000        31.500000000000000       -6.3614298643503556E-002  -1.7280973155611297     
   10.500000000000000        26.250000000000000       -1.3340119186229474E-002  -1.4780710627079665     
   8.7500000000000000        24.500000000000000       -4.1794978907481375E-003  -1.3902774865415271     
   0.0000000000000000        21.000000000000000        0.0000000000000000       -1.2069361533348668     
   14.000000000000000        35.000000000000000      -0.10888888888888791       -1.8722222222222253     
  0.87500000000000000        21.000000000000000        6.1681504251070605E-004  -1.2068780699206032     
   14.000000000000000        33.250000000000000       -8.8333548816829310E-002  -1.8024262196709140     
   7.0000000000000000        22.750000000000000        1.7001045065821818E-003  -1.2984855813804197     
   12.250000000000000        28.000000000000000       -2.6649949446882586E-002  -1.5609813785410693     
   1.7500000000000000        21.000000000000000        1.2619319115100879E-003  -1.2065776574775413     
   9.6250000000000000        24.500000000000000       -3.8128253202145308E-003  -1.3869971443239275     
   2.6250000000000000        21.000000000000000        1.9672882234038685E-003  -1.2060907027278229     
   14.000000000000000        31.500000000000000       -6.5578484711171059E-002  -1.7245317924824515     
   3.5000000000000000        21.000000000000000        2.6693327579984344E-003  -1.2052371774283330     
   4.3750000000000000        21.000000000000000        3.4526190550827670E-003  -1.2041179151117076     
   10.500000000000000        24.500000000000000       -3.3311375833603666E-003  -1.3833667910626266     
   13.125000000000000        28.000000000000000       -2.6641764507334541E-002  -1.5559792537351411     
   14.875000000000000        35.000000000000000      -0.11569444444444356       -1.8722222222222253     
   14.000000000000000        29.750000000000000       -4.4240594748971636E-002  -1.6392038540461167     
   5.2500000000000000        21.000000000000000        4.2880197197940608E-003  -1.2026333184353841     
   8.7500000000000000        22.750000000000000        3.0379887716079027E-003  -1.2930098879630059     
   12.250000000000000        26.250000000000000       -1.3041616932150519E-002  -1.4692121116957937     
   6.1250000000000000        21.000000000000000        5.3020567869571742E-003  -1.2008985725028780     
   14.875000000000000        31.500000000000000       -6.6547041418481917E-002  -1.7191565402139923     
   11.375000000000000        24.500000000000000       -2.6941368822078820E-003  -1.3792840713137497     
   14.000000000000000        28.000000000000000       -2.6446082451587034E-002  -1.5500770045471561     
   7.0000000000000000        21.000000000000000        6.3187440511805254E-003  -1.1987194319614762     
   0.0000000000000000        19.250000000000000        0.0000000000000000       -1.1056614336302535     
   15.750000000000000        35.000000000000000      -0.12249999999999901       -1.8722222222222253     
   15.750000000000000        33.250000000000000       -9.5189179374983668E-002  -1.7969419447452724     
   1.7500000000000000        19.250000000000000        2.1932925542803273E-003  -1.1052202012605508     
   7.8750000000000000        21.000000000000000        7.3173395034432341E-003  -1.1962171314851486     
   3.5000000000000000        19.250000000000000        4.5414820055582148E-003  -1.1037645813312809     
   10.500000000000000        22.750000000000000        4.5606227679715868E-003  -1.2862734587707672     
   15.750000000000000        31.500000000000000       -6.6264496761889780E-002  -1.7111244968791477     
   12.250000000000000        24.500000000000000       -2.1165698341929005E-003  -1.3747148610529265     
   14.875000000000000        28.000000000000000       -2.6010507927614026E-002  -1.5431000581730745     
   14.000000000000000        26.250000000000000       -1.2223711607007883E-002  -1.4581004441915917     
   8.7500000000000000        21.000000000000000        8.3233143061105189E-003  -1.1935501368289543     
   15.750000000000000        29.750000000000000       -4.4193369075640969E-002  -1.6242282192675213     
   5.2500000000000000        19.250000000000000        7.0087637276019165E-003  -1.1011673489624962     
   16.625000000000000        35.000000000000000      -0.12930555555555459       -1.8722222222222249     
   13.125000000000000        24.500000000000000       -1.5954902876434334E-003  -1.3697528839539685     
   9.6250000000000000        21.000000000000000        9.3386918989315625E-003  -1.1907291773934277     
   16.625000000000000        31.500000000000000       -6.7061902442498628E-002  -1.7024333977013415     
   7.0000000000000000        19.250000000000000        9.4489603857262384E-003  -1.0973354660909866     
   15.750000000000000        28.000000000000000       -2.5917972060084626E-002  -1.5357503771696019     
   12.250000000000000        22.750000000000000        6.0003887830871521E-003  -1.2783599528839906     
   14.000000000000000        24.500000000000000       -1.1761130533940653E-003  -1.3645267882833862     
   17.500000000000000        35.000000000000000      -0.13611111111110938       -1.8722222222222253     
   0.0000000000000000        17.500000000000000        0.0000000000000000       -1.0028468885092459     
   10.500000000000000        21.000000000000000        1.0315715513759158E-002  -1.1876635109487683     
  0.87500000000000000        17.500000000000000        1.4138535184079560E-003  -1.0027531338352342     
   1.7500000000000000        17.500000000000000        2.8112789904868375E-003  -1.0023558180926988     
   17.500000000000000        33.250000000000000       -9.4782913294698776E-002  -1.7786631553100289     
   2.6250000000000000        17.500000000000000        4.2253801736017119E-003  -1.0017481333875209     
   17.500000000000000        31.500000000000000       -6.6995413255480821E-002  -1.6897639723111051     
   3.5000000000000000        17.500000000000000        5.6826266936049561E-003  -1.0008956099577944     
   8.7500000000000000        19.250000000000000        1.1848642079179079E-002  -1.0929845019452584     
   15.750000000000000        26.250000000000000       -1.1802010711430513E-002  -1.4453370314178378     
   4.3750000000000000        17.500000000000000        7.1448269568508763E-003 -0.99982603134085013     
   11.375000000000000        21.000000000000000        1.1165642581796253E-002  -1.1843653516152672     
   16.625000000000000        28.000000000000000       -2.5813110987371109E-002  -1.5273975209092334     
   14.875000000000000        24.500000000000000       -9.1418792903775201E-004  -1.3591934936867818     
   17.500000000000000        29.750000000000000       -4.3929805209384158E-002  -1.6048748827407158     
   5.2500000000000000        17.500000000000000        8.5897936469644404E-003 -0.99852530091427205     
   6.1250000000000000        17.500000000000000        9.9707793387803292E-003 -0.99697950898834131     
   14.000000000000000        22.750000000000000        7.0418762890777200E-003  -1.2696678345767480     
   12.250000000000000        21.000000000000000        1.1834439869352713E-002  -1.1808445570112673     
   7.0000000000000000        17.500000000000000        1.1297294276250662E-002 -0.99535677253940591     
   17.500000000000000        28.000000000000000       -2.6404823651618770E-002  -1.5195469164116457     
   10.500000000000000        19.250000000000000        1.4053621474628592E-002  -1.0880373886433263     
   15.750000000000000        24.500000000000000       -7.9282043739870424E-004  -1.3538488252086474     
   7.8750000000000000        17.500000000000000        1.2617200058062713E-002 -0.99365109543584929     
   13.125000000000000        21.000000000000000        1.2393267901134746E-002  -1.1772276404362481     
   0.0000000000000000        15.750000000000000        0.0000000000000000      -0.89944029965374550     
   1.7500000000000000        15.750000000000000        3.1614360258818489E-003 -0.89904679497784679     
   3.5000000000000000        15.750000000000000        6.3076649471590137E-003 -0.89780510262991153     
   17.500000000000000        26.250000000000000       -1.2198882453965724E-002  -1.4326721547721282     
   8.7500000000000000        17.500000000000000        1.3885283346606528E-002 -0.99178857777503593     
   16.625000000000000        24.500000000000000       -8.8967859717953301E-004  -1.3487513713715440     
   14.000000000000000        21.000000000000000        1.2869918794819310E-002  -1.1736967587887603     
   12.250000000000000        19.250000000000000        1.5706443066771176E-002  -1.0825964565242261     
   15.750000000000000        22.750000000000000        7.4591674229659479E-003  -1.2610685431362041     
   5.2500000000000000        15.750000000000000        9.2838702806223947E-003 -0.89574893811280099     
   9.6250000000000000        17.500000000000000        1.5097894759686505E-002 -0.98991867171370340     
   17.500000000000000        24.500000000000000       -1.1000507445730861E-003  -1.3437770339249908     
   10.500000000000000        17.500000000000000        1.6172083203043024E-002 -0.98799913819388552     
   14.875000000000000        21.000000000000000        1.3193727890673192E-002  -1.1702581975149697     
   7.0000000000000000        15.750000000000000        1.2178965283992272E-002 -0.89341806409847346     
   11.375000000000000        17.500000000000000        1.7095688057796363E-002 -0.98594839702846326     
   0.0000000000000000        14.000000000000000        0.0000000000000000      -0.79623601980993353     
  0.87500000000000000        14.000000000000000        1.6414711107124924E-003 -0.79621522585024107     
   14.000000000000000        19.250000000000000        1.6768774971667434E-002  -1.0770146177917268     
   1.7500000000000000        14.000000000000000        3.2207675003399442E-003 -0.79589150098873762     
   15.750000000000000        21.000000000000000        1.3385623981451563E-002  -1.1670937901463110     
   8.7500000000000000        15.750000000000000        1.4785741940465676E-002 -0.89063951278320319     
   2.6250000000000000        14.000000000000000        4.7942532111717919E-003 -0.79543586619863937     
   3.5000000000000000        14.000000000000000        6.3445387743780177E-003 -0.79487285743321323     
   12.250000000000000        17.500000000000000        1.7927794884562108E-002 -0.98389508269164039     
   17.500000000000000        22.750000000000000        7.2655408203016183E-003  -1.2532011607830826     
   4.3750000000000000        14.000000000000000        7.9283137851414616E-003 -0.79422222647999274     
   5.2500000000000000        14.000000000000000        9.4377631841873182E-003 -0.79351022633239499     
   16.625000000000000        21.000000000000000        1.3498182721136188E-002  -1.1641461849740729     
   6.1250000000000000        14.000000000000000        1.0887403873968986E-002 -0.79267949332202681     
   13.125000000000000        17.500000000000000        1.8613698188380684E-002 -0.98182375102748687     
   10.500000000000000        15.750000000000000        1.6997184883282682E-002 -0.88787098805243780     
   7.0000000000000000        14.000000000000000        1.2261361169835462E-002 -0.79172137132390452     
   15.750000000000000        19.250000000000000        1.7350998662664468E-002  -1.0721518595436619     
   17.500000000000000        21.000000000000000        1.3492583660602731E-002  -1.1614350147463408     
   14.000000000000000        17.500000000000000        1.9157790664096876E-002 -0.97990363521298773     
   7.8750000000000000        14.000000000000000        1.3582264443673341E-002 -0.79074117805242028     
   0.0000000000000000        12.250000000000000        0.0000000000000000      -0.69377674770011177     
   8.7500000000000000        14.000000000000000        1.4803996793829212E-002 -0.78982172755010771     
   12.250000000000000        15.750000000000000        1.8860755997194677E-002 -0.88494628946106713     
   1.7500000000000000        12.250000000000000        3.1284454982061062E-003 -0.69347360949443604     
   14.875000000000000        17.500000000000000        1.9577095463641923E-002 -0.97811296193639330     
   3.5000000000000000        12.250000000000000        6.1562525450299110E-003 -0.69281767443063313     
   9.6250000000000000        14.000000000000000        1.5937871080242003E-002 -0.78891027827366478     
   5.2500000000000000        12.250000000000000        9.0899142689290727E-003 -0.69189313054267054     
   10.500000000000000        14.000000000000000        1.6998163232257234E-002 -0.78795034310261824     
   15.750000000000000        17.500000000000000        1.9919425243091746E-002 -0.97642170187091604     
   17.500000000000000        19.250000000000000        1.7713532095152813E-002  -1.0681050494998403     
   7.0000000000000000        12.250000000000000        1.1855845829727461E-002 -0.69064428046832671     
   14.000000000000000        15.750000000000000        2.0248908186176480E-002 -0.88230382873064961     
   11.375000000000000        14.000000000000000        1.7982438710030652E-002 -0.78695494972511304     
   16.625000000000000        17.500000000000000        2.0218239469594220E-002 -0.97497566961963755     
   12.250000000000000        14.000000000000000        1.8859187331861423E-002 -0.78596634735678050     
   8.7500000000000000        12.250000000000000        1.4293453508843278E-002 -0.68955114554020247     
   0.0000000000000000        10.500000000000000        0.0000000000000000      -0.59222846819171737     
  0.87500000000000000        10.500000000000000        1.4733493206970738E-003 -0.59213387563487974     
   1.7500000000000000        10.500000000000000        2.9215033784304153E-003 -0.59203870665498026     
   2.6250000000000000        10.500000000000000        4.3479170162844328E-003 -0.59189487520839257     
   3.5000000000000000        10.500000000000000        5.7827006321895932E-003 -0.59170098348750677     
   17.500000000000000        17.500000000000000        2.0501804367551311E-002 -0.97379277731116987     
   13.125000000000000        14.000000000000000        1.9687385819594234E-002 -0.78513676966970969     
   15.750000000000000        15.750000000000000        2.1221883287983277E-002 -0.87999642193253458     
   4.3750000000000000        10.500000000000000        7.1726847157465665E-003 -0.59141908854838854     
   5.2500000000000000        10.500000000000000        8.5568472763997497E-003 -0.59103463338627715     
   10.500000000000000        12.250000000000000        1.6438630266457799E-002 -0.68834165421306037     
   14.000000000000000        14.000000000000000        2.0427142345892806E-002 -0.78437996151290057     
   6.1250000000000000        10.500000000000000        9.8637551794844812E-003 -0.59061634129112661     
   7.0000000000000000        10.500000000000000        1.1112780878738125E-002 -0.59033589891251759     
   14.875000000000000        14.000000000000000        2.1091180058067809E-002 -0.78368630904175574     
   7.8750000000000000        10.500000000000000        1.2309251994890451E-002 -0.59007495015891320     
   12.250000000000000        12.250000000000000        1.8327647587089765E-002 -0.68715218767182717     
   17.500000000000000        15.750000000000000        2.2003757545433940E-002 -0.87850037381729951     
   8.7500000000000000        10.500000000000000        1.3447396641097651E-002 -0.58978059452567200     
   15.750000000000000        14.000000000000000        2.1650716377047394E-002 -0.78313351928335717     
   0.0000000000000000        8.7500000000000000        0.0000000000000000      -0.49167520463603853     
   1.7500000000000000        8.7500000000000000        2.6813597046581963E-003 -0.49167121683166354     
   9.6250000000000000        10.500000000000000        1.4534368680851721E-002 -0.58944856639524035     
   3.5000000000000000        8.7500000000000000        5.3706209266986323E-003 -0.49148887957504545     
   10.500000000000000        10.500000000000000        1.5581579310695461E-002 -0.58910017946370830     
   14.000000000000000        12.250000000000000        1.9933858010520951E-002 -0.68623694220864384     
   5.2500000000000000        8.7500000000000000        7.8810685404543286E-003 -0.49099779041924940     
   16.625000000000000        14.000000000000000        2.2215116215791329E-002 -0.78276168328755924     
   11.375000000000000        10.500000000000000        1.6545819318055117E-002 -0.58877761525350170     
   7.0000000000000000        8.7500000000000000        1.0220002893937860E-002 -0.49073999094067755     
   17.500000000000000        14.000000000000000        2.2756690058328893E-002 -0.78249952509518672     
   12.250000000000000        10.500000000000000        1.7463158652170095E-002 -0.58850638095535512     
   15.750000000000000        12.250000000000000        2.1373856284082855E-002 -0.68571423458687353     
   8.7500000000000000        8.7500000000000000        1.2467860961159259E-002 -0.49048760776753370     
   13.125000000000000        10.500000000000000        1.8300958689805632E-002 -0.58822769350347837     
   0.0000000000000000        7.0000000000000000        0.0000000000000000      -0.39219348841942453     
  0.87500000000000000        7.0000000000000000        1.2255442516499169E-003 -0.39220504451077004     
   1.7500000000000000        7.0000000000000000        2.4761040903051950E-003 -0.39217642178169282     
   2.6250000000000000        7.0000000000000000        3.7045336223004025E-003 -0.39211915614233872     
   3.5000000000000000        7.0000000000000000        4.9006621644622590E-003 -0.39204005138431508     
   14.000000000000000        10.500000000000000        1.9155898740023613E-002 -0.58805265630489845     
   10.500000000000000        8.7500000000000000        1.4546840764252843E-002 -0.49019450839180162     
   4.3750000000000000        7.0000000000000000        6.0786199969296078E-003 -0.39192751978644924     
   5.2500000000000000        7.0000000000000000        7.1875251331624517E-003 -0.39181220264557032     
   6.1250000000000000        7.0000000000000000        8.3251481002370280E-003 -0.39183883202752623     
   14.875000000000000        10.500000000000000        1.9977285514288831E-002 -0.58799971631272152     
   17.500000000000000        12.250000000000000        2.2763403286646479E-002 -0.68566611971100355     
   7.0000000000000000        7.0000000000000000        9.4289051335888774E-003 -0.39180653157178591     
   12.250000000000000        8.7500000000000000        1.6435741742993792E-002 -0.48995479138880194     
   7.8750000000000000        7.0000000000000000        1.0471854662222259E-002 -0.39175365890276215     
   15.750000000000000        10.500000000000000        2.0765278785195823E-002 -0.58801768697669021     
   8.7500000000000000        7.0000000000000000        1.1507111128188991E-002 -0.39170021507002140     
   16.625000000000000        10.500000000000000        2.1531044610291886E-002 -0.58813000979117858     
   9.6250000000000000        7.0000000000000000        1.2508739347521917E-002 -0.39164141720891454     
   14.000000000000000        8.7500000000000000        1.8214008450974525E-002 -0.48985557287460552     
   0.0000000000000000        5.2500000000000000        0.0000000000000000      -0.29345711968829363     
   1.7500000000000000        5.2500000000000000        2.2575016764924925E-003 -0.29338140485947850     
   10.500000000000000        7.0000000000000000        1.3495490667561959E-002 -0.39157907682699333     
   3.5000000000000000        5.2500000000000000        4.4743074876469119E-003 -0.29335747220083219     
   17.500000000000000        10.500000000000000        2.2325687915844428E-002 -0.58837734423011445     
   5.2500000000000000        5.2500000000000000        6.6173881242926544E-003 -0.29331889196898769     
   11.375000000000000        7.0000000000000000        1.4476425429445704E-002 -0.39158588016137114     
   7.0000000000000000        5.2500000000000000        8.6994066754542358E-003 -0.29333557659289544     
   12.250000000000000        7.0000000000000000        1.5401533740831190E-002 -0.39154118086286532     
   15.750000000000000        8.7500000000000000        1.9898410283957252E-002 -0.49011589427100166     
   13.125000000000000        7.0000000000000000        1.6299997951610495E-002 -0.39153202601399600     
   8.7500000000000000        5.2500000000000000        1.0687986775150284E-002 -0.29334687928089770     
   14.000000000000000        7.0000000000000000        1.7192569371896550E-002 -0.39169484924670228     
   0.0000000000000000        3.5000000000000000        0.0000000000000000      -0.19523889838455055     
  0.87500000000000000        3.5000000000000000        1.0506571175495243E-003 -0.19524037002177416     
   10.500000000000000        5.2500000000000000        1.2623176101219349E-002 -0.29331440151715926     
   17.500000000000000        8.7500000000000000        2.1574640143236699E-002 -0.49067119063092113     
   1.7500000000000000        3.5000000000000000        2.0741772699245280E-003 -0.19523470330143153     
   2.6250000000000000        3.5000000000000000        3.1122639870201944E-003 -0.19524204039215096     
   3.5000000000000000        3.5000000000000000        4.1550757072904843E-003 -0.19525080603438749     
   14.875000000000000        7.0000000000000000        1.8101234999388999E-002 -0.39189820001840003     
   4.3750000000000000        3.5000000000000000        5.1632610304977369E-003 -0.19523447839796135     
   5.2500000000000000        3.5000000000000000        6.1764804624336676E-003 -0.19526866249635227     
   6.1250000000000000        3.5000000000000000        7.1636592926916792E-003 -0.19527417792397467     
   15.750000000000000        7.0000000000000000        1.9007102426545575E-002 -0.39214195703852217     
   12.250000000000000        5.2500000000000000        1.4501708334373552E-002 -0.29334983669347414     
   7.0000000000000000        3.5000000000000000        8.1527194791264357E-003 -0.19529966609544389     
   7.8750000000000000        3.5000000000000000        9.1177495000562391E-003 -0.19532670604437494     
   16.625000000000000        7.0000000000000000        1.9896709158520012E-002 -0.39243257689883865     
   8.7500000000000000        3.5000000000000000        1.0060789175426728E-002 -0.19532180850286004     
   14.000000000000000        5.2500000000000000        1.6296282169238233E-002 -0.29364820900548166     
   9.6250000000000000        3.5000000000000000        1.1012844072443332E-002 -0.19529224356320221     
   17.500000000000000        7.0000000000000000        2.0810822229290499E-002 -0.39279938096977213     
   10.500000000000000        3.5000000000000000        1.1955029205213605E-002 -0.19533610174108432     
   0.0000000000000000        1.7500000000000000        0.0000000000000000       -9.7533404544993013E-002
   1.7500000000000000        1.7500000000000000        1.9848279949211600E-003  -9.7522575826093680E-002
   3.5000000000000000        1.7500000000000000        3.9787970518913125E-003  -9.7528114214053580E-002
   11.375000000000000        3.5000000000000000        1.2887780684660049E-002 -0.19536882489914231     
   15.750000000000000        5.2500000000000000        1.8142873237267900E-002 -0.29407052480115181     
   5.2500000000000000        1.7500000000000000        5.8998985896737115E-003  -9.7524671480234956E-002
   12.250000000000000        3.5000000000000000        1.3781965730499049E-002 -0.19539894576905589     
   7.0000000000000000        1.7500000000000000        7.8091883202145830E-003  -9.7558315004257184E-002
   13.125000000000000        3.5000000000000000        1.4677522586602952E-002 -0.19557384211063567     
   8.7500000000000000        1.7500000000000000        9.6493825877369162E-003  -9.7520752730035937E-002
   14.000000000000000        3.5000000000000000        1.5561032456864285E-002 -0.19563194706848383     
   17.500000000000000        5.2500000000000000        2.0061851416029911E-002 -0.29471531236712917     
   14.875000000000000        3.5000000000000000        1.6497293426128035E-002 -0.19579652558020524     
   10.500000000000000        1.7500000000000000        1.1511503704292252E-002  -9.7576292601056963E-002
   0.0000000000000000        0.0000000000000000        0.0000000000000000        0.0000000000000000     
  0.87500000000000000        0.0000000000000000        9.7837167608176090E-004   0.0000000000000000     
   1.7500000000000000        0.0000000000000000        1.9774560776911520E-003   0.0000000000000000     
   2.6250000000000000        0.0000000000000000        2.9649794005867621E-003   0.0000000000000000     
   3.5000000000000000        0.0000000000000000        3.9231202257618159E-003   0.0000000000000000     
   15.750000000000000        3.5000000000000000        1.7449596052888660E-002 -0.19601169290301723     
   4.3750000000000000        0.0000000000000000        4.8799910594168570E-003   0.0000000000000000     
   5.2500000000000000        0.0000000000000000        5.8260848820522564E-003   0.0000000000000000     
   12.250000000000000        1.7500000000000000        1.3330162976586773E-002  -9.7668992843796265E-002
   6.1250000000000000        0.0000000000000000        6.7698748222284550E-003   0.0000000000000000     
   16.625000000000000        3.5000000000000000        1.8404292999668243E-002 -0.19625601200774206     
   7.0000000000000000        0.0000000000000000        7.6970269789131502E-003   0.0000000000000000     
   7.8750000000000000        0.0000000000000000        8.6234157047690996E-003   0.0000000000000000     
   17.500000000000000        3.5000000000000000        1.9391535830691899E-002 -0.19649234945172989     
   8.7500000000000000        0.0000000000000000        9.5571326723065224E-003   0.0000000000000000     
   14.000000000000000        1.7500000000000000        1.5117050721845854E-002  -9.7754495710575900E-002
   9.6250000000000000        0.0000000000000000        1.0443061520402525E-002   0.0000000000000000     
   10.500000000000000        0.0000000000000000        1.1323959582349613E-002   0.0000000000000000     
   15.750000000000000        1.7500000000000000        1.6976318483023122E-002  -9.7980428499672784E-002
   11.375000000000000        0.0000000000000000        1.2263368018002934E-002   0.0000000000000000     
   12.250000000000000        0.0000000000000000        1.3182707803275363E-002   0.0000000000000000     
   13.125000000000000        0.0000000000000000        1.4078549688090801E-002   0.0000000000000000     
   17.500000000000000        1.7500000000000000        1.8935024985444904E-002  -9.8221471357252635E-002
   14.000000000000000        0.0000000000000000        1.4958346862474700E-002   0.0000000000000000     
   14.875000000000000        0.0000000000000000        1.5868582862746387E-002   0.0000000000000000     
   15.750000000000000        0.0000000000000000        1.6818193747425811E-002   0.0000000000000000     
   16.625000000000000        0.0000000000000000        1.7780596040236529E-002   0.0000000000000000     
   17.500000000000000        0.0000000000000000        1.8787638425213655E-002   0.0000000000000000     
