   0.0000000000000000        35.000000000000000        0.0000000000000000      -0.10699999999999993     
  0.87500000000000000        35.000000000000000       -1.7500000000000043E-004 -0.10700000000000001     
   0.0000000000000000        33.250000000000000        0.0000000000000000      -0.10313209938548731     
   1.7500000000000000        35.000000000000000       -3.4999999999999745E-004 -0.10700000000000004     
   1.7500000000000000        33.250000000000000       -6.1517947032102587E-005 -0.10313032347852423     
   2.6250000000000000        35.000000000000000       -5.2499999999999552E-004 -0.10700000000000004     
   0.0000000000000000        31.500000000000000        0.0000000000000000       -9.8864472917691751E-002
   3.5000000000000000        35.000000000000000       -6.9999999999999457E-004 -0.10700000000000004     
  0.87500000000000000        31.500000000000000        1.0722974771344613E-004  -9.8862704694552272E-002
   3.5000000000000000        33.250000000000000       -1.1717616631383803E-004 -0.10312420441039284     
   1.7500000000000000        31.500000000000000        2.1602472441519080E-004  -9.8858061530068542E-002
   2.6250000000000000        31.500000000000000        3.2741490115147803E-004  -9.8849737997350487E-002
   4.3750000000000000        35.000000000000000       -8.7499999999999275E-004 -0.10700000000000004     
   3.5000000000000000        31.500000000000000        4.4344530805596213E-004  -9.8838094890698475E-002
   0.0000000000000000        29.750000000000000        0.0000000000000000       -9.4222537777362503E-002
   5.2500000000000000        35.000000000000000       -1.0499999999999910E-003 -0.10700000000000004     
   1.7500000000000000        29.750000000000000        4.6942838309879577E-004  -9.4209822479975960E-002
   5.2500000000000000        33.250000000000000       -1.6039588431456388E-004 -0.10311271945156106     
   4.3750000000000000        31.500000000000000        5.6508699965067389E-004  -9.8821955177327142E-002
   6.1250000000000000        35.000000000000000       -1.2249999999999911E-003 -0.10700000000000005     
   3.5000000000000000        29.750000000000000        9.5400054320065437E-004  -9.4170056048353754E-002
   5.2500000000000000        31.500000000000000        6.9501420786971491E-004  -9.8801434337020586E-002
   0.0000000000000000        28.000000000000000        0.0000000000000000       -8.9258767670707423E-002
   7.0000000000000000        35.000000000000000       -1.3999999999999928E-003 -0.10700000000000005     
   6.1250000000000000        31.500000000000000        8.3417643068452163E-004  -9.8774890680555005E-002
  0.87500000000000000        28.000000000000000        3.4283173537167082E-004  -8.9254016182350987E-002
   7.0000000000000000        33.250000000000000       -1.8307109738601417E-004 -0.10309335070554586     
   1.7500000000000000        28.000000000000000        6.8790995677551624E-004  -8.9239124836175715E-002
   5.2500000000000000        29.750000000000000        1.4702735456993766E-003  -9.4098211163273479E-002
   2.6250000000000000        28.000000000000000        1.0366091702712172E-003  -8.9214167583829260E-002
   7.0000000000000000        31.500000000000000        9.8641814425657693E-004  -9.8741831665105279E-002
   3.5000000000000000        28.000000000000000        1.3918526112596081E-003  -8.9178032767666296E-002
   7.8750000000000000        35.000000000000000       -1.5749999999999920E-003 -0.10700000000000005     
   4.3750000000000000        28.000000000000000        1.7547811358107038E-003  -8.9130400316262043E-002
   7.8750000000000000        31.500000000000000        1.1526914909359847E-003  -9.8699761747182063E-002
   8.7500000000000000        35.000000000000000       -1.7499999999999894E-003 -0.10700000000000005     
   0.0000000000000000        26.250000000000000        0.0000000000000000       -8.4033587106239552E-002
   7.0000000000000000        29.750000000000000        2.0377940673445469E-003  -9.3984178253655501E-002
   5.2500000000000000        28.000000000000000        2.1289236956500922E-003  -8.9069213545674458E-002
   8.7500000000000000        33.250000000000000       -1.7396195442416195E-004 -0.10306108615601683     
   1.7500000000000000        26.250000000000000        8.6585306820884740E-004  -8.4007803632099670E-002
   6.1250000000000000        28.000000000000000        2.5151256990071434E-003  -8.8993787312214745E-002
   8.7500000000000000        31.500000000000000        1.3389910029239509E-003  -9.8646868371129653E-002
   3.5000000000000000        26.250000000000000        1.7462181728596707E-003  -8.3928528267728494E-002
   9.6250000000000000        35.000000000000000       -1.9249999999999890E-003 -0.10700000000000007     
   7.0000000000000000        28.000000000000000        2.9177824526932759E-003  -8.8900581802094564E-002
   8.7500000000000000        29.750000000000000        2.6812198544264522E-003  -9.3809536164008611E-002
   5.2500000000000000        26.250000000000000        2.6557677910418946E-003  -8.3789576853028569E-002
   9.6250000000000000        31.500000000000000        1.5463583856061200E-003  -9.8579522735849023E-002
   10.500000000000000        35.000000000000000       -2.0999999999999908E-003 -0.10700000000000007     
   0.0000000000000000        24.500000000000000        0.0000000000000000       -7.8611539253317708E-002
   7.8750000000000000        28.000000000000000        3.3373325923989486E-003  -8.8788452216195884E-002
  0.87500000000000000        24.500000000000000        5.0060834489707513E-004  -7.8604267626231072E-002
   1.7500000000000000        24.500000000000000        1.0027691974021074E-003  -7.8581546639505714E-002
   10.500000000000000        33.250000000000000       -1.1555185087069173E-004 -0.10300493471214724     
   2.6250000000000000        24.500000000000000        1.5076482177705857E-003  -7.8543775964381501E-002
   3.5000000000000000        24.500000000000000        2.0168768124248552E-003  -7.8489728931952968E-002
   10.500000000000000        31.500000000000000        1.7847789764160705E-003  -9.8492144982677290E-002
   8.7500000000000000        28.000000000000000        3.7790666499100574E-003  -8.8651551768486228E-002
   7.0000000000000000        26.250000000000000        3.6089555913567349E-003  -8.3579879409115918E-002
   11.375000000000000        35.000000000000000       -2.2749999999999997E-003 -0.10700000000000008     
   4.3750000000000000        24.500000000000000        2.5315936820800408E-003  -7.8419522487274879E-002
   10.500000000000000        29.750000000000000        3.4326866332467648E-003  -9.3540249995059624E-002
   5.2500000000000000        24.500000000000000        3.0531896091194875E-003  -7.8331387717841913E-002
   11.375000000000000        31.500000000000000        2.0555808704850820E-003  -9.8377284671730000E-002
   9.6250000000000000        28.000000000000000        4.2427267228689934E-003  -8.8488556309346947E-002
   6.1250000000000000        24.500000000000000        3.5827427572284278E-003  -7.8225150519812797E-002
   0.0000000000000000        22.750000000000000        0.0000000000000000       -7.3055595139893209E-002
   12.250000000000000        35.000000000000000       -2.4500000000000082E-003 -0.10700000000000008     
   12.250000000000000        33.250000000000000        2.4432155206041716E-005 -0.10290188607859627     
   1.7500000000000000        22.750000000000000        1.1021650370768863E-003  -7.3023477013277466E-002
   8.7500000000000000        26.250000000000000        4.6188476569993669E-003  -8.3282541453777351E-002
   7.0000000000000000        24.500000000000000        4.1210747023743659E-003  -7.8098594049683501E-002
   10.500000000000000        28.000000000000000        4.7338488189197876E-003  -8.8289893571131720E-002
   3.5000000000000000        22.750000000000000        2.2118999844093186E-003  -7.2926284715212411E-002
   12.250000000000000        31.500000000000000        2.3765024096061224E-003  -9.8220648653673401E-002
   7.8750000000000000        24.500000000000000        4.6692483094632293E-003  -7.7951241413502764E-002
   13.125000000000000        35.000000000000000       -2.6250000000000140E-003 -0.10700000000000007     
   5.2500000000000000        22.750000000000000        3.3359573110927081E-003  -7.2761123095135397E-002
   12.250000000000000        29.750000000000000        4.3322455351893540E-003  -9.3114689150583296E-002
   11.375000000000000        28.000000000000000        5.2512856146984099E-003  -8.8052759578438458E-002
   13.125000000000000        31.500000000000000        2.7511829250598616E-003  -9.8017396298825138E-002
   10.500000000000000        26.250000000000000        5.6940061129058658E-003  -8.2874265304296826E-002
   8.7500000000000000        24.500000000000000        5.2267979380187912E-003  -7.7780803908525112E-002
   0.0000000000000000        21.000000000000000        0.0000000000000000       -6.7414999186845098E-002
   14.000000000000000        35.000000000000000       -2.8000000000000178E-003 -0.10700000000000007     
  0.87500000000000000        21.000000000000000        5.8477355340901612E-004  -6.7407162410139471E-002
   14.000000000000000        33.250000000000000        3.1114192304728446E-004 -0.10268175252704245     
   7.0000000000000000        22.750000000000000        4.4790942609743978E-003  -7.2523879237070710E-002
   12.250000000000000        28.000000000000000        5.7973882181782295E-003  -8.7765091087680505E-002
   1.7500000000000000        21.000000000000000        1.1700792668238539E-003  -6.7383084942874705E-002
   9.6250000000000000        24.500000000000000        5.7948144012052796E-003  -7.7586700061077263E-002
   2.6250000000000000        21.000000000000000        1.7564586804988520E-003  -6.7343159713396522E-002
   14.000000000000000        31.500000000000000        3.2102965753238043E-003  -9.7718185172180658E-002
   3.5000000000000000        21.000000000000000        2.3442314281565840E-003  -6.7286836045806334E-002
   4.3750000000000000        21.000000000000000        2.9339826707567218E-003  -6.7214460163122658E-002
   10.500000000000000        24.500000000000000        6.3704910994136013E-003  -7.7367401112773973E-002
   13.125000000000000        28.000000000000000        6.3668211136381899E-003  -8.7429909045925888E-002
   14.875000000000000        35.000000000000000       -2.9750000000000193E-003 -0.10700000000000007     
   14.000000000000000        29.750000000000000        5.4176331501421286E-003  -9.2406956875583465E-002
   5.2500000000000000        21.000000000000000        3.5256225259358664E-003  -6.7125516271233365E-002
   8.7500000000000000        22.750000000000000        5.6425944267692986E-003  -7.2210547164499345E-002
   12.250000000000000        26.250000000000000        6.8314079463747367E-003  -8.2330220488773906E-002
   6.1250000000000000        21.000000000000000        4.1196817224091456E-003  -6.7020306117960990E-002
   14.875000000000000        31.500000000000000        3.7653528351629163E-003  -9.7264782130611654E-002
   11.375000000000000        24.500000000000000        6.9555867515930965E-003  -7.7121525607874788E-002
   14.000000000000000        28.000000000000000        6.9512277604938796E-003  -8.7033379689267956E-002
   7.0000000000000000        21.000000000000000        4.7154957787567398E-003  -6.6898633413872699E-002
   0.0000000000000000        19.250000000000000        0.0000000000000000       -6.1732818032318740E-002
   15.750000000000000        35.000000000000000       -3.1500000000000191E-003 -0.10700000000000005     
   15.750000000000000        33.250000000000000        9.2876129570371331E-004 -0.10220128064405498     
   1.7500000000000000        19.250000000000000        1.2130238551866835E-003  -6.1702599098530257E-002
   7.8750000000000000        21.000000000000000        5.3134359366588000E-003  -6.6760846780971744E-002
   3.5000000000000000        19.250000000000000        2.4272437117541360E-003  -6.1612260692538182E-002
   10.500000000000000        22.750000000000000        6.8224686006091335E-003  -7.1819916396687375E-002
   15.750000000000000        31.500000000000000        4.4616006142348457E-003  -9.6556423833465355E-002
   12.250000000000000        24.500000000000000        7.5434803376750112E-003  -7.6851124355647282E-002
   14.875000000000000        28.000000000000000        7.5735208852493099E-003  -8.6554534248238238E-002
   14.000000000000000        26.250000000000000        8.0115024211778463E-003  -8.1633518942781327E-002
   8.7500000000000000        21.000000000000000        5.9121144675462001E-003  -6.6607507461601698E-002
   15.750000000000000        29.750000000000000        6.6346152869675122E-003  -9.1268889832410660E-002
   5.2500000000000000        19.250000000000000        3.6431069573947526E-003  -6.1462608292076698E-002
   16.625000000000000        35.000000000000000       -3.3250000000000120E-003 -0.10700000000000005     
   13.125000000000000        24.500000000000000        8.1334277185723478E-003  -7.6556347902575081E-002
   9.6250000000000000        21.000000000000000        6.5114897832974318E-003  -6.6439283692790035E-002
   16.625000000000000        31.500000000000000        4.9934840850314102E-003  -9.5817206152791365E-002
   7.0000000000000000        19.250000000000000        4.8595470371585571E-003  -6.1255882510834213E-002
   15.750000000000000        28.000000000000000        8.1630937798539867E-003  -8.6045291776899888E-002
   12.250000000000000        22.750000000000000        8.0071080542389820E-003  -7.1359058035844414E-002
   14.000000000000000        24.500000000000000        8.7195341990744177E-003  -7.6242346679065820E-002
   17.500000000000000        35.000000000000000       -3.5000000000000048E-003 -0.10700000000000005     
   0.0000000000000000        17.500000000000000        0.0000000000000000       -5.6035892649858199E-002
   10.500000000000000        21.000000000000000        7.1095630732008457E-003  -6.6258043394541721E-002
  0.87500000000000000        17.500000000000000        6.1885291575958657E-004  -5.6029101357962109E-002
   1.7500000000000000        17.500000000000000        1.2375701376453171E-003  -5.6008641595138652E-002
   17.500000000000000        33.250000000000000        2.4369987650890708E-003 -0.10001899004155596     
   2.6250000000000000        17.500000000000000        1.8561616627011128E-003  -5.5974728268776350E-002
   17.500000000000000        31.500000000000000        5.6100382433119326E-003  -9.4519844245068818E-002
   3.5000000000000000        17.500000000000000        2.4742930632664362E-003  -5.5927467519268102E-002
   8.7500000000000000        19.250000000000000        6.0733272560221088E-003  -6.0997078634710912E-002
   15.750000000000000        26.250000000000000        9.1790029584647905E-003  -8.0812372218905013E-002
   4.3750000000000000        17.500000000000000        3.0920157935318176E-003  -5.5867216048345741E-002
   11.375000000000000        21.000000000000000        7.7058153943008849E-003  -6.6065004974314750E-002
   16.625000000000000        28.000000000000000        8.7560404133116346E-003  -8.5433194115402761E-002
   14.875000000000000        24.500000000000000        9.2950927926072693E-003  -7.5916603757722578E-002
   17.500000000000000        29.750000000000000        7.8758033145778002E-003  -8.9652664884592795E-002
   5.2500000000000000        17.500000000000000        3.7087565664214463E-003  -5.5794386795512574E-002
   6.1250000000000000        17.500000000000000        4.3245459500673988E-003  -5.5709480008968165E-002
   14.000000000000000        22.750000000000000        9.1776088265546930E-003  -7.0850991067691965E-002
   12.250000000000000        21.000000000000000        8.2977703386945007E-003  -6.5864371777604611E-002
   7.0000000000000000        17.500000000000000        4.9385367630515719E-003  -5.5613406833459070E-002
   17.500000000000000        28.000000000000000        9.2750127262642493E-003  -8.4883660515979981E-002
   10.500000000000000        19.250000000000000        7.2787556912764680E-003  -6.0695918367499616E-002
   15.750000000000000        24.500000000000000        9.8639187196287656E-003  -7.5584566973473905E-002
   7.8750000000000000        17.500000000000000        5.5506976441661018E-003  -5.5506877513514817E-002
   13.125000000000000        21.000000000000000        8.8845582042072369E-003  -6.5657960702597939E-002
   0.0000000000000000        15.750000000000000        0.0000000000000000       -5.0345292269245723E-002
   1.7500000000000000        15.750000000000000        1.2490992386858593E-003  -5.0321517586329453E-002
   3.5000000000000000        15.750000000000000        2.4960416633664577E-003  -5.0251088976065797E-002
   17.500000000000000        26.250000000000000        1.0262026475731130E-002  -7.9967592146204206E-002
   8.7500000000000000        17.500000000000000        6.1599225905099291E-003  -5.5391530540514843E-002
   16.625000000000000        24.500000000000000        1.0405416390625597E-002  -7.5272424511318686E-002
   14.000000000000000        21.000000000000000        9.4634441441579439E-003  -6.5453516660997371E-002
   12.250000000000000        19.250000000000000        8.4680248116645387E-003  -6.0369289370202514E-002
   15.750000000000000        22.750000000000000        1.0311010617092841E-002  -7.0342358941157826E-002
   5.2500000000000000        15.750000000000000        3.7383415175069371E-003  -5.0136633403082852E-002
   9.6250000000000000        17.500000000000000        6.7660837099559716E-003  -5.5268402591308816E-002
   17.500000000000000        24.500000000000000        1.0937803250445161E-002  -7.4974205931262486E-002
   10.500000000000000        17.500000000000000        7.3679483090621995E-003  -5.5140062467275812E-002
   14.875000000000000        21.000000000000000        1.0035057874916273E-002  -6.5252324582602925E-002
   7.0000000000000000        15.750000000000000        4.9729664413616769E-003  -4.9983033229156232E-002
   11.375000000000000        17.500000000000000        7.9652993832828069E-003  -5.5008059962650346E-002
   0.0000000000000000        14.000000000000000        0.0000000000000000       -4.4671193895020347E-002
  0.87500000000000000        14.000000000000000        6.2626045962858672E-004  -4.4666131900513092E-002
   14.000000000000000        19.250000000000000        9.6327796498983497E-003  -6.0043375378312731E-002
   1.7500000000000000        14.000000000000000        1.2521227546370638E-003  -4.4651125153909801E-002
   15.750000000000000        21.000000000000000        1.0594800462934607E-002  -6.5067260126842011E-002
   8.7500000000000000        15.750000000000000        6.1962665509006365E-003  -4.9798068435903273E-002
   2.6250000000000000        14.000000000000000        1.8773330138325379E-003  -4.4626250432615290E-002
   3.5000000000000000        14.000000000000000        2.5013900792672824E-003  -4.4591903554193318E-002
   12.250000000000000        17.500000000000000        8.5570457218961792E-003  -5.4875949230028483E-002
   17.500000000000000        22.750000000000000        1.1391471364361826E-002  -6.9906159739357515E-002
   4.3750000000000000        14.000000000000000        3.1240628530253838E-003  -4.4548375968926641E-002
   5.2500000000000000        14.000000000000000        3.7447866051297336E-003  -4.4496385307726288E-002
   16.625000000000000        21.000000000000000        1.1146046991520447E-002  -6.4900560087106610E-002
   6.1250000000000000        14.000000000000000        4.3633390754347287E-003  -4.4436444537020663E-002
   13.125000000000000        17.500000000000000        9.1427915709829770E-003  -5.4746244897580398E-002
   10.500000000000000        15.750000000000000        7.4042092309393676E-003  -4.9593190547629618E-002
   7.0000000000000000        14.000000000000000        4.9791089952958357E-003  -4.4369656156291674E-002
   15.750000000000000        19.250000000000000        1.0766466111599201E-002  -5.9755770914714408E-002
   17.500000000000000        21.000000000000000        1.1684381597607563E-002  -6.4767837279546242E-002
   14.000000000000000        17.500000000000000        9.7221557720482080E-003  -5.4623102038198569E-002
   7.8750000000000000        14.000000000000000        5.5918742991310161E-003  -4.4296791816397792E-002
   0.0000000000000000        12.250000000000000        0.0000000000000000       -3.9020042777021743E-002
   8.7500000000000000        14.000000000000000        6.2010388581587332E-003  -4.4219397491784065E-002
   12.250000000000000        15.750000000000000        8.5929871951532649E-003  -4.9384248788739947E-002
   1.7500000000000000        12.250000000000000        1.2499419472810000E-003  -3.9003565117908819E-002
   14.875000000000000        17.500000000000000        1.0294595049004348E-002  -5.4510345305148374E-002
   3.5000000000000000        12.250000000000000        2.4967603242827333E-003  -3.8955075879916486E-002
   9.6250000000000000        14.000000000000000        6.8063838754302457E-003  -4.4138559193261179E-002
   5.2500000000000000        12.250000000000000        3.7373127754985833E-003  -3.8877381688491787E-002
   10.500000000000000        14.000000000000000        7.4074334424690334E-003  -4.4056293586340139E-002
   15.750000000000000        17.500000000000000        1.0861211718797253E-002  -5.4412379556289824E-002
   17.500000000000000        19.250000000000000        1.1868412226432335E-002  -5.9553849124971990E-002
   7.0000000000000000        12.250000000000000        4.9685203783997184E-003  -3.8775324658650585E-002
   14.000000000000000        15.750000000000000        9.7601411519516040E-003  -4.9191819714361998E-002
   11.375000000000000        14.000000000000000        8.0040233903862969E-003  -4.3974032467363769E-002
   16.625000000000000        17.500000000000000        1.1421383414887623E-002  -5.4334756897881829E-002
   12.250000000000000        14.000000000000000        8.5959161657159795E-003  -4.3894263254053045E-002
   8.7500000000000000        12.250000000000000        6.1875147161115952E-003  -3.8655967139346312E-002
   0.0000000000000000        10.500000000000000        0.0000000000000000       -3.3392960827908505E-002
  0.87500000000000000        10.500000000000000        6.2271023924892824E-004  -3.3389604034091275E-002
   1.7500000000000000        10.500000000000000        1.2449958396832986E-003  -3.3379776815533578E-002
   2.6250000000000000        10.500000000000000        1.8665383001438040E-003  -3.3363485156358917E-002
   3.5000000000000000        10.500000000000000        2.4868813932661859E-003  -3.3341144564593868E-002
   17.500000000000000        17.500000000000000        1.1977916017636720E-002  -5.4281136171591790E-002
   13.125000000000000        14.000000000000000        9.1831002355754372E-003  -4.3818754894589966E-002
   15.750000000000000        15.750000000000000        1.0906012638063834E-002  -4.9040746246041295E-002
   4.3750000000000000        10.500000000000000        3.1057158846313142E-003  -3.3312958151271992E-002
   5.2500000000000000        10.500000000000000        3.7226142219118413E-003  -3.3279588467386857E-002
   10.500000000000000        12.250000000000000        7.3919500003207534E-003  -3.8528728362658568E-002
   14.000000000000000        14.000000000000000        9.7657096025418680E-003  -4.3750369778936843E-002
   6.1250000000000000        10.500000000000000        4.3372946207408071E-003  -3.3241440361697711E-002
   7.0000000000000000        10.500000000000000        4.9493793572723951E-003  -3.3199425439426139E-002
   14.875000000000000        14.000000000000000        1.0344109143601588E-002  -4.3691057679664837E-002
   7.8750000000000000        10.500000000000000        5.5586334065248341E-003  -3.3154154740827474E-002
   12.250000000000000        12.250000000000000        8.5804753573131189E-003  -3.8405359647729606E-002
   17.500000000000000        15.750000000000000        1.2035434752607755E-002  -4.8957900878354985E-002
   8.7500000000000000        10.500000000000000        6.1647738834920886E-003  -3.3106787075905357E-002
   15.750000000000000        14.000000000000000        1.0918781807800823E-002  -4.3643870920374937E-002
   0.0000000000000000        8.7500000000000000        0.0000000000000000       -2.7789109763479567E-002
   1.7500000000000000        8.7500000000000000        1.2389878410941457E-003  -2.7778890254854121E-002
   9.6250000000000000        10.500000000000000        6.7676352903426320E-003  -3.3058147836113209E-002
   3.5000000000000000        8.7500000000000000        2.4750372190543166E-003  -2.7748964143804251E-002
   10.500000000000000        10.500000000000000        7.3670924773652623E-003  -3.3009607022035516E-002
   14.000000000000000        12.250000000000000        9.7533584189631994E-003  -3.8299577271818333E-002
   5.2500000000000000        8.7500000000000000        3.7053362968219586E-003  -2.7701516665342818E-002
   16.625000000000000        14.000000000000000        1.1490749071998003E-002  -4.3611211118260142E-002
   11.375000000000000        10.500000000000000        7.9630816099489944E-003  -3.2962207114416539E-002
   7.0000000000000000        8.7500000000000000        4.9273925424982278E-003  -2.7640191198899069E-002
   17.500000000000000        14.000000000000000        1.2060830627376654E-002  -4.3595492784809252E-002
   12.250000000000000        10.500000000000000        8.5557068262967443E-003  -3.2917446775415547E-002
   15.750000000000000        12.250000000000000        1.0913108938457910E-002  -3.8226362732823420E-002
   8.7500000000000000        8.7500000000000000        6.1392270564704331E-003  -2.7570071615649727E-002
   13.125000000000000        10.500000000000000        9.1450386113362623E-003  -3.2876589904829744E-002
   0.0000000000000000        7.0000000000000000        0.0000000000000000       -2.2205750117419539E-002
  0.87500000000000000        7.0000000000000000        6.1669141977937689E-004  -2.2203785299747231E-002
   1.7500000000000000        7.0000000000000000        1.2330178541271773E-003  -2.2198086550732417E-002
   2.6250000000000000        7.0000000000000000        1.8486850045446970E-003  -2.2188637665112417E-002
   3.5000000000000000        7.0000000000000000        2.4633338958315806E-003  -2.2175745897401799E-002
   14.000000000000000        10.500000000000000        9.7314813751919731E-003  -3.2841112713141496E-002
   10.500000000000000        8.7500000000000000        7.3396281618903622E-003  -2.7497583500588420E-002
   4.3750000000000000        7.0000000000000000        3.0766715419239085E-003  -2.2159534000016315E-002
   5.2500000000000000        7.0000000000000000        3.6884033230838434E-003  -2.2140465094059071E-002
   6.1250000000000000        7.0000000000000000        4.2982665613349562E-003  -2.2118804444344019E-002
   14.875000000000000        10.500000000000000        1.0315310396976470E-002  -3.2812434733230283E-002
   17.500000000000000        12.250000000000000        1.2065012695597694E-002  -3.8200487338999251E-002
   7.0000000000000000        7.0000000000000000        4.9060492895872249E-003  -2.2095153387950962E-002
   12.250000000000000        8.7500000000000000        8.5284397917612942E-003  -2.7430272492295672E-002
   7.8750000000000000        7.0000000000000000        5.5115447908719323E-003  -2.2069914834053145E-002
   15.750000000000000        10.500000000000000        1.0897259711457975E-002  -3.2791869749144442E-002
   8.7500000000000000        7.0000000000000000        6.1146532408492670E-003  -2.2043809742689040E-002
   16.625000000000000        10.500000000000000        1.1477932884968704E-002  -3.2780980609034303E-002
   9.6250000000000000        7.0000000000000000        6.7152489573004412E-003  -2.2017371022864177E-002
   14.000000000000000        8.7500000000000000        9.7068615430127778E-003  -2.7376395115883467E-002
   0.0000000000000000        5.2500000000000000        0.0000000000000000       -1.6639266250403982E-002
   1.7500000000000000        5.2500000000000000        1.2278547691243376E-003  -1.6633856243570128E-002
   10.500000000000000        7.0000000000000000        7.3133741548944281E-003  -2.1991402998999196E-002
   3.5000000000000000        5.2500000000000000        2.4532459849884100E-003  -1.6618067916547262E-002
   17.500000000000000        10.500000000000000        1.2058311487849100E-002  -3.2780623596211388E-002
   5.2500000000000000        5.2500000000000000        3.6738832604150330E-003  -1.6593220870187459E-002
   11.375000000000000        7.0000000000000000        7.9090128948840002E-003  -2.1966549492258389E-002
   7.0000000000000000        5.2500000000000000        4.8878617058350053E-003  -1.6561475969706172E-002
   12.250000000000000        7.0000000000000000        8.5023717435941722E-003  -2.1943644812260417E-002
   15.750000000000000        8.7500000000000000        1.0877678508743875E-002  -2.7344301331404100E-002
   13.125000000000000        7.0000000000000000        9.0935721830068209E-003  -2.1923413730636949E-002
   8.7500000000000000        5.2500000000000000        6.0938456573401386E-003  -1.6525776670833964E-002
   14.000000000000000        7.0000000000000000        9.6829983962140806E-003  -2.1906640496275141E-002
   0.0000000000000000        3.5000000000000000        0.0000000000000000       -1.1085676951357386E-002
  0.87500000000000000        3.5000000000000000        6.1210197583049907E-004  -1.1084786374146971E-002
   10.500000000000000        5.2500000000000000        7.2912579468206035E-003  -1.6489731023277557E-002
   17.500000000000000        8.7500000000000000        1.2045339659417219E-002  -2.7341461553708330E-002
   1.7500000000000000        3.5000000000000000        1.2238995769636677E-003  -1.1082218770881431E-002
   2.6250000000000000        3.5000000000000000        1.8351368295576426E-003  -1.1077961025533142E-002
   3.5000000000000000        3.5000000000000000        2.4455310707142187E-003  -1.1072170748506036E-002
   14.875000000000000        7.0000000000000000        1.0270947459346652E-002  -2.1894071123532529E-002
   4.3750000000000000        3.5000000000000000        3.0548241028021646E-003  -1.1064904519664270E-002
   5.2500000000000000        3.5000000000000000        3.6628062574372219E-003  -1.1056393719898572E-002
   6.1250000000000000        3.5000000000000000        4.2692486446213691E-003  -1.1046766243334005E-002
   15.750000000000000        7.0000000000000000        1.0857956802163652E-002  -2.1886347614472914E-002
   12.250000000000000        5.2500000000000000        8.4804491485270771E-003  -1.6457422288849877E-002
   7.0000000000000000        3.5000000000000000        4.8740286124610357E-003  -1.1036314132998225E-002
   7.8750000000000000        3.5000000000000000        5.4769732302187820E-003  -1.1025231787460885E-002
   16.625000000000000        7.0000000000000000        1.1444577492103701E-002  -2.1884226729069322E-002
   8.7500000000000000        3.5000000000000000        6.0780659132213307E-003  -1.1013858822244378E-002
   14.000000000000000        5.2500000000000000        9.6628247721670564E-003  -1.6433122838438282E-002
   9.6250000000000000        3.5000000000000000        6.6772125885761410E-003  -1.1002449486614593E-002
   17.500000000000000        7.0000000000000000        1.2031399913594663E-002  -2.1888025801087875E-002
   10.500000000000000        3.5000000000000000        7.2745178760308150E-003  -1.0991369048101858E-002
   0.0000000000000000        1.7500000000000000        0.0000000000000000       -5.5406725955262706E-003
   1.7500000000000000        1.7500000000000000        1.2214595450338803E-003  -5.5389973673633814E-003
   3.5000000000000000        1.7500000000000000        2.4407782196385120E-003  -5.5341173276158111E-003
   11.375000000000000        3.5000000000000000        7.8699863966080197E-003  -1.0980920296002925E-002
   15.750000000000000        5.2500000000000000        1.0840883864358809E-002  -1.6420917547318198E-002
   5.2500000000000000        1.7500000000000000        3.6559969095993072E-003  -5.5264678408095238E-003
   12.250000000000000        3.5000000000000000        8.4638508133041829E-003  -1.0971463739687593E-002
   7.0000000000000000        1.7500000000000000        4.8655459995988262E-003  -5.5167560202491334E-003
   13.125000000000000        3.5000000000000000        9.0562285289105850E-003  -1.0963334961491803E-002
   8.7500000000000000        1.7500000000000000        6.0684138440595461E-003  -5.5059343904678894E-003
   14.000000000000000        3.5000000000000000        9.6474748574470175E-003  -1.0956849096426302E-002
   17.500000000000000        5.2500000000000000        1.2018108693276077E-002  -1.6424198178490793E-002
   14.875000000000000        3.5000000000000000        1.0237834648654279E-002  -1.0952346896638461E-002
   10.500000000000000        1.7500000000000000        7.2642994308947367E-003  -5.4951536268857933E-003
   0.0000000000000000        0.0000000000000000        0.0000000000000000        0.0000000000000000     
  0.87500000000000000        0.0000000000000000        6.1044854717860070E-004   0.0000000000000000     
   1.7500000000000000        0.0000000000000000        1.2206163414552279E-003   0.0000000000000000     
   2.6250000000000000        0.0000000000000000        1.8302636233914083E-003   0.0000000000000000     
   3.5000000000000000        0.0000000000000000        2.4391354340893663E-003   0.0000000000000000     
   15.750000000000000        3.5000000000000000        1.0827756702974006E-002  -1.0950056877794183E-002
   4.3750000000000000        0.0000000000000000        3.0469887328637766E-003   0.0000000000000000     
   5.2500000000000000        0.0000000000000000        3.6536426080152210E-003   0.0000000000000000     
   12.250000000000000        1.7500000000000000        8.4537255529297979E-003  -5.4856923575653457E-003
   6.1250000000000000        0.0000000000000000        4.2588822219042314E-003   0.0000000000000000     
   16.625000000000000        3.5000000000000000        1.1417658922523072E-002  -1.0950303266443567E-002
   7.0000000000000000        0.0000000000000000        4.8626133166426635E-003   0.0000000000000000     
   7.8750000000000000        0.0000000000000000        5.4646755051976376E-003   0.0000000000000000     
   17.500000000000000        3.5000000000000000        1.2007994106380794E-002  -1.0953166077596912E-002
   8.7500000000000000        0.0000000000000000        6.0650768317611591E-003   0.0000000000000000     
   14.000000000000000        1.7500000000000000        9.6380933096745485E-003  -5.4788589278215285E-003
   9.6250000000000000        0.0000000000000000        6.6637334583783637E-003   0.0000000000000000     
   10.500000000000000        0.0000000000000000        7.2607655764532677E-003   0.0000000000000000     
   15.750000000000000        1.7500000000000000        1.0819648194848262E-002  -5.4758655686186252E-003
   11.375000000000000        0.0000000000000000        7.8561841909905849E-003   0.0000000000000000     
   12.250000000000000        0.0000000000000000        8.4502219686307754E-003   0.0000000000000000     
   13.125000000000000        0.0000000000000000        9.0429967800713888E-003   0.0000000000000000     
   17.500000000000000        1.7500000000000000        1.2001307553884710E-002  -5.4776669759054285E-003
   14.000000000000000        0.0000000000000000        9.6348426270884031E-003   0.0000000000000000     
   14.875000000000000        0.0000000000000000        1.0225992655516122E-002   0.0000000000000000     
   15.750000000000000        0.0000000000000000        1.0816850776692644E-002   0.0000000000000000     
   16.625000000000000        0.0000000000000000        1.1407801600468863E-002   0.0000000000000000     
   17.500000000000000        0.0000000000000000        1.1999230878903949E-002   0.0000000000000000     
