   0.0000000000000000        35.000000000000000        0.0000000000000000      -0.17422222222222314     
  0.87500000000000000        35.000000000000000       -4.3555555555554095E-003 -0.17422222222222303     
   0.0000000000000000        33.250000000000000        0.0000000000000000      -0.16551111111111177     
   1.7500000000000000        35.000000000000000       -8.7111111111107930E-003 -0.17422222222222303     
   1.7500000000000000        33.250000000000000       -8.7111111111109023E-003 -0.16551111111111177     
   2.6250000000000000        35.000000000000000       -1.3066666666666253E-002 -0.17422222222222303     
   0.0000000000000000        31.500000000000000        0.0000000000000000      -0.15680000000000047     
   3.5000000000000000        35.000000000000000       -1.7422222222221690E-002 -0.17422222222222311     
  0.87500000000000000        31.500000000000000       -4.3555555555554468E-003 -0.15680000000000047     
   3.5000000000000000        33.250000000000000       -1.7422222222221860E-002 -0.16551111111111180     
   1.7500000000000000        31.500000000000000       -8.7111111111109300E-003 -0.15680000000000052     
   2.6250000000000000        31.500000000000000       -1.3066666666666369E-002 -0.15680000000000052     
   4.3750000000000000        35.000000000000000       -2.1777777777777084E-002 -0.17422222222222311     
   3.5000000000000000        31.500000000000000       -1.7422222222221860E-002 -0.15680000000000052     
   0.0000000000000000        29.750000000000000        0.0000000000000000      -0.14808888888888919     
   5.2500000000000000        35.000000000000000       -2.6133333333332506E-002 -0.17422222222222314     
   1.7500000000000000        29.750000000000000       -8.7111111111109387E-003 -0.14808888888888921     
   5.2500000000000000        33.250000000000000       -2.6133333333332846E-002 -0.16551111111111186     
   4.3750000000000000        31.500000000000000       -2.1777777777777292E-002 -0.15680000000000055     
   6.1250000000000000        35.000000000000000       -3.0488888888888108E-002 -0.17422222222222322     
   3.5000000000000000        29.750000000000000       -1.7422222222221912E-002 -0.14808888888888935     
   5.2500000000000000        31.500000000000000       -2.6133333333332745E-002 -0.15680000000000063     
   0.0000000000000000        28.000000000000000        0.0000000000000000      -0.13937777777777799     
   7.0000000000000000        35.000000000000000       -3.4844444444443609E-002 -0.17422222222222331     
   6.1250000000000000        31.500000000000000       -3.0488888888888330E-002 -0.15680000000000066     
  0.87500000000000000        28.000000000000000       -4.3555555555555327E-003 -0.13937777777777802     
   7.0000000000000000        33.250000000000000       -3.4844444444443755E-002 -0.16551111111111200     
   1.7500000000000000        28.000000000000000       -8.7111111111110150E-003 -0.13937777777777843     
   5.2500000000000000        29.750000000000000       -2.6133333333332905E-002 -0.14808888888888974     
   2.6250000000000000        28.000000000000000       -1.3066666666666482E-002 -0.13937777777777843     
   7.0000000000000000        31.500000000000000       -3.4844444444443762E-002 -0.15680000000000066     
   3.5000000000000000        28.000000000000000       -1.7422222222221999E-002 -0.13937777777777846     
   7.8750000000000000        35.000000000000000       -3.9199999999999187E-002 -0.17422222222222331     
   4.3750000000000000        28.000000000000000       -2.1777777777777455E-002 -0.13937777777777857     
   7.8750000000000000        31.500000000000000       -3.9199999999999235E-002 -0.15680000000000105     
   8.7500000000000000        35.000000000000000       -4.3555555555554577E-002 -0.17422222222222322     
   0.0000000000000000        26.250000000000000        0.0000000000000000      -0.13066666666666732     
   7.0000000000000000        29.750000000000000       -3.4844444444443859E-002 -0.14808888888888974     
   5.2500000000000000        28.000000000000000       -2.6133333333332915E-002 -0.13937777777777860     
   8.7500000000000000        33.250000000000000       -4.3555555555554779E-002 -0.16551111111111200     
   1.7500000000000000        26.250000000000000       -8.7111111111110150E-003 -0.13066666666666729     
   6.1250000000000000        28.000000000000000       -3.0488888888888555E-002 -0.13937777777777857     
   8.7500000000000000        31.500000000000000       -4.3555555555554758E-002 -0.15680000000000108     
   3.5000000000000000        26.250000000000000       -1.7422222222222013E-002 -0.13066666666666732     
   9.6250000000000000        35.000000000000000       -4.7911111111110113E-002 -0.17422222222222331     
   7.0000000000000000        28.000000000000000       -3.4844444444444164E-002 -0.13937777777777846     
   8.7500000000000000        29.750000000000000       -4.3555555555554910E-002 -0.14808888888889019     
   5.2500000000000000        26.250000000000000       -2.6133333333332964E-002 -0.13066666666666743     
   9.6250000000000000        31.500000000000000       -4.7911111111110245E-002 -0.15680000000000119     
   10.500000000000000        35.000000000000000       -5.2266666666665670E-002 -0.17422222222222333     
   0.0000000000000000        24.500000000000000        0.0000000000000000      -0.12195555555555621     
   7.8750000000000000        28.000000000000000       -3.9199999999999666E-002 -0.13937777777777860     
  0.87500000000000000        24.500000000000000       -4.3555555555554997E-003 -0.12195555555555605     
   1.7500000000000000        24.500000000000000       -8.7111111111110046E-003 -0.12195555555555605     
   10.500000000000000        33.250000000000000       -5.2266666666665802E-002 -0.16551111111111247     
   2.6250000000000000        24.500000000000000       -1.3066666666666480E-002 -0.12195555555555605     
   3.5000000000000000        24.500000000000000       -1.7422222222221985E-002 -0.12195555555555605     
   10.500000000000000        31.500000000000000       -5.2266666666665788E-002 -0.15680000000000158     
   8.7500000000000000        28.000000000000000       -4.3555555555555056E-002 -0.13937777777777885     
   7.0000000000000000        26.250000000000000       -3.4844444444444019E-002 -0.13066666666666743     
   11.375000000000000        35.000000000000000       -5.6622222222221144E-002 -0.17422222222222375     
   4.3750000000000000        24.500000000000000       -2.1777777777777455E-002 -0.12195555555555605     
   10.500000000000000        29.750000000000000       -5.2266666666665899E-002 -0.14808888888889021     
   5.2500000000000000        24.500000000000000       -2.6133333333332915E-002 -0.12195555555555605     
   11.375000000000000        31.500000000000000       -5.6622222222221429E-002 -0.15680000000000160     
   9.6250000000000000        28.000000000000000       -4.7911111111110571E-002 -0.13937777777777885     
   6.1250000000000000        24.500000000000000       -3.0488888888888521E-002 -0.12195555555555609     
   0.0000000000000000        22.750000000000000        0.0000000000000000      -0.11324444444444476     
   12.250000000000000        35.000000000000000       -6.0977777777776777E-002 -0.17422222222222375     
   12.250000000000000        33.250000000000000       -6.0977777777777048E-002 -0.16551111111111297     
   1.7500000000000000        22.750000000000000       -8.7111111111110046E-003 -0.11324444444444490     
   8.7500000000000000        26.250000000000000       -4.3555555555555049E-002 -0.13066666666666762     
   7.0000000000000000        24.500000000000000       -3.4844444444444019E-002 -0.12195555555555609     
   10.500000000000000        28.000000000000000       -5.2266666666666108E-002 -0.13937777777777885     
   3.5000000000000000        22.750000000000000       -1.7422222222222013E-002 -0.11324444444444490     
   12.250000000000000        31.500000000000000       -6.0977777777777041E-002 -0.15680000000000172     
   7.8750000000000000        24.500000000000000       -3.9199999999999541E-002 -0.12195555555555625     
   13.125000000000000        35.000000000000000       -6.5333333333332688E-002 -0.17422222222222378     
   5.2500000000000000        22.750000000000000       -2.6133333333333054E-002 -0.11324444444444494     
   12.250000000000000        29.750000000000000       -6.0977777777777041E-002 -0.14808888888889035     
   11.375000000000000        28.000000000000000       -5.6622222222221491E-002 -0.13937777777777896     
   13.125000000000000        31.500000000000000       -6.5333333333332452E-002 -0.15680000000000208     
   10.500000000000000        26.250000000000000       -5.2266666666666114E-002 -0.13066666666666760     
   8.7500000000000000        24.500000000000000       -4.3555555555555021E-002 -0.12195555555555671     
   0.0000000000000000        21.000000000000000        0.0000000000000000      -0.10453333333333342     
   14.000000000000000        35.000000000000000       -6.9688888888888398E-002 -0.17422222222222375     
  0.87500000000000000        21.000000000000000       -4.3555555555555066E-003 -0.10453333333333362     
   14.000000000000000        33.250000000000000       -6.9688888888888106E-002 -0.16551111111111294     
   7.0000000000000000        22.750000000000000       -3.4844444444444019E-002 -0.11324444444444536     
   12.250000000000000        28.000000000000000       -6.0977777777777048E-002 -0.13937777777777899     
   1.7500000000000000        21.000000000000000       -8.7111111111110133E-003 -0.10453333333333399     
   9.6250000000000000        24.500000000000000       -4.7911111111110537E-002 -0.12195555555555671     
   2.6250000000000000        21.000000000000000       -1.3066666666666551E-002 -0.10453333333333399     
   14.000000000000000        31.500000000000000       -6.9688888888888051E-002 -0.15680000000000172     
   3.5000000000000000        21.000000000000000       -1.7422222222222030E-002 -0.10453333333333401     
   4.3750000000000000        21.000000000000000       -2.1777777777777525E-002 -0.10453333333333401     
   10.500000000000000        24.500000000000000       -5.2266666666665899E-002 -0.12195555555555626     
   13.125000000000000        28.000000000000000       -6.5333333333332383E-002 -0.13937777777777899     
   14.875000000000000        35.000000000000000       -7.4044444444443983E-002 -0.17422222222222367     
   14.000000000000000        29.750000000000000       -6.9688888888887995E-002 -0.14808888888889074     
   5.2500000000000000        21.000000000000000       -2.6133333333333057E-002 -0.10453333333333401     
   8.7500000000000000        22.750000000000000       -4.3555555555554938E-002 -0.11324444444444536     
   12.250000000000000        26.250000000000000       -6.0977777777777027E-002 -0.13066666666666760     
   6.1250000000000000        21.000000000000000       -3.0488888888888562E-002 -0.10453333333333405     
   14.875000000000000        31.500000000000000       -7.4044444444443705E-002 -0.15680000000000169     
   11.375000000000000        24.500000000000000       -5.6622222222221456E-002 -0.12195555555555625     
   14.000000000000000        28.000000000000000       -6.9688888888887995E-002 -0.13937777777777899     
   7.0000000000000000        21.000000000000000       -3.4844444444444025E-002 -0.10453333333333405     
   0.0000000000000000        19.250000000000000        0.0000000000000000       -9.5822222222222683E-002
   15.750000000000000        35.000000000000000       -7.8399999999999373E-002 -0.17422222222222364     
   15.750000000000000        33.250000000000000       -7.8399999999999345E-002 -0.16551111111111247     
   1.7500000000000000        19.250000000000000       -8.7111111111110150E-003  -9.5822222222222850E-002
   7.8750000000000000        21.000000000000000       -3.9199999999999513E-002 -0.10453333333333405     
   3.5000000000000000        19.250000000000000       -1.7422222222222030E-002  -9.5822222222222697E-002
   10.500000000000000        22.750000000000000       -5.2266666666665830E-002 -0.11324444444444536     
   15.750000000000000        31.500000000000000       -7.8399999999999359E-002 -0.15680000000000160     
   12.250000000000000        24.500000000000000       -6.0977777777776798E-002 -0.12195555555555626     
   14.875000000000000        28.000000000000000       -7.4044444444443330E-002 -0.13937777777777899     
   14.000000000000000        26.250000000000000       -6.9688888888887995E-002 -0.13066666666666762     
   8.7500000000000000        21.000000000000000       -4.3555555555554917E-002 -0.10453333333333405     
   15.750000000000000        29.750000000000000       -7.8399999999999026E-002 -0.14808888888889032     
   5.2500000000000000        19.250000000000000       -2.6133333333333102E-002  -9.5822222222222864E-002
   16.625000000000000        35.000000000000000       -8.2755555555554944E-002 -0.17422222222222333     
   13.125000000000000        24.500000000000000       -6.5333333333332369E-002 -0.12195555555555671     
   9.6250000000000000        21.000000000000000       -4.7911111111110433E-002 -0.10453333333333405     
   16.625000000000000        31.500000000000000       -8.2755555555554944E-002 -0.15680000000000158     
   7.0000000000000000        19.250000000000000       -3.4844444444444019E-002  -9.5822222222222850E-002
   15.750000000000000        28.000000000000000       -7.8399999999998748E-002 -0.13937777777777899     
   12.250000000000000        22.750000000000000       -6.0977777777776777E-002 -0.11324444444444536     
   14.000000000000000        24.500000000000000       -6.9688888888887940E-002 -0.12195555555555626     
   17.500000000000000        35.000000000000000       -8.7111111111110112E-002 -0.17422222222222364     
   0.0000000000000000        17.500000000000000        0.0000000000000000       -8.7111111111111555E-002
   10.500000000000000        21.000000000000000       -5.2266666666665802E-002 -0.10453333333333401     
  0.87500000000000000        17.500000000000000       -4.3555555555555214E-003  -8.7111111111111569E-002
   1.7500000000000000        17.500000000000000       -8.7111111111110133E-003  -8.7111111111111597E-002
   17.500000000000000        33.250000000000000       -8.7111111111110626E-002 -0.16551111111111239     
   2.6250000000000000        17.500000000000000       -1.3066666666666551E-002  -8.7111111111111597E-002
   17.500000000000000        31.500000000000000       -8.7111111111110445E-002 -0.15680000000000119     
   3.5000000000000000        17.500000000000000       -1.7422222222222030E-002  -8.7111111111111597E-002
   8.7500000000000000        19.250000000000000       -4.3555555555554938E-002  -9.5822222222222850E-002
   15.750000000000000        26.250000000000000       -7.8399999999999012E-002 -0.13066666666666762     
   4.3750000000000000        17.500000000000000       -2.1777777777777528E-002  -8.7111111111111597E-002
   11.375000000000000        21.000000000000000       -5.6622222222221366E-002 -0.10453333333333405     
   16.625000000000000        28.000000000000000       -8.2755555555554222E-002 -0.13937777777777899     
   14.875000000000000        24.500000000000000       -7.4044444444443316E-002 -0.12195555555555671     
   17.500000000000000        29.750000000000000       -8.7111111111110098E-002 -0.14808888888889019     
   5.2500000000000000        17.500000000000000       -2.6133333333333057E-002  -8.7111111111111597E-002
   6.1250000000000000        17.500000000000000       -3.0488888888888562E-002  -8.7111111111111597E-002
   14.000000000000000        22.750000000000000       -6.9688888888887926E-002 -0.11324444444444536     
   12.250000000000000        21.000000000000000       -6.0977777777776708E-002 -0.10453333333333419     
   7.0000000000000000        17.500000000000000       -3.4844444444444053E-002  -8.7111111111111569E-002
   17.500000000000000        28.000000000000000       -8.7111111111109876E-002 -0.13937777777777896     
   10.500000000000000        19.250000000000000       -5.2266666666665823E-002  -9.5822222222222850E-002
   15.750000000000000        24.500000000000000       -7.8399999999998748E-002 -0.12195555555555675     
   7.8750000000000000        17.500000000000000       -3.9199999999999513E-002  -8.7111111111111555E-002
   13.125000000000000        21.000000000000000       -6.5333333333332272E-002 -0.10453333333333419     
   0.0000000000000000        15.750000000000000        0.0000000000000000       -7.8400000000000539E-002
   1.7500000000000000        15.750000000000000       -8.7111111111110046E-003  -7.8400000000000525E-002
   3.5000000000000000        15.750000000000000       -1.7422222222222006E-002  -7.8400000000000525E-002
   17.500000000000000        26.250000000000000       -8.7111111111110043E-002 -0.13066666666666804     
   8.7500000000000000        17.500000000000000       -4.3555555555554945E-002  -8.7111111111111514E-002
   16.625000000000000        24.500000000000000       -8.2755555555554389E-002 -0.12195555555555671     
   14.000000000000000        21.000000000000000       -6.9688888888887648E-002 -0.10453333333333420     
   12.250000000000000        19.250000000000000       -6.0977777777776770E-002  -9.5822222222222891E-002
   15.750000000000000        22.750000000000000       -7.8399999999998818E-002 -0.11324444444444554     
   5.2500000000000000        15.750000000000000       -2.6133333333332960E-002  -7.8400000000000525E-002
   9.6250000000000000        17.500000000000000       -4.7911111111110537E-002  -8.7111111111111555E-002
   17.500000000000000        24.500000000000000       -8.7111111111109876E-002 -0.12195555555555671     
   10.500000000000000        17.500000000000000       -5.2266666666665830E-002  -8.7111111111111555E-002
   14.875000000000000        21.000000000000000       -7.4044444444443178E-002 -0.10453333333333423     
   7.0000000000000000        15.750000000000000       -3.4844444444443998E-002  -7.8400000000000331E-002
   11.375000000000000        17.500000000000000       -5.6622222222221436E-002  -8.7111111111111569E-002
   0.0000000000000000        14.000000000000000        0.0000000000000000       -6.9688888888889494E-002
  0.87500000000000000        14.000000000000000       -4.3555555555555006E-003  -6.9688888888889411E-002
   14.000000000000000        19.250000000000000       -6.9688888888887718E-002  -9.5822222222222905E-002
   1.7500000000000000        14.000000000000000       -8.7111111111110029E-003  -6.9688888888889411E-002
   15.750000000000000        21.000000000000000       -7.8399999999998568E-002 -0.10453333333333420     
   8.7500000000000000        15.750000000000000       -4.3555555555554938E-002  -7.8400000000000275E-002
   2.6250000000000000        14.000000000000000       -1.3066666666666482E-002  -6.9688888888889411E-002
   3.5000000000000000        14.000000000000000       -1.7422222222221999E-002  -6.9688888888889411E-002
   12.250000000000000        17.500000000000000       -6.0977777777776777E-002  -8.7111111111111611E-002
   17.500000000000000        22.750000000000000       -8.7111111111109890E-002 -0.11324444444444540     
   4.3750000000000000        14.000000000000000       -2.1777777777777455E-002  -6.9688888888889300E-002
   5.2500000000000000        14.000000000000000       -2.6133333333332915E-002  -6.9688888888889411E-002
   16.625000000000000        21.000000000000000       -8.2755555555554153E-002 -0.10453333333333424     
   6.1250000000000000        14.000000000000000       -3.0488888888888385E-002  -6.9688888888889300E-002
   13.125000000000000        17.500000000000000       -6.5333333333332369E-002  -8.7111111111111653E-002
   10.500000000000000        15.750000000000000       -5.2266666666665927E-002  -7.8400000000000275E-002
   7.0000000000000000        14.000000000000000       -3.4844444444443859E-002  -6.9688888888889286E-002
   15.750000000000000        19.250000000000000       -7.8399999999998804E-002  -9.5822222222222933E-002
   17.500000000000000        21.000000000000000       -8.7111111111109779E-002 -0.10453333333333424     
   14.000000000000000        17.500000000000000       -6.9688888888887995E-002  -8.7111111111111653E-002
   7.8750000000000000        14.000000000000000       -3.9199999999999374E-002  -6.9688888888889286E-002
   0.0000000000000000        12.250000000000000        0.0000000000000000       -6.0977777777778353E-002
   8.7500000000000000        14.000000000000000       -4.3555555555554890E-002  -6.9688888888889300E-002
   12.250000000000000        15.750000000000000       -6.0977777777777124E-002  -7.8400000000000525E-002
   1.7500000000000000        12.250000000000000       -8.7111111111109647E-003  -6.0977777777778353E-002
   14.875000000000000        17.500000000000000       -7.4044444444443400E-002  -8.7111111111111653E-002
   3.5000000000000000        12.250000000000000       -1.7422222222221985E-002  -6.0977777777778110E-002
   9.6250000000000000        14.000000000000000       -4.7911111111110537E-002  -6.9688888888889286E-002
   5.2500000000000000        12.250000000000000       -2.6133333333332950E-002  -6.0977777777778110E-002
   10.500000000000000        14.000000000000000       -5.2266666666666108E-002  -6.9688888888889286E-002
   15.750000000000000        17.500000000000000       -7.8399999999999012E-002  -8.7111111111111666E-002
   17.500000000000000        19.250000000000000       -8.7111111111109890E-002  -9.5822222222222975E-002
   7.0000000000000000        12.250000000000000       -3.4844444444443998E-002  -6.0977777777778103E-002
   14.000000000000000        15.750000000000000       -6.9688888888888037E-002  -7.8400000000000539E-002
   11.375000000000000        14.000000000000000       -5.6622222222221581E-002  -6.9688888888889328E-002
   16.625000000000000        17.500000000000000       -8.2755555555554403E-002  -8.7111111111111666E-002
   12.250000000000000        14.000000000000000       -6.0977777777777215E-002  -6.9688888888889411E-002
   8.7500000000000000        12.250000000000000       -4.3555555555554945E-002  -6.0977777777778110E-002
   0.0000000000000000        10.500000000000000        0.0000000000000000       -5.2266666666667023E-002
  0.87500000000000000        10.500000000000000       -4.3555555555554954E-003  -5.2266666666667023E-002
   1.7500000000000000        10.500000000000000       -8.7111111111109647E-003  -5.2266666666667023E-002
   2.6250000000000000        10.500000000000000       -1.3066666666666449E-002  -5.2266666666667093E-002
   3.5000000000000000        10.500000000000000       -1.7422222222221926E-002  -5.2266666666667023E-002
   17.500000000000000        17.500000000000000       -8.7111111111109821E-002  -8.7111111111111666E-002
   13.125000000000000        14.000000000000000       -6.5333333333332758E-002  -6.9688888888889300E-002
   15.750000000000000        15.750000000000000       -7.8399999999999082E-002  -7.8400000000000539E-002
   4.3750000000000000        10.500000000000000       -2.1777777777777448E-002  -5.2266666666667093E-002
   5.2500000000000000        10.500000000000000       -2.6133333333332915E-002  -5.2266666666667093E-002
   10.500000000000000        12.250000000000000       -5.2266666666666114E-002  -6.0977777777778124E-002
   14.000000000000000        14.000000000000000       -6.9688888888888120E-002  -6.9688888888889300E-002
   6.1250000000000000        10.500000000000000       -3.0488888888888510E-002  -5.2266666666667093E-002
   7.0000000000000000        10.500000000000000       -3.4844444444444005E-002  -5.2266666666667023E-002
   14.875000000000000        14.000000000000000       -7.4044444444443705E-002  -6.9688888888889300E-002
   7.8750000000000000        10.500000000000000       -3.9199999999999506E-002  -5.2266666666667093E-002
   12.250000000000000        12.250000000000000       -6.0977777777777138E-002  -6.0977777777778124E-002
   17.500000000000000        15.750000000000000       -8.7111111111110112E-002  -7.8400000000000594E-002
   8.7500000000000000        10.500000000000000       -4.3555555555554917E-002  -5.2266666666667093E-002
   15.750000000000000        14.000000000000000       -7.8399999999999331E-002  -6.9688888888889300E-002
   0.0000000000000000        8.7500000000000000        0.0000000000000000       -4.3555555555555799E-002
   1.7500000000000000        8.7500000000000000       -8.7111111111109925E-003  -4.3555555555555799E-002
   9.6250000000000000        10.500000000000000       -4.7911111111110537E-002  -5.2266666666667100E-002
   3.5000000000000000        8.7500000000000000       -1.7422222222222002E-002  -4.3555555555555826E-002
   10.500000000000000        10.500000000000000       -5.2266666666665927E-002  -5.2266666666667093E-002
   14.000000000000000        12.250000000000000       -6.9688888888888106E-002  -6.0977777777778103E-002
   5.2500000000000000        8.7500000000000000       -2.6133333333332964E-002  -4.3555555555555833E-002
   16.625000000000000        14.000000000000000       -8.2755555555554944E-002  -6.9688888888889300E-002
   11.375000000000000        10.500000000000000       -5.6622222222221491E-002  -5.2266666666667093E-002
   7.0000000000000000        8.7500000000000000       -3.4844444444444005E-002  -4.3555555555555910E-002
   17.500000000000000        14.000000000000000       -8.7111111111110445E-002  -6.9688888888889411E-002
   12.250000000000000        10.500000000000000       -6.0977777777777124E-002  -5.2266666666667093E-002
   15.750000000000000        12.250000000000000       -7.8399999999999345E-002  -6.0977777777778047E-002
   8.7500000000000000        8.7500000000000000       -4.3555555555554945E-002  -4.3555555555555833E-002
   13.125000000000000        10.500000000000000       -6.5333333333332674E-002  -5.2266666666667093E-002
   0.0000000000000000        7.0000000000000000        0.0000000000000000       -3.4844444444444615E-002
  0.87500000000000000        7.0000000000000000       -4.3555555555555205E-003  -3.4844444444444650E-002
   1.7500000000000000        7.0000000000000000       -8.7111111111110428E-003  -3.4844444444444705E-002
   2.6250000000000000        7.0000000000000000       -1.3066666666666534E-002  -3.4844444444444664E-002
   3.5000000000000000        7.0000000000000000       -1.7422222222222009E-002  -3.4844444444444705E-002
   14.000000000000000        10.500000000000000       -6.9688888888888051E-002  -5.2266666666667093E-002
   10.500000000000000        8.7500000000000000       -5.2266666666666101E-002  -4.3555555555555833E-002
   4.3750000000000000        7.0000000000000000       -2.1777777777777514E-002  -3.4844444444444712E-002
   5.2500000000000000        7.0000000000000000       -2.6133333333333068E-002  -3.4844444444444740E-002
   6.1250000000000000        7.0000000000000000       -3.0488888888888562E-002  -3.4844444444444747E-002
   14.875000000000000        10.500000000000000       -7.4044444444443691E-002  -5.2266666666667093E-002
   17.500000000000000        12.250000000000000       -8.7111111111110459E-002  -6.0977777777778103E-002
   7.0000000000000000        7.0000000000000000       -3.4844444444444025E-002  -3.4844444444444747E-002
   12.250000000000000        8.7500000000000000       -6.0977777777777048E-002  -4.3555555555555833E-002
   7.8750000000000000        7.0000000000000000       -3.9199999999999513E-002  -3.4844444444444740E-002
   15.750000000000000        10.500000000000000       -7.8399999999999331E-002  -5.2266666666667023E-002
   8.7500000000000000        7.0000000000000000       -4.3555555555554938E-002  -3.4844444444444712E-002
   16.625000000000000        10.500000000000000       -8.2755555555554999E-002  -5.2266666666667023E-002
   9.6250000000000000        7.0000000000000000       -4.7911111111110558E-002  -3.4844444444444705E-002
   14.000000000000000        8.7500000000000000       -6.9688888888888037E-002  -4.3555555555555833E-002
   0.0000000000000000        5.2500000000000000        0.0000000000000000       -2.6133333333333546E-002
   1.7500000000000000        5.2500000000000000       -8.7111111111110012E-003  -2.6133333333333560E-002
   10.500000000000000        7.0000000000000000       -5.2266666666666108E-002  -3.4844444444444712E-002
   3.5000000000000000        5.2500000000000000       -1.7422222222222006E-002  -2.6133333333333560E-002
   17.500000000000000        10.500000000000000       -8.7111111111110626E-002  -5.2266666666666996E-002
   5.2500000000000000        5.2500000000000000       -2.6133333333332964E-002  -2.6133333333333567E-002
   11.375000000000000        7.0000000000000000       -5.6622222222221470E-002  -3.4844444444444712E-002
   7.0000000000000000        5.2500000000000000       -3.4844444444444012E-002  -2.6133333333333567E-002
   12.250000000000000        7.0000000000000000       -6.0977777777777027E-002  -3.4844444444444712E-002
   15.750000000000000        8.7500000000000000       -7.8399999999999082E-002  -4.3555555555555833E-002
   13.125000000000000        7.0000000000000000       -6.5333333333332383E-002  -3.4844444444444705E-002
   8.7500000000000000        5.2500000000000000       -4.3555555555554945E-002  -2.6133333333333560E-002
   14.000000000000000        7.0000000000000000       -6.9688888888887940E-002  -3.4844444444444712E-002
   0.0000000000000000        3.5000000000000000        0.0000000000000000       -1.7422222222222353E-002
  0.87500000000000000        3.5000000000000000       -4.3555555555554962E-003  -1.7422222222222356E-002
   10.500000000000000        5.2500000000000000       -5.2266666666665927E-002  -2.6133333333333557E-002
   17.500000000000000        8.7500000000000000       -8.7111111111110390E-002  -4.3555555555555674E-002
   1.7500000000000000        3.5000000000000000       -8.7111111111109907E-003  -1.7422222222222356E-002
   2.6250000000000000        3.5000000000000000       -1.3066666666666451E-002  -1.7422222222222370E-002
   3.5000000000000000        3.5000000000000000       -1.7422222222221926E-002  -1.7422222222222370E-002
   14.875000000000000        7.0000000000000000       -7.4044444444443400E-002  -3.4844444444444705E-002
   4.3750000000000000        3.5000000000000000       -2.1777777777777445E-002  -1.7422222222222374E-002
   5.2500000000000000        3.5000000000000000       -2.6133333333332912E-002  -1.7422222222222426E-002
   6.1250000000000000        3.5000000000000000       -3.0488888888888510E-002  -1.7422222222222429E-002
   15.750000000000000        7.0000000000000000       -7.8399999999998832E-002  -3.4844444444444650E-002
   12.250000000000000        5.2500000000000000       -6.0977777777777041E-002  -2.6133333333333546E-002
   7.0000000000000000        3.5000000000000000       -3.4844444444444012E-002  -1.7422222222222429E-002
   7.8750000000000000        3.5000000000000000       -3.9199999999999506E-002  -1.7422222222222429E-002
   16.625000000000000        7.0000000000000000       -8.2755555555554389E-002  -3.4844444444444643E-002
   8.7500000000000000        3.5000000000000000       -4.3555555555554938E-002  -1.7422222222222426E-002
   14.000000000000000        5.2500000000000000       -6.9688888888888009E-002  -2.6133333333333501E-002
   9.6250000000000000        3.5000000000000000       -4.7911111111110564E-002  -1.7422222222222356E-002
   17.500000000000000        7.0000000000000000       -8.7111111111109876E-002  -3.4844444444444643E-002
   10.500000000000000        3.5000000000000000       -5.2266666666666114E-002  -1.7422222222222325E-002
   0.0000000000000000        1.7500000000000000        0.0000000000000000       -8.7111111111111764E-003
   1.7500000000000000        1.7500000000000000       -8.7111111111109907E-003  -8.7111111111111764E-003
   3.5000000000000000        1.7500000000000000       -1.7422222222221985E-002  -8.7111111111111781E-003
   11.375000000000000        3.5000000000000000       -5.6622222222221491E-002  -1.7422222222222325E-002
   15.750000000000000        5.2500000000000000       -7.8399999999999068E-002  -2.6133333333333404E-002
   5.2500000000000000        1.7500000000000000       -2.6133333333332915E-002  -8.7111111111112145E-003
   12.250000000000000        3.5000000000000000       -6.0977777777777048E-002  -1.7422222222222332E-002
   7.0000000000000000        1.7500000000000000       -3.4844444444443963E-002  -8.7111111111112284E-003
   13.125000000000000        3.5000000000000000       -6.5333333333332438E-002  -1.7422222222222308E-002
   8.7500000000000000        1.7500000000000000       -4.3555555555554896E-002  -8.7111111111112267E-003
   14.000000000000000        3.5000000000000000       -6.9688888888888009E-002  -1.7422222222222252E-002
   17.500000000000000        5.2500000000000000       -8.7111111111110098E-002  -2.6133333333333560E-002
   14.875000000000000        3.5000000000000000       -7.4044444444443608E-002  -1.7422222222222304E-002
   10.500000000000000        1.7500000000000000       -5.2266666666665830E-002  -8.7111111111111608E-003
   0.0000000000000000        0.0000000000000000        0.0000000000000000        0.0000000000000000     
  0.87500000000000000        0.0000000000000000       -4.3555555555554824E-003   0.0000000000000000     
   1.7500000000000000        0.0000000000000000       -8.7111111111109647E-003   0.0000000000000000     
   2.6250000000000000        0.0000000000000000       -1.3066666666666457E-002   0.0000000000000000     
   3.5000000000000000        0.0000000000000000       -1.7422222222221985E-002   0.0000000000000000     
   15.750000000000000        3.5000000000000000       -7.8399999999999276E-002  -1.7422222222222325E-002
   4.3750000000000000        0.0000000000000000       -2.1777777777777459E-002   0.0000000000000000     
   5.2500000000000000        0.0000000000000000       -2.6133333333332950E-002   0.0000000000000000     
   12.250000000000000        1.7500000000000000       -6.0977777777777027E-002  -8.7111111111111521E-003
   6.1250000000000000        0.0000000000000000       -3.0488888888888396E-002   0.0000000000000000     
   16.625000000000000        3.5000000000000000       -8.2755555555554944E-002  -1.7422222222222353E-002
   7.0000000000000000        0.0000000000000000       -3.4844444444443859E-002   0.0000000000000000     
   7.8750000000000000        0.0000000000000000       -3.9199999999999249E-002   0.0000000000000000     
   17.500000000000000        3.5000000000000000       -8.7111111111110612E-002  -1.7422222222222426E-002
   8.7500000000000000        0.0000000000000000       -4.3555555555554612E-002   0.0000000000000000     
   14.000000000000000        1.7500000000000000       -6.9688888888888037E-002  -8.7111111111111521E-003
   9.6250000000000000        0.0000000000000000       -4.7911111111110134E-002   0.0000000000000000     
   10.500000000000000        0.0000000000000000       -5.2266666666665761E-002   0.0000000000000000     
   15.750000000000000        1.7500000000000000       -7.8399999999999276E-002  -8.7111111111111764E-003
   11.375000000000000        0.0000000000000000       -5.6622222222221345E-002   0.0000000000000000     
   12.250000000000000        0.0000000000000000       -6.0977777777776715E-002   0.0000000000000000     
   13.125000000000000        0.0000000000000000       -6.5333333333332341E-002   0.0000000000000000     
   17.500000000000000        1.7500000000000000       -8.7111111111110390E-002  -8.7111111111111261E-003
   14.000000000000000        0.0000000000000000       -6.9688888888887940E-002   0.0000000000000000     
   14.875000000000000        0.0000000000000000       -7.4044444444443594E-002   0.0000000000000000     
   15.750000000000000        0.0000000000000000       -7.8399999999999026E-002   0.0000000000000000     
   16.625000000000000        0.0000000000000000       -8.2755555555554708E-002   0.0000000000000000     
   17.500000000000000        0.0000000000000000       -8.7111111111110459E-002   0.0000000000000000     
