   0.0000000000000000        35.000000000000000        0.0000000000000000      -0.22866666666666788     
  0.87500000000000000        35.000000000000000       -5.7166666666664690E-003 -0.22866666666666777     
   0.0000000000000000        33.250000000000000        0.0000000000000000      -0.21723333333333422     
   1.7500000000000000        35.000000000000000       -1.1433333333332912E-002 -0.22866666666666777     
   1.7500000000000000        33.250000000000000       -1.1433333333333056E-002 -0.21723333333333422     
   2.6250000000000000        35.000000000000000       -1.7149999999999461E-002 -0.22866666666666777     
   0.0000000000000000        31.500000000000000        0.0000000000000000      -0.20580000000000062     
   3.5000000000000000        35.000000000000000       -2.2866666666665997E-002 -0.22866666666666785     
  0.87500000000000000        31.500000000000000       -5.7166666666665237E-003 -0.20580000000000062     
   3.5000000000000000        33.250000000000000       -2.2866666666666167E-002 -0.21723333333333425     
   1.7500000000000000        31.500000000000000       -1.1433333333333084E-002 -0.20580000000000068     
   2.6250000000000000        31.500000000000000       -1.7149999999999600E-002 -0.20580000000000068     
   4.3750000000000000        35.000000000000000       -2.8583333333332399E-002 -0.22866666666666785     
   3.5000000000000000        31.500000000000000       -2.2866666666666167E-002 -0.20580000000000068     
   0.0000000000000000        29.750000000000000        0.0000000000000000      -0.19436666666666705     
   5.2500000000000000        35.000000000000000       -3.4299999999998922E-002 -0.22866666666666788     
   1.7500000000000000        29.750000000000000       -1.1433333333333092E-002 -0.19436666666666708     
   5.2500000000000000        33.250000000000000       -3.4299999999999352E-002 -0.21723333333333431     
   4.3750000000000000        31.500000000000000       -2.8583333333332676E-002 -0.20580000000000070     
   6.1250000000000000        35.000000000000000       -4.0016666666665583E-002 -0.22866666666666796     
   3.5000000000000000        29.750000000000000       -2.2866666666666289E-002 -0.19436666666666721     
   5.2500000000000000        31.500000000000000       -3.4299999999999206E-002 -0.20580000000000079     
   0.0000000000000000        28.000000000000000        0.0000000000000000      -0.18293333333333356     
   7.0000000000000000        35.000000000000000       -4.5733333333332224E-002 -0.22866666666666804     
   6.1250000000000000        31.500000000000000       -4.0016666666665937E-002 -0.20580000000000082     
  0.87500000000000000        28.000000000000000       -5.7166666666666442E-003 -0.18293333333333359     
   7.0000000000000000        33.250000000000000       -4.5733333333332370E-002 -0.21723333333333444     
   1.7500000000000000        28.000000000000000       -1.1433333333333203E-002 -0.18293333333333400     
   5.2500000000000000        29.750000000000000       -3.4299999999999463E-002 -0.19436666666666760     
   2.6250000000000000        28.000000000000000       -1.7149999999999759E-002 -0.18293333333333400     
   7.0000000000000000        31.500000000000000       -4.5733333333332377E-002 -0.20580000000000082     
   3.5000000000000000        28.000000000000000       -2.2866666666666376E-002 -0.18293333333333403     
   7.8750000000000000        35.000000000000000       -5.1449999999998948E-002 -0.22866666666666804     
   4.3750000000000000        28.000000000000000       -2.8583333333332909E-002 -0.18293333333333414     
   7.8750000000000000        31.500000000000000       -5.1449999999998997E-002 -0.20580000000000120     
   8.7500000000000000        35.000000000000000       -5.7166666666665346E-002 -0.22866666666666796     
   0.0000000000000000        26.250000000000000        0.0000000000000000      -0.17150000000000060     
   7.0000000000000000        29.750000000000000       -4.5733333333332613E-002 -0.19436666666666760     
   5.2500000000000000        28.000000000000000       -3.4299999999999470E-002 -0.18293333333333417     
   8.7500000000000000        33.250000000000000       -5.7166666666665686E-002 -0.21723333333333444     
   1.7500000000000000        26.250000000000000       -1.1433333333333203E-002 -0.17150000000000057     
   6.1250000000000000        28.000000000000000       -4.0016666666666166E-002 -0.18293333333333414     
   8.7500000000000000        31.500000000000000       -5.7166666666665665E-002 -0.20580000000000123     
   3.5000000000000000        26.250000000000000       -2.2866666666666390E-002 -0.17150000000000060     
   9.6250000000000000        35.000000000000000       -6.2883333333332028E-002 -0.22866666666666804     
   7.0000000000000000        28.000000000000000       -4.5733333333332918E-002 -0.18293333333333403     
   8.7500000000000000        29.750000000000000       -5.7166666666665818E-002 -0.19436666666666860     
   5.2500000000000000        26.250000000000000       -3.4299999999999518E-002 -0.17150000000000126     
   9.6250000000000000        31.500000000000000       -6.2883333333332167E-002 -0.20580000000000134     
   10.500000000000000        35.000000000000000       -6.8599999999998676E-002 -0.22866666666666807     
   0.0000000000000000        24.500000000000000        0.0000000000000000      -0.16006666666666772     
   7.8750000000000000        28.000000000000000       -5.1449999999999566E-002 -0.18293333333333417     
  0.87500000000000000        24.500000000000000       -5.7166666666665939E-003 -0.16006666666666758     
   1.7500000000000000        24.500000000000000       -1.1433333333333193E-002 -0.16006666666666758     
   10.500000000000000        33.250000000000000       -6.8599999999998912E-002 -0.21723333333333492     
   2.6250000000000000        24.500000000000000       -1.7149999999999759E-002 -0.16006666666666758     
   3.5000000000000000        24.500000000000000       -2.2866666666666362E-002 -0.16006666666666758     
   10.500000000000000        31.500000000000000       -6.8599999999998801E-002 -0.20580000000000229     
   8.7500000000000000        28.000000000000000       -5.7166666666665963E-002 -0.18293333333333497     
   7.0000000000000000        26.250000000000000       -4.5733333333332772E-002 -0.17150000000000126     
   11.375000000000000        35.000000000000000       -7.4316666666665213E-002 -0.22866666666666849     
   4.3750000000000000        24.500000000000000       -2.8583333333332909E-002 -0.16006666666666758     
   10.500000000000000        29.750000000000000       -6.8599999999999009E-002 -0.19436666666666863     
   5.2500000000000000        24.500000000000000       -3.4299999999999470E-002 -0.16006666666666758     
   11.375000000000000        31.500000000000000       -7.4316666666665546E-002 -0.20580000000000231     
   9.6250000000000000        28.000000000000000       -6.2883333333332625E-002 -0.18293333333333497     
   6.1250000000000000        24.500000000000000       -4.0016666666666131E-002 -0.16006666666666761     
   0.0000000000000000        22.750000000000000        0.0000000000000000      -0.14863333333333392     
   12.250000000000000        35.000000000000000       -8.0033333333331999E-002 -0.22866666666666849     
   12.250000000000000        33.250000000000000       -8.0033333333332277E-002 -0.21723333333333597     
   1.7500000000000000        22.750000000000000       -1.1433333333333193E-002 -0.14863333333333406     
   8.7500000000000000        26.250000000000000       -5.7166666666665956E-002 -0.17150000000000146     
   7.0000000000000000        24.500000000000000       -4.5733333333332772E-002 -0.16006666666666761     
   10.500000000000000        28.000000000000000       -6.8599999999999300E-002 -0.18293333333333497     
   3.5000000000000000        22.750000000000000       -2.2866666666666390E-002 -0.14863333333333406     
   12.250000000000000        31.500000000000000       -8.0033333333332263E-002 -0.20580000000000243     
   7.8750000000000000        24.500000000000000       -5.1449999999999441E-002 -0.16006666666666777     
   13.125000000000000        35.000000000000000       -8.5749999999999049E-002 -0.22866666666666852     
   5.2500000000000000        22.750000000000000       -3.4299999999999650E-002 -0.14863333333333409     
   12.250000000000000        29.750000000000000       -8.0033333333332263E-002 -0.19436666666666877     
   11.375000000000000        28.000000000000000       -7.4316666666665795E-002 -0.18293333333333509     
   13.125000000000000        31.500000000000000       -8.5749999999998813E-002 -0.20580000000000279     
   10.500000000000000        26.250000000000000       -6.8599999999999314E-002 -0.17150000000000143     
   8.7500000000000000        24.500000000000000       -5.7166666666665929E-002 -0.16006666666666824     
   0.0000000000000000        21.000000000000000        0.0000000000000000      -0.13720000000000021     
   14.000000000000000        35.000000000000000       -9.1466666666665905E-002 -0.22866666666666849     
  0.87500000000000000        21.000000000000000       -5.7166666666666009E-003 -0.13720000000000040     
   14.000000000000000        33.250000000000000       -9.1466666666665614E-002 -0.21723333333333594     
   7.0000000000000000        22.750000000000000       -4.5733333333332772E-002 -0.14863333333333459     
   12.250000000000000        28.000000000000000       -8.0033333333332277E-002 -0.18293333333333511     
   1.7500000000000000        21.000000000000000       -1.1433333333333202E-002 -0.13720000000000093     
   9.6250000000000000        24.500000000000000       -6.2883333333332583E-002 -0.16006666666666824     
   2.6250000000000000        21.000000000000000       -1.7149999999999849E-002 -0.13720000000000093     
   14.000000000000000        31.500000000000000       -9.1466666666665558E-002 -0.20580000000000243     
   3.5000000000000000        21.000000000000000       -2.2866666666666407E-002 -0.13720000000000096     
   4.3750000000000000        21.000000000000000       -2.8583333333332978E-002 -0.13720000000000096     
   10.500000000000000        24.500000000000000       -6.8599999999999009E-002 -0.16006666666666777     
   13.125000000000000        28.000000000000000       -8.5749999999998744E-002 -0.18293333333333511     
   14.875000000000000        35.000000000000000       -9.7183333333332636E-002 -0.22866666666666841     
   14.000000000000000        29.750000000000000       -9.1466666666665503E-002 -0.19436666666666916     
   5.2500000000000000        21.000000000000000       -3.4299999999999657E-002 -0.13720000000000096     
   8.7500000000000000        22.750000000000000       -5.7166666666665845E-002 -0.14863333333333459     
   12.250000000000000        26.250000000000000       -8.0033333333332249E-002 -0.17150000000000143     
   6.1250000000000000        21.000000000000000       -4.0016666666666173E-002 -0.13720000000000099     
   14.875000000000000        31.500000000000000       -9.7183333333332358E-002 -0.20580000000000240     
   11.375000000000000        24.500000000000000       -7.4316666666665573E-002 -0.16006666666666777     
   14.000000000000000        28.000000000000000       -9.1466666666665503E-002 -0.18293333333333511     
   7.0000000000000000        21.000000000000000       -4.5733333333332779E-002 -0.13720000000000099     
   0.0000000000000000        19.250000000000000        0.0000000000000000      -0.12576666666666733     
   15.750000000000000        35.000000000000000      -0.10289999999999917      -0.22866666666666838     
   15.750000000000000        33.250000000000000      -0.10289999999999914      -0.21723333333333492     
   1.7500000000000000        19.250000000000000       -1.1433333333333203E-002 -0.12576666666666750     
   7.8750000000000000        21.000000000000000       -5.1449999999999413E-002 -0.13720000000000099     
   3.5000000000000000        19.250000000000000       -2.2866666666666407E-002 -0.12576666666666736     
   10.500000000000000        22.750000000000000       -6.8599999999998940E-002 -0.14863333333333459     
   15.750000000000000        31.500000000000000      -0.10289999999999916      -0.20580000000000231     
   12.250000000000000        24.500000000000000       -8.0033333333332013E-002 -0.16006666666666777     
   14.875000000000000        28.000000000000000       -9.7183333333331984E-002 -0.18293333333333511     
   14.000000000000000        26.250000000000000       -9.1466666666665503E-002 -0.17150000000000146     
   8.7500000000000000        21.000000000000000       -5.7166666666665825E-002 -0.13720000000000099     
   15.750000000000000        29.750000000000000      -0.10289999999999883      -0.19436666666666874     
   5.2500000000000000        19.250000000000000       -3.4299999999999699E-002 -0.12576666666666753     
   16.625000000000000        35.000000000000000      -0.10861666666666589      -0.22866666666666807     
   13.125000000000000        24.500000000000000       -8.5749999999998730E-002 -0.16006666666666824     
   9.6250000000000000        21.000000000000000       -6.2883333333332486E-002 -0.13720000000000099     
   16.625000000000000        31.500000000000000      -0.10861666666666589      -0.20580000000000229     
   7.0000000000000000        19.250000000000000       -4.5733333333332772E-002 -0.12576666666666750     
   15.750000000000000        28.000000000000000      -0.10289999999999827      -0.18293333333333511     
   12.250000000000000        22.750000000000000       -8.0033333333331999E-002 -0.14863333333333459     
   14.000000000000000        24.500000000000000       -9.1466666666665447E-002 -0.16006666666666777     
   17.500000000000000        35.000000000000000      -0.11433333333333193      -0.22866666666666838     
   0.0000000000000000        17.500000000000000        0.0000000000000000      -0.11433333333333393     
   10.500000000000000        21.000000000000000       -6.8599999999998912E-002 -0.13720000000000096     
  0.87500000000000000        17.500000000000000       -5.7166666666666156E-003 -0.11433333333333394     
   1.7500000000000000        17.500000000000000       -1.1433333333333202E-002 -0.11433333333333397     
   17.500000000000000        33.250000000000000      -0.11433333333333272      -0.21723333333333483     
   2.6250000000000000        17.500000000000000       -1.7149999999999849E-002 -0.11433333333333397     
   17.500000000000000        31.500000000000000      -0.11433333333333254      -0.20580000000000134     
   3.5000000000000000        17.500000000000000       -2.2866666666666407E-002 -0.11433333333333397     
   8.7500000000000000        19.250000000000000       -5.7166666666665845E-002 -0.12576666666666750     
   15.750000000000000        26.250000000000000      -0.10289999999999881      -0.17150000000000146     
   4.3750000000000000        17.500000000000000       -2.8583333333332982E-002 -0.11433333333333397     
   11.375000000000000        21.000000000000000       -7.4316666666665476E-002 -0.13720000000000099     
   16.625000000000000        28.000000000000000      -0.10861666666666489      -0.18293333333333511     
   14.875000000000000        24.500000000000000       -9.7183333333331970E-002 -0.16006666666666824     
   17.500000000000000        29.750000000000000      -0.11433333333333191      -0.19436666666666860     
   5.2500000000000000        17.500000000000000       -3.4299999999999657E-002 -0.11433333333333397     
   6.1250000000000000        17.500000000000000       -4.0016666666666173E-002 -0.11433333333333397     
   14.000000000000000        22.750000000000000       -9.1466666666665433E-002 -0.14863333333333459     
   12.250000000000000        21.000000000000000       -8.0033333333331930E-002 -0.13720000000000113     
   7.0000000000000000        17.500000000000000       -4.5733333333332807E-002 -0.11433333333333394     
   17.500000000000000        28.000000000000000      -0.11433333333333169      -0.18293333333333509     
   10.500000000000000        19.250000000000000       -6.8599999999998940E-002 -0.12576666666666750     
   15.750000000000000        24.500000000000000      -0.10289999999999827      -0.16006666666666827     
   7.8750000000000000        17.500000000000000       -5.1449999999999413E-002 -0.11433333333333393     
   13.125000000000000        21.000000000000000       -8.5749999999998633E-002 -0.13720000000000113     
   0.0000000000000000        15.750000000000000        0.0000000000000000      -0.10290000000000062     
   1.7500000000000000        15.750000000000000       -1.1433333333333193E-002 -0.10290000000000060     
   3.5000000000000000        15.750000000000000       -2.2866666666666383E-002 -0.10290000000000060     
   17.500000000000000        26.250000000000000      -0.11433333333333186      -0.17150000000000187     
   8.7500000000000000        17.500000000000000       -5.7166666666665852E-002 -0.11433333333333388     
   16.625000000000000        24.500000000000000      -0.10861666666666506      -0.16006666666666824     
   14.000000000000000        21.000000000000000       -9.1466666666665156E-002 -0.13720000000000115     
   12.250000000000000        19.250000000000000       -8.0033333333331985E-002 -0.12576666666666755     
   15.750000000000000        22.750000000000000      -0.10289999999999834      -0.14863333333333478     
   5.2500000000000000        15.750000000000000       -3.4299999999999518E-002 -0.10290000000000060     
   9.6250000000000000        17.500000000000000       -6.2883333333332583E-002 -0.11433333333333393     
   17.500000000000000        24.500000000000000      -0.11433333333333169      -0.16006666666666824     
   10.500000000000000        17.500000000000000       -6.8599999999998940E-002 -0.11433333333333393     
   14.875000000000000        21.000000000000000       -9.7183333333331554E-002 -0.13720000000000118     
   7.0000000000000000        15.750000000000000       -4.5733333333332751E-002 -0.10290000000000041     
   11.375000000000000        17.500000000000000       -7.4316666666665546E-002 -0.11433333333333394     
   0.0000000000000000        14.000000000000000        0.0000000000000000       -9.1466666666667557E-002
  0.87500000000000000        14.000000000000000       -5.7166666666665948E-003  -9.1466666666667473E-002
   14.000000000000000        19.250000000000000       -9.1466666666665225E-002 -0.12576666666666755     
   1.7500000000000000        14.000000000000000       -1.1433333333333191E-002  -9.1466666666667473E-002
   15.750000000000000        21.000000000000000      -0.10289999999999809      -0.13720000000000115     
   8.7500000000000000        15.750000000000000       -5.7166666666665845E-002 -0.10290000000000035     
   2.6250000000000000        14.000000000000000       -1.7149999999999759E-002  -9.1466666666667473E-002
   3.5000000000000000        14.000000000000000       -2.2866666666666376E-002  -9.1466666666667473E-002
   12.250000000000000        17.500000000000000       -8.0033333333331999E-002 -0.11433333333333398     
   17.500000000000000        22.750000000000000      -0.11433333333333170      -0.14863333333333464     
   4.3750000000000000        14.000000000000000       -2.8583333333332909E-002  -9.1466666666667085E-002
   5.2500000000000000        14.000000000000000       -3.4299999999999470E-002  -9.1466666666667473E-002
   16.625000000000000        21.000000000000000      -0.10861666666666482      -0.13720000000000118     
   6.1250000000000000        14.000000000000000       -4.0016666666665993E-002  -9.1466666666667085E-002
   13.125000000000000        17.500000000000000       -8.5749999999998730E-002 -0.11433333333333402     
   10.500000000000000        15.750000000000000       -6.8599999999999037E-002 -0.10290000000000035     
   7.0000000000000000        14.000000000000000       -4.5733333333332613E-002  -9.1466666666667071E-002
   15.750000000000000        19.250000000000000      -0.10289999999999833      -0.12576666666666761     
   17.500000000000000        21.000000000000000      -0.11433333333333159      -0.13720000000000118     
   14.000000000000000        17.500000000000000       -9.1466666666665503E-002 -0.11433333333333402     
   7.8750000000000000        14.000000000000000       -5.1449999999999135E-002  -9.1466666666667071E-002
   0.0000000000000000        12.250000000000000        0.0000000000000000       -8.0033333333334122E-002
   8.7500000000000000        14.000000000000000       -5.7166666666665797E-002  -9.1466666666667085E-002
   12.250000000000000        15.750000000000000       -8.0033333333332346E-002 -0.10290000000000060     
   1.7500000000000000        12.250000000000000       -1.1433333333333153E-002  -8.0033333333334122E-002
   14.875000000000000        17.500000000000000       -9.7183333333332053E-002 -0.11433333333333402     
   3.5000000000000000        12.250000000000000       -2.2866666666666362E-002  -8.0033333333333873E-002
   9.6250000000000000        14.000000000000000       -6.2883333333332583E-002  -9.1466666666667071E-002
   5.2500000000000000        12.250000000000000       -3.4299999999999504E-002  -8.0033333333333873E-002
   10.500000000000000        14.000000000000000       -6.8599999999999300E-002  -9.1466666666667071E-002
   15.750000000000000        17.500000000000000      -0.10289999999999881      -0.11433333333333404     
   17.500000000000000        19.250000000000000      -0.11433333333333170      -0.12576666666666764     
   7.0000000000000000        12.250000000000000       -4.5733333333332751E-002  -8.0033333333333859E-002
   14.000000000000000        15.750000000000000       -9.1466666666665544E-002 -0.10290000000000062     
   11.375000000000000        14.000000000000000       -7.4316666666665879E-002  -9.1466666666667112E-002
   16.625000000000000        17.500000000000000      -0.10861666666666507      -0.11433333333333404     
   12.250000000000000        14.000000000000000       -8.0033333333332693E-002  -9.1466666666667473E-002
   8.7500000000000000        12.250000000000000       -5.7166666666665852E-002  -8.0033333333333873E-002
   0.0000000000000000        10.500000000000000        0.0000000000000000       -6.8600000000000494E-002
  0.87500000000000000        10.500000000000000       -5.7166666666665896E-003  -6.8600000000000494E-002
   1.7500000000000000        10.500000000000000       -1.1433333333333153E-002  -6.8600000000000494E-002
   2.6250000000000000        10.500000000000000       -1.7149999999999728E-002  -6.8600000000000563E-002
   3.5000000000000000        10.500000000000000       -2.2866666666666303E-002  -6.8600000000000494E-002
   17.500000000000000        17.500000000000000      -0.11433333333333164      -0.11433333333333404     
   13.125000000000000        14.000000000000000       -8.5749999999999119E-002  -9.1466666666667085E-002
   15.750000000000000        15.750000000000000      -0.10289999999999888      -0.10290000000000062     
   4.3750000000000000        10.500000000000000       -2.8583333333332902E-002  -6.8600000000000563E-002
   5.2500000000000000        10.500000000000000       -3.4299999999999470E-002  -6.8600000000000563E-002
   10.500000000000000        12.250000000000000       -6.8599999999999314E-002  -8.0033333333333886E-002
   14.000000000000000        14.000000000000000       -9.1466666666665628E-002  -9.1466666666667085E-002
   6.1250000000000000        10.500000000000000       -4.0016666666666124E-002  -6.8600000000000563E-002
   7.0000000000000000        10.500000000000000       -4.5733333333332758E-002  -6.8600000000000494E-002
   14.875000000000000        14.000000000000000       -9.7183333333332358E-002  -9.1466666666667085E-002
   7.8750000000000000        10.500000000000000       -5.1449999999999406E-002  -6.8600000000000563E-002
   12.250000000000000        12.250000000000000       -8.0033333333332624E-002  -8.0033333333333886E-002
   17.500000000000000        15.750000000000000      -0.11433333333333193      -0.10290000000000067     
   8.7500000000000000        10.500000000000000       -5.7166666666665825E-002  -6.8600000000000563E-002
   15.750000000000000        14.000000000000000      -0.10289999999999913       -9.1466666666667085E-002
   0.0000000000000000        8.7500000000000000        0.0000000000000000       -5.7166666666666983E-002
   1.7500000000000000        8.7500000000000000       -1.1433333333333181E-002  -5.7166666666666983E-002
   9.6250000000000000        10.500000000000000       -6.2883333333332583E-002  -6.8600000000000577E-002
   3.5000000000000000        8.7500000000000000       -2.2866666666666379E-002  -5.7166666666667011E-002
   10.500000000000000        10.500000000000000       -6.8599999999999037E-002  -6.8600000000000563E-002
   14.000000000000000        12.250000000000000       -9.1466666666665614E-002  -8.0033333333333859E-002
   5.2500000000000000        8.7500000000000000       -3.4299999999999518E-002  -5.7166666666667018E-002
   16.625000000000000        14.000000000000000      -0.10861666666666589       -9.1466666666667085E-002
   11.375000000000000        10.500000000000000       -7.4316666666665795E-002  -6.8600000000000563E-002
   7.0000000000000000        8.7500000000000000       -4.5733333333332758E-002  -5.7166666666667094E-002
   17.500000000000000        14.000000000000000      -0.11433333333333254       -9.1466666666667473E-002
   12.250000000000000        10.500000000000000       -8.0033333333332346E-002  -6.8600000000000563E-002
   15.750000000000000        12.250000000000000      -0.10289999999999914       -8.0033333333333803E-002
   8.7500000000000000        8.7500000000000000       -5.7166666666665852E-002  -5.7166666666667018E-002
   13.125000000000000        10.500000000000000       -8.5749999999999035E-002  -6.8600000000000563E-002
   0.0000000000000000        7.0000000000000000        0.0000000000000000       -4.5733333333333508E-002
  0.87500000000000000        7.0000000000000000       -5.7166666666666147E-003  -4.5733333333333542E-002
   1.7500000000000000        7.0000000000000000       -1.1433333333333231E-002  -4.5733333333333737E-002
   2.6250000000000000        7.0000000000000000       -1.7149999999999832E-002  -4.5733333333333556E-002
   3.5000000000000000        7.0000000000000000       -2.2866666666666386E-002  -4.5733333333333737E-002
   14.000000000000000        10.500000000000000       -9.1466666666665558E-002  -6.8600000000000563E-002
   10.500000000000000        8.7500000000000000       -6.8599999999999300E-002  -5.7166666666667018E-002
   4.3750000000000000        7.0000000000000000       -2.8583333333332968E-002  -4.5733333333333744E-002
   5.2500000000000000        7.0000000000000000       -3.4299999999999664E-002  -4.5733333333333771E-002
   6.1250000000000000        7.0000000000000000       -4.0016666666666173E-002  -4.5733333333333778E-002
   14.875000000000000        10.500000000000000       -9.7183333333332345E-002  -6.8600000000000563E-002
   17.500000000000000        12.250000000000000      -0.11433333333333255       -8.0033333333333859E-002
   7.0000000000000000        7.0000000000000000       -4.5733333333332779E-002  -4.5733333333333778E-002
   12.250000000000000        8.7500000000000000       -8.0033333333332277E-002  -5.7166666666667018E-002
   7.8750000000000000        7.0000000000000000       -5.1449999999999413E-002  -4.5733333333333771E-002
   15.750000000000000        10.500000000000000      -0.10289999999999913       -6.8600000000000494E-002
   8.7500000000000000        7.0000000000000000       -5.7166666666665845E-002  -4.5733333333333744E-002
   16.625000000000000        10.500000000000000      -0.10861666666666595       -6.8600000000000494E-002
   9.6250000000000000        7.0000000000000000       -6.2883333333332611E-002  -4.5733333333333737E-002
   14.000000000000000        8.7500000000000000       -9.1466666666665544E-002  -5.7166666666667018E-002
   0.0000000000000000        5.2500000000000000        0.0000000000000000       -3.4300000000000282E-002
   1.7500000000000000        5.2500000000000000       -1.1433333333333190E-002  -3.4300000000000296E-002
   10.500000000000000        7.0000000000000000       -6.8599999999999300E-002  -4.5733333333333744E-002
   3.5000000000000000        5.2500000000000000       -2.2866666666666383E-002  -3.4300000000000296E-002
   17.500000000000000        10.500000000000000      -0.11433333333333272       -6.8600000000000466E-002
   5.2500000000000000        5.2500000000000000       -3.4299999999999518E-002  -3.4300000000000309E-002
   11.375000000000000        7.0000000000000000       -7.4316666666665768E-002  -4.5733333333333744E-002
   7.0000000000000000        5.2500000000000000       -4.5733333333332765E-002  -3.4300000000000309E-002
   12.250000000000000        7.0000000000000000       -8.0033333333332249E-002  -4.5733333333333744E-002
   15.750000000000000        8.7500000000000000      -0.10289999999999888       -5.7166666666667018E-002
   13.125000000000000        7.0000000000000000       -8.5749999999998744E-002  -4.5733333333333737E-002
   8.7500000000000000        5.2500000000000000       -5.7166666666665852E-002  -3.4300000000000296E-002
   14.000000000000000        7.0000000000000000       -9.1466666666665447E-002  -4.5733333333333744E-002
   0.0000000000000000        3.5000000000000000        0.0000000000000000       -2.2866666666666868E-002
  0.87500000000000000        3.5000000000000000       -5.7166666666665904E-003  -2.2866666666666872E-002
   10.500000000000000        5.2500000000000000       -6.8599999999999037E-002  -3.4300000000000296E-002
   17.500000000000000        8.7500000000000000      -0.11433333333333248       -5.7166666666666859E-002
   1.7500000000000000        3.5000000000000000       -1.1433333333333179E-002  -2.2866666666666872E-002
   2.6250000000000000        3.5000000000000000       -1.7149999999999728E-002  -2.2866666666666886E-002
   3.5000000000000000        3.5000000000000000       -2.2866666666666303E-002  -2.2866666666666886E-002
   14.875000000000000        7.0000000000000000       -9.7183333333332053E-002  -4.5733333333333737E-002
   4.3750000000000000        3.5000000000000000       -2.8583333333332898E-002  -2.2866666666666889E-002
   5.2500000000000000        3.5000000000000000       -3.4299999999999470E-002  -2.2866666666666941E-002
   6.1250000000000000        3.5000000000000000       -4.0016666666666124E-002  -2.2866666666666945E-002
   15.750000000000000        7.0000000000000000      -0.10289999999999835       -4.5733333333333542E-002
   12.250000000000000        5.2500000000000000       -8.0033333333332263E-002  -3.4300000000000282E-002
   7.0000000000000000        3.5000000000000000       -4.5733333333332765E-002  -2.2866666666666945E-002
   7.8750000000000000        3.5000000000000000       -5.1449999999999406E-002  -2.2866666666666945E-002
   16.625000000000000        7.0000000000000000      -0.10861666666666506       -4.5733333333333535E-002
   8.7500000000000000        3.5000000000000000       -5.7166666666665845E-002  -2.2866666666666941E-002
   14.000000000000000        5.2500000000000000       -9.1466666666665516E-002  -3.4300000000000240E-002
   9.6250000000000000        3.5000000000000000       -6.2883333333332611E-002  -2.2866666666666872E-002
   17.500000000000000        7.0000000000000000      -0.11433333333333169       -4.5733333333333535E-002
   10.500000000000000        3.5000000000000000       -6.8599999999999314E-002  -2.2866666666666771E-002
   0.0000000000000000        1.7500000000000000        0.0000000000000000       -1.1433333333333434E-002
   1.7500000000000000        1.7500000000000000       -1.1433333333333179E-002  -1.1433333333333434E-002
   3.5000000000000000        1.7500000000000000       -2.2866666666666362E-002  -1.1433333333333436E-002
   11.375000000000000        3.5000000000000000       -7.4316666666665795E-002  -2.2866666666666771E-002
   15.750000000000000        5.2500000000000000      -0.10289999999999887       -3.4300000000000101E-002
   5.2500000000000000        1.7500000000000000       -3.4299999999999470E-002  -1.1433333333333472E-002
   12.250000000000000        3.5000000000000000       -8.0033333333332277E-002  -2.2866666666666778E-002
   7.0000000000000000        1.7500000000000000       -4.5733333333332717E-002  -1.1433333333333486E-002
   13.125000000000000        3.5000000000000000       -8.5749999999998799E-002  -2.2866666666666754E-002
   8.7500000000000000        1.7500000000000000       -5.7166666666665804E-002  -1.1433333333333484E-002
   14.000000000000000        3.5000000000000000       -9.1466666666665516E-002  -2.2866666666666698E-002
   17.500000000000000        5.2500000000000000      -0.11433333333333191       -3.4300000000000296E-002
   14.875000000000000        3.5000000000000000       -9.7183333333332261E-002  -2.2866666666666750E-002
   10.500000000000000        1.7500000000000000       -6.8599999999998940E-002  -1.1433333333333384E-002
   0.0000000000000000        0.0000000000000000        0.0000000000000000        0.0000000000000000     
  0.87500000000000000        0.0000000000000000       -5.7166666666665766E-003   0.0000000000000000     
   1.7500000000000000        0.0000000000000000       -1.1433333333333153E-002   0.0000000000000000     
   2.6250000000000000        0.0000000000000000       -1.7149999999999735E-002   0.0000000000000000     
   3.5000000000000000        0.0000000000000000       -2.2866666666666362E-002   0.0000000000000000     
   15.750000000000000        3.5000000000000000      -0.10289999999999908       -2.2866666666666771E-002
   4.3750000000000000        0.0000000000000000       -2.8583333333332912E-002   0.0000000000000000     
   5.2500000000000000        0.0000000000000000       -3.4299999999999504E-002   0.0000000000000000     
   12.250000000000000        1.7500000000000000       -8.0033333333332249E-002  -1.1433333333333375E-002
   6.1250000000000000        0.0000000000000000       -4.0016666666666006E-002   0.0000000000000000     
   16.625000000000000        3.5000000000000000      -0.10861666666666589       -2.2866666666666868E-002
   7.0000000000000000        0.0000000000000000       -4.5733333333332613E-002   0.0000000000000000     
   7.8750000000000000        0.0000000000000000       -5.1449999999999010E-002   0.0000000000000000     
   17.500000000000000        3.5000000000000000      -0.11433333333333270       -2.2866666666666941E-002
   8.7500000000000000        0.0000000000000000       -5.7166666666665381E-002   0.0000000000000000     
   14.000000000000000        1.7500000000000000       -9.1466666666665544E-002  -1.1433333333333375E-002
   9.6250000000000000        0.0000000000000000       -6.2883333333332056E-002   0.0000000000000000     
   10.500000000000000        0.0000000000000000       -6.8599999999998773E-002   0.0000000000000000     
   15.750000000000000        1.7500000000000000      -0.10289999999999908       -1.1433333333333434E-002
   11.375000000000000        0.0000000000000000       -7.4316666666665462E-002   0.0000000000000000     
   12.250000000000000        0.0000000000000000       -8.0033333333331930E-002   0.0000000000000000     
   13.125000000000000        0.0000000000000000       -8.5749999999998702E-002   0.0000000000000000     
   17.500000000000000        1.7500000000000000      -0.11433333333333248       -1.1433333333333349E-002
   14.000000000000000        0.0000000000000000       -9.1466666666665447E-002   0.0000000000000000     
   14.875000000000000        0.0000000000000000       -9.7183333333332247E-002   0.0000000000000000     
   15.750000000000000        0.0000000000000000      -0.10289999999999883        0.0000000000000000     
   16.625000000000000        0.0000000000000000      -0.10861666666666565        0.0000000000000000     
   17.500000000000000        0.0000000000000000      -0.11433333333333255        0.0000000000000000     
