   0.0000000000000000        35.000000000000000        0.0000000000000000      -0.23138888888889012     
  0.87500000000000000        35.000000000000000       -5.7847222222220220E-003 -0.23138888888889000     
   0.0000000000000000        33.250000000000000        0.0000000000000000      -0.21981944444444534     
   1.7500000000000000        35.000000000000000       -1.1569444444444018E-002 -0.23138888888889000     
   1.7500000000000000        33.250000000000000       -1.1569444444444164E-002 -0.21981944444444534     
   2.6250000000000000        35.000000000000000       -1.7354166666666122E-002 -0.23138888888889000     
   0.0000000000000000        31.500000000000000        0.0000000000000000      -0.20825000000000063     
   3.5000000000000000        35.000000000000000       -2.3138888888888213E-002 -0.23138888888889009     
  0.87500000000000000        31.500000000000000       -5.7847222222220775E-003 -0.20825000000000063     
   3.5000000000000000        33.250000000000000       -2.3138888888888383E-002 -0.21981944444444537     
   1.7500000000000000        31.500000000000000       -1.1569444444444191E-002 -0.20825000000000068     
   2.6250000000000000        31.500000000000000       -1.7354166666666261E-002 -0.20825000000000068     
   4.3750000000000000        35.000000000000000       -2.8923611111110165E-002 -0.23138888888889009     
   3.5000000000000000        31.500000000000000       -2.3138888888888383E-002 -0.20825000000000068     
   0.0000000000000000        29.750000000000000        0.0000000000000000      -0.19668055555555594     
   5.2500000000000000        35.000000000000000       -3.4708333333332245E-002 -0.23138888888889012     
   1.7500000000000000        29.750000000000000       -1.1569444444444200E-002 -0.19668055555555597     
   5.2500000000000000        33.250000000000000       -3.4708333333332675E-002 -0.21981944444444543     
   4.3750000000000000        31.500000000000000       -2.8923611111110446E-002 -0.20825000000000071     
   6.1250000000000000        35.000000000000000       -4.0493055555554457E-002 -0.23138888888889020     
   3.5000000000000000        29.750000000000000       -2.3138888888888508E-002 -0.19668055555555611     
   5.2500000000000000        31.500000000000000       -3.4708333333332529E-002 -0.20825000000000080     
   0.0000000000000000        28.000000000000000        0.0000000000000000      -0.18511111111111134     
   7.0000000000000000        35.000000000000000       -4.6277777777776655E-002 -0.23138888888889028     
   6.1250000000000000        31.500000000000000       -4.0493055555554817E-002 -0.20825000000000082     
  0.87500000000000000        28.000000000000000       -5.7847222222221998E-003 -0.18511111111111136     
   7.0000000000000000        33.250000000000000       -4.6277777777776800E-002 -0.21981944444444557     
   1.7500000000000000        28.000000000000000       -1.1569444444444313E-002 -0.18511111111111178     
   5.2500000000000000        29.750000000000000       -3.4708333333332793E-002 -0.19668055555555650     
   2.6250000000000000        28.000000000000000       -1.7354166666666424E-002 -0.18511111111111178     
   7.0000000000000000        31.500000000000000       -4.6277777777776807E-002 -0.20825000000000082     
   3.5000000000000000        28.000000000000000       -2.3138888888888594E-002 -0.18511111111111181     
   7.8750000000000000        35.000000000000000       -5.2062499999998936E-002 -0.23138888888889028     
   4.3750000000000000        28.000000000000000       -2.8923611111110682E-002 -0.18511111111111192     
   7.8750000000000000        31.500000000000000       -5.2062499999998985E-002 -0.20825000000000121     
   8.7500000000000000        35.000000000000000       -5.7847222222220884E-002 -0.23138888888889020     
   0.0000000000000000        26.250000000000000        0.0000000000000000      -0.17354166666666726     
   7.0000000000000000        29.750000000000000       -4.6277777777777050E-002 -0.19668055555555650     
   5.2500000000000000        28.000000000000000       -3.4708333333332800E-002 -0.18511111111111195     
   8.7500000000000000        33.250000000000000       -5.7847222222221231E-002 -0.21981944444444557     
   1.7500000000000000        26.250000000000000       -1.1569444444444313E-002 -0.17354166666666723     
   6.1250000000000000        28.000000000000000       -4.0493055555555046E-002 -0.18511111111111192     
   8.7500000000000000        31.500000000000000       -5.7847222222221210E-002 -0.20825000000000124     
   3.5000000000000000        26.250000000000000       -2.3138888888888608E-002 -0.17354166666666726     
   9.6250000000000000        35.000000000000000       -6.3631944444443117E-002 -0.23138888888889028     
   7.0000000000000000        28.000000000000000       -4.6277777777777356E-002 -0.18511111111111181     
   8.7500000000000000        29.750000000000000       -5.7847222222221363E-002 -0.19668055555555752     
   5.2500000000000000        26.250000000000000       -3.4708333333332848E-002 -0.17354166666666795     
   9.6250000000000000        31.500000000000000       -6.3631944444443270E-002 -0.20825000000000135     
   10.500000000000000        35.000000000000000       -6.9416666666665322E-002 -0.23138888888889031     
   0.0000000000000000        24.500000000000000        0.0000000000000000      -0.16197222222222329     
   7.8750000000000000        28.000000000000000       -5.2062499999999561E-002 -0.18511111111111195     
  0.87500000000000000        24.500000000000000       -5.7847222222221486E-003 -0.16197222222222316     
   1.7500000000000000        24.500000000000000       -1.1569444444444302E-002 -0.16197222222222316     
   10.500000000000000        33.250000000000000       -6.9416666666665572E-002 -0.21981944444444604     
   2.6250000000000000        24.500000000000000       -1.7354166666666424E-002 -0.16197222222222316     
   3.5000000000000000        24.500000000000000       -2.3138888888888581E-002 -0.16197222222222316     
   10.500000000000000        31.500000000000000       -6.9416666666665447E-002 -0.20825000000000232     
   8.7500000000000000        28.000000000000000       -5.7847222222221509E-002 -0.18511111111111278     
   7.0000000000000000        26.250000000000000       -4.6277777777777210E-002 -0.17354166666666795     
   11.375000000000000        35.000000000000000       -7.5201388888887416E-002 -0.23138888888889073     
   4.3750000000000000        24.500000000000000       -2.8923611111110682E-002 -0.16197222222222316     
   10.500000000000000        29.750000000000000       -6.9416666666665669E-002 -0.19668055555555755     
   5.2500000000000000        24.500000000000000       -3.4708333333332800E-002 -0.16197222222222316     
   11.375000000000000        31.500000000000000       -7.5201388888887749E-002 -0.20825000000000235     
   9.6250000000000000        28.000000000000000       -6.3631944444443728E-002 -0.18511111111111278     
   6.1250000000000000        24.500000000000000       -4.0493055555555012E-002 -0.16197222222222318     
   0.0000000000000000        22.750000000000000        0.0000000000000000      -0.15040277777777838     
   12.250000000000000        35.000000000000000       -8.0986111111109760E-002 -0.23138888888889073     
   12.250000000000000        33.250000000000000       -8.0986111111110037E-002 -0.21981944444444712     
   1.7500000000000000        22.750000000000000       -1.1569444444444302E-002 -0.15040277777777852     
   8.7500000000000000        26.250000000000000       -5.7847222222221502E-002 -0.17354166666666815     
   7.0000000000000000        24.500000000000000       -4.6277777777777210E-002 -0.16197222222222318     
   10.500000000000000        28.000000000000000       -6.9416666666665960E-002 -0.18511111111111278     
   3.5000000000000000        22.750000000000000       -2.3138888888888608E-002 -0.15040277777777852     
   12.250000000000000        31.500000000000000       -8.0986111111110023E-002 -0.20825000000000246     
   7.8750000000000000        24.500000000000000       -5.2062499999999436E-002 -0.16197222222222335     
   13.125000000000000        35.000000000000000       -8.6770833333332367E-002 -0.23138888888889075     
   5.2500000000000000        22.750000000000000       -3.4708333333332980E-002 -0.15040277777777855     
   12.250000000000000        29.750000000000000       -8.0986111111110023E-002 -0.19668055555555769     
   11.375000000000000        28.000000000000000       -7.5201388888888013E-002 -0.18511111111111289     
   13.125000000000000        31.500000000000000       -8.6770833333332131E-002 -0.20825000000000282     
   10.500000000000000        26.250000000000000       -6.9416666666665974E-002 -0.17354166666666812     
   8.7500000000000000        24.500000000000000       -5.7847222222221474E-002 -0.16197222222222382     
   0.0000000000000000        21.000000000000000        0.0000000000000000      -0.13883333333333356     
   14.000000000000000        35.000000000000000       -9.2555555555554780E-002 -0.23138888888889073     
  0.87500000000000000        21.000000000000000       -5.7847222222221556E-003 -0.13883333333333375     
   14.000000000000000        33.250000000000000       -9.2555555555554489E-002 -0.21981944444444709     
   7.0000000000000000        22.750000000000000       -4.6277777777777210E-002 -0.15040277777777905     
   12.250000000000000        28.000000000000000       -8.0986111111110037E-002 -0.18511111111111292     
   1.7500000000000000        21.000000000000000       -1.1569444444444311E-002 -0.13883333333333428     
   9.6250000000000000        24.500000000000000       -6.3631944444443686E-002 -0.16197222222222382     
   2.6250000000000000        21.000000000000000       -1.7354166666666514E-002 -0.13883333333333428     
   14.000000000000000        31.500000000000000       -9.2555555555554433E-002 -0.20825000000000246     
   3.5000000000000000        21.000000000000000       -2.3138888888888626E-002 -0.13883333333333431     
   4.3750000000000000        21.000000000000000       -2.8923611111110751E-002 -0.13883333333333431     
   10.500000000000000        24.500000000000000       -6.9416666666665669E-002 -0.16197222222222335     
   13.125000000000000        28.000000000000000       -8.6770833333332062E-002 -0.18511111111111292     
   14.875000000000000        35.000000000000000       -9.8340277777777069E-002 -0.23138888888889064     
   14.000000000000000        29.750000000000000       -9.2555555555554378E-002 -0.19668055555555808     
   5.2500000000000000        21.000000000000000       -3.4708333333332987E-002 -0.13883333333333431     
   8.7500000000000000        22.750000000000000       -5.7847222222221391E-002 -0.15040277777777905     
   12.250000000000000        26.250000000000000       -8.0986111111110010E-002 -0.17354166666666812     
   6.1250000000000000        21.000000000000000       -4.0493055555555053E-002 -0.13883333333333434     
   14.875000000000000        31.500000000000000       -9.8340277777776791E-002 -0.20825000000000243     
   11.375000000000000        24.500000000000000       -7.5201388888887777E-002 -0.16197222222222335     
   14.000000000000000        28.000000000000000       -9.2555555555554378E-002 -0.18511111111111292     
   7.0000000000000000        21.000000000000000       -4.6277777777777217E-002 -0.13883333333333434     
   0.0000000000000000        19.250000000000000        0.0000000000000000      -0.12726388888888956     
   15.750000000000000        35.000000000000000      -0.10412499999999916      -0.23138888888889061     
   15.750000000000000        33.250000000000000      -0.10412499999999913      -0.21981944444444604     
   1.7500000000000000        19.250000000000000       -1.1569444444444313E-002 -0.12726388888888973     
   7.8750000000000000        21.000000000000000       -5.2062499999999408E-002 -0.13883333333333434     
   3.5000000000000000        19.250000000000000       -2.3138888888888626E-002 -0.12726388888888959     
   10.500000000000000        22.750000000000000       -6.9416666666665600E-002 -0.15040277777777905     
   15.750000000000000        31.500000000000000      -0.10412499999999915      -0.20825000000000235     
   12.250000000000000        24.500000000000000       -8.0986111111109774E-002 -0.16197222222222335     
   14.875000000000000        28.000000000000000       -9.8340277777776416E-002 -0.18511111111111292     
   14.000000000000000        26.250000000000000       -9.2555555555554378E-002 -0.17354166666666815     
   8.7500000000000000        21.000000000000000       -5.7847222222221370E-002 -0.13883333333333434     
   15.750000000000000        29.750000000000000      -0.10412499999999882      -0.19668055555555766     
   5.2500000000000000        19.250000000000000       -3.4708333333333029E-002 -0.12726388888888976     
   16.625000000000000        35.000000000000000      -0.10990972222222144      -0.23138888888889031     
   13.125000000000000        24.500000000000000       -8.6770833333332048E-002 -0.16197222222222382     
   9.6250000000000000        21.000000000000000       -6.3631944444443589E-002 -0.13883333333333434     
   16.625000000000000        31.500000000000000      -0.10990972222222144      -0.20825000000000232     
   7.0000000000000000        19.250000000000000       -4.6277777777777210E-002 -0.12726388888888973     
   15.750000000000000        28.000000000000000      -0.10412499999999825      -0.18511111111111292     
   12.250000000000000        22.750000000000000       -8.0986111111109760E-002 -0.15040277777777905     
   14.000000000000000        24.500000000000000       -9.2555555555554322E-002 -0.16197222222222335     
   17.500000000000000        35.000000000000000      -0.11569444444444302      -0.23138888888889061     
   0.0000000000000000        17.500000000000000        0.0000000000000000      -0.11569444444444504     
   10.500000000000000        21.000000000000000       -6.9416666666665572E-002 -0.13883333333333431     
  0.87500000000000000        17.500000000000000       -5.7847222222221703E-003 -0.11569444444444506     
   1.7500000000000000        17.500000000000000       -1.1569444444444311E-002 -0.11569444444444509     
   17.500000000000000        33.250000000000000      -0.11569444444444382      -0.21981944444444595     
   2.6250000000000000        17.500000000000000       -1.7354166666666514E-002 -0.11569444444444509     
   17.500000000000000        31.500000000000000      -0.11569444444444364      -0.20825000000000135     
   3.5000000000000000        17.500000000000000       -2.3138888888888626E-002 -0.11569444444444509     
   8.7500000000000000        19.250000000000000       -5.7847222222221391E-002 -0.12726388888888973     
   15.750000000000000        26.250000000000000      -0.10412499999999880      -0.17354166666666815     
   4.3750000000000000        17.500000000000000       -2.8923611111110754E-002 -0.11569444444444509     
   11.375000000000000        21.000000000000000       -7.5201388888887680E-002 -0.13883333333333434     
   16.625000000000000        28.000000000000000      -0.10990972222222042      -0.18511111111111292     
   14.875000000000000        24.500000000000000       -9.8340277777776403E-002 -0.16197222222222382     
   17.500000000000000        29.750000000000000      -0.11569444444444300      -0.19668055555555752     
   5.2500000000000000        17.500000000000000       -3.4708333333332987E-002 -0.11569444444444509     
   6.1250000000000000        17.500000000000000       -4.0493055555555053E-002 -0.11569444444444509     
   14.000000000000000        22.750000000000000       -9.2555555555554309E-002 -0.15040277777777905     
   12.250000000000000        21.000000000000000       -8.0986111111109690E-002 -0.13883333333333447     
   7.0000000000000000        17.500000000000000       -4.6277777777777244E-002 -0.11569444444444506     
   17.500000000000000        28.000000000000000      -0.11569444444444278      -0.18511111111111289     
   10.500000000000000        19.250000000000000       -6.9416666666665600E-002 -0.12726388888888973     
   15.750000000000000        24.500000000000000      -0.10412499999999825      -0.16197222222222385     
   7.8750000000000000        17.500000000000000       -5.2062499999999408E-002 -0.11569444444444504     
   13.125000000000000        21.000000000000000       -8.6770833333331951E-002 -0.13883333333333447     
   0.0000000000000000        15.750000000000000        0.0000000000000000      -0.10412500000000062     
   1.7500000000000000        15.750000000000000       -1.1569444444444302E-002 -0.10412500000000061     
   3.5000000000000000        15.750000000000000       -2.3138888888888601E-002 -0.10412500000000061     
   17.500000000000000        26.250000000000000      -0.11569444444444295      -0.17354166666666856     
   8.7500000000000000        17.500000000000000       -5.7847222222221398E-002 -0.11569444444444500     
   16.625000000000000        24.500000000000000      -0.10990972222222059      -0.16197222222222382     
   14.000000000000000        21.000000000000000       -9.2555555555554031E-002 -0.13883333333333450     
   12.250000000000000        19.250000000000000       -8.0986111111109746E-002 -0.12726388888888979     
   15.750000000000000        22.750000000000000      -0.10412499999999832      -0.15040277777777925     
   5.2500000000000000        15.750000000000000       -3.4708333333332848E-002 -0.10412500000000061     
   9.6250000000000000        17.500000000000000       -6.3631944444443686E-002 -0.11569444444444504     
   17.500000000000000        24.500000000000000      -0.11569444444444278      -0.16197222222222382     
   10.500000000000000        17.500000000000000       -6.9416666666665600E-002 -0.11569444444444504     
   14.875000000000000        21.000000000000000       -9.8340277777775972E-002 -0.13883333333333453     
   7.0000000000000000        15.750000000000000       -4.6277777777777189E-002 -0.10412500000000041     
   11.375000000000000        17.500000000000000       -7.5201388888887749E-002 -0.11569444444444506     
   0.0000000000000000        14.000000000000000        0.0000000000000000       -9.2555555555556460E-002
  0.87500000000000000        14.000000000000000       -5.7847222222221495E-003  -9.2555555555556376E-002
   14.000000000000000        19.250000000000000       -9.2555555555554100E-002 -0.12726388888888979     
   1.7500000000000000        14.000000000000000       -1.1569444444444301E-002  -9.2555555555556376E-002
   15.750000000000000        21.000000000000000      -0.10412499999999807      -0.13883333333333450     
   8.7500000000000000        15.750000000000000       -5.7847222222221391E-002 -0.10412500000000036     
   2.6250000000000000        14.000000000000000       -1.7354166666666424E-002  -9.2555555555556376E-002
   3.5000000000000000        14.000000000000000       -2.3138888888888594E-002  -9.2555555555556376E-002
   12.250000000000000        17.500000000000000       -8.0986111111109760E-002 -0.11569444444444510     
   17.500000000000000        22.750000000000000      -0.11569444444444280      -0.15040277777777911     
   4.3750000000000000        14.000000000000000       -2.8923611111110682E-002  -9.2555555555555974E-002
   5.2500000000000000        14.000000000000000       -3.4708333333332800E-002  -9.2555555555556376E-002
   16.625000000000000        21.000000000000000      -0.10990972222222035      -0.13883333333333453     
   6.1250000000000000        14.000000000000000       -4.0493055555554873E-002  -9.2555555555555974E-002
   13.125000000000000        17.500000000000000       -8.6770833333332048E-002 -0.11569444444444514     
   10.500000000000000        15.750000000000000       -6.9416666666665697E-002 -0.10412500000000036     
   7.0000000000000000        14.000000000000000       -4.6277777777777050E-002  -9.2555555555555960E-002
   15.750000000000000        19.250000000000000      -0.10412499999999830      -0.12726388888888984     
   17.500000000000000        21.000000000000000      -0.11569444444444268      -0.13883333333333453     
   14.000000000000000        17.500000000000000       -9.2555555555554378E-002 -0.11569444444444514     
   7.8750000000000000        14.000000000000000       -5.2062499999999123E-002  -9.2555555555555960E-002
   0.0000000000000000        12.250000000000000        0.0000000000000000       -8.0986111111111911E-002
   8.7500000000000000        14.000000000000000       -5.7847222222221342E-002  -9.2555555555555974E-002
   12.250000000000000        15.750000000000000       -8.0986111111110107E-002 -0.10412500000000061     
   1.7500000000000000        12.250000000000000       -1.1569444444444263E-002  -8.0986111111111911E-002
   14.875000000000000        17.500000000000000       -9.8340277777776486E-002 -0.11569444444444514     
   3.5000000000000000        12.250000000000000       -2.3138888888888581E-002  -8.0986111111111661E-002
   9.6250000000000000        14.000000000000000       -6.3631944444443686E-002  -9.2555555555555960E-002
   5.2500000000000000        12.250000000000000       -3.4708333333332834E-002  -8.0986111111111661E-002
   10.500000000000000        14.000000000000000       -6.9416666666665960E-002  -9.2555555555555960E-002
   15.750000000000000        17.500000000000000      -0.10412499999999880      -0.11569444444444515     
   17.500000000000000        19.250000000000000      -0.11569444444444280      -0.12726388888888987     
   7.0000000000000000        12.250000000000000       -4.6277777777777189E-002  -8.0986111111111647E-002
   14.000000000000000        15.750000000000000       -9.2555555555554420E-002 -0.10412500000000062     
   11.375000000000000        14.000000000000000       -7.5201388888888096E-002  -9.2555555555556002E-002
   16.625000000000000        17.500000000000000      -0.10990972222222060      -0.11569444444444515     
   12.250000000000000        14.000000000000000       -8.0986111111110468E-002  -9.2555555555556376E-002
   8.7500000000000000        12.250000000000000       -5.7847222222221398E-002  -8.0986111111111661E-002
   0.0000000000000000        10.500000000000000        0.0000000000000000       -6.9416666666667168E-002
  0.87500000000000000        10.500000000000000       -5.7847222222221443E-003  -6.9416666666667168E-002
   1.7500000000000000        10.500000000000000       -1.1569444444444263E-002  -6.9416666666667168E-002
   2.6250000000000000        10.500000000000000       -1.7354166666666393E-002  -6.9416666666667237E-002
   3.5000000000000000        10.500000000000000       -2.3138888888888522E-002  -6.9416666666667168E-002
   17.500000000000000        17.500000000000000      -0.11569444444444273      -0.11569444444444515     
   13.125000000000000        14.000000000000000       -8.6770833333332437E-002  -9.2555555555555974E-002
   15.750000000000000        15.750000000000000      -0.10412499999999887      -0.10412500000000062     
   4.3750000000000000        10.500000000000000       -2.8923611111110675E-002  -6.9416666666667237E-002
   5.2500000000000000        10.500000000000000       -3.4708333333332800E-002  -6.9416666666667237E-002
   10.500000000000000        12.250000000000000       -6.9416666666665974E-002  -8.0986111111111675E-002
   14.000000000000000        14.000000000000000       -9.2555555555554503E-002  -9.2555555555555974E-002
   6.1250000000000000        10.500000000000000       -4.0493055555555005E-002  -6.9416666666667237E-002
   7.0000000000000000        10.500000000000000       -4.6277777777777196E-002  -6.9416666666667168E-002
   14.875000000000000        14.000000000000000       -9.8340277777776791E-002  -9.2555555555555974E-002
   7.8750000000000000        10.500000000000000       -5.2062499999999401E-002  -6.9416666666667237E-002
   12.250000000000000        12.250000000000000       -8.0986111111110398E-002  -8.0986111111111675E-002
   17.500000000000000        15.750000000000000      -0.11569444444444302      -0.10412500000000068     
   8.7500000000000000        10.500000000000000       -5.7847222222221370E-002  -6.9416666666667237E-002
   15.750000000000000        14.000000000000000      -0.10412499999999912       -9.2555555555555974E-002
   0.0000000000000000        8.7500000000000000        0.0000000000000000       -5.7847222222222543E-002
   1.7500000000000000        8.7500000000000000       -1.1569444444444290E-002  -5.7847222222222543E-002
   9.6250000000000000        10.500000000000000       -6.3631944444443686E-002  -6.9416666666667251E-002
   3.5000000000000000        8.7500000000000000       -2.3138888888888598E-002  -5.7847222222222570E-002
   10.500000000000000        10.500000000000000       -6.9416666666665697E-002  -6.9416666666667237E-002
   14.000000000000000        12.250000000000000       -9.2555555555554489E-002  -8.0986111111111647E-002
   5.2500000000000000        8.7500000000000000       -3.4708333333332848E-002  -5.7847222222222577E-002
   16.625000000000000        14.000000000000000      -0.10990972222222144       -9.2555555555555974E-002
   11.375000000000000        10.500000000000000       -7.5201388888888013E-002  -6.9416666666667237E-002
   7.0000000000000000        8.7500000000000000       -4.6277777777777196E-002  -5.7847222222222654E-002
   17.500000000000000        14.000000000000000      -0.11569444444444364       -9.2555555555556376E-002
   12.250000000000000        10.500000000000000       -8.0986111111110107E-002  -6.9416666666667237E-002
   15.750000000000000        12.250000000000000      -0.10412499999999913       -8.0986111111111592E-002
   8.7500000000000000        8.7500000000000000       -5.7847222222221398E-002  -5.7847222222222577E-002
   13.125000000000000        10.500000000000000       -8.6770833333332353E-002  -6.9416666666667237E-002
   0.0000000000000000        7.0000000000000000        0.0000000000000000       -4.6277777777777952E-002
  0.87500000000000000        7.0000000000000000       -5.7847222222221694E-003  -4.6277777777777987E-002
   1.7500000000000000        7.0000000000000000       -1.1569444444444341E-002  -4.6277777777778188E-002
   2.6250000000000000        7.0000000000000000       -1.7354166666666497E-002  -4.6277777777778001E-002
   3.5000000000000000        7.0000000000000000       -2.3138888888888605E-002  -4.6277777777778188E-002
   14.000000000000000        10.500000000000000       -9.2555555555554433E-002  -6.9416666666667237E-002
   10.500000000000000        8.7500000000000000       -6.9416666666665960E-002  -5.7847222222222577E-002
   4.3750000000000000        7.0000000000000000       -2.8923611111110741E-002  -4.6277777777778195E-002
   5.2500000000000000        7.0000000000000000       -3.4708333333332994E-002  -4.6277777777778223E-002
   6.1250000000000000        7.0000000000000000       -4.0493055555555053E-002  -4.6277777777778230E-002
   14.875000000000000        10.500000000000000       -9.8340277777776777E-002  -6.9416666666667237E-002
   17.500000000000000        12.250000000000000      -0.11569444444444366       -8.0986111111111647E-002
   7.0000000000000000        7.0000000000000000       -4.6277777777777217E-002  -4.6277777777778230E-002
   12.250000000000000        8.7500000000000000       -8.0986111111110037E-002  -5.7847222222222577E-002
   7.8750000000000000        7.0000000000000000       -5.2062499999999408E-002  -4.6277777777778223E-002
   15.750000000000000        10.500000000000000      -0.10412499999999912       -6.9416666666667168E-002
   8.7500000000000000        7.0000000000000000       -5.7847222222221391E-002  -4.6277777777778195E-002
   16.625000000000000        10.500000000000000      -0.10990972222222149       -6.9416666666667168E-002
   9.6250000000000000        7.0000000000000000       -6.3631944444443714E-002  -4.6277777777778188E-002
   14.000000000000000        8.7500000000000000       -9.2555555555554420E-002  -5.7847222222222577E-002
   0.0000000000000000        5.2500000000000000        0.0000000000000000       -3.4708333333333619E-002
   1.7500000000000000        5.2500000000000000       -1.1569444444444299E-002  -3.4708333333333632E-002
   10.500000000000000        7.0000000000000000       -6.9416666666665960E-002  -4.6277777777778195E-002
   3.5000000000000000        5.2500000000000000       -2.3138888888888601E-002  -3.4708333333333632E-002
   17.500000000000000        10.500000000000000      -0.11569444444444382       -6.9416666666667140E-002
   5.2500000000000000        5.2500000000000000       -3.4708333333332848E-002  -3.4708333333333646E-002
   11.375000000000000        7.0000000000000000       -7.5201388888887985E-002  -4.6277777777778195E-002
   7.0000000000000000        5.2500000000000000       -4.6277777777777203E-002  -3.4708333333333646E-002
   12.250000000000000        7.0000000000000000       -8.0986111111110010E-002  -4.6277777777778195E-002
   15.750000000000000        8.7500000000000000      -0.10412499999999887       -5.7847222222222577E-002
   13.125000000000000        7.0000000000000000       -8.6770833333332062E-002  -4.6277777777778188E-002
   8.7500000000000000        5.2500000000000000       -5.7847222222221398E-002  -3.4708333333333632E-002
   14.000000000000000        7.0000000000000000       -9.2555555555554322E-002  -4.6277777777778195E-002
   0.0000000000000000        3.5000000000000000        0.0000000000000000       -2.3138888888889094E-002
  0.87500000000000000        3.5000000000000000       -5.7847222222221452E-003  -2.3138888888889098E-002
   10.500000000000000        5.2500000000000000       -6.9416666666665697E-002  -3.4708333333333632E-002
   17.500000000000000        8.7500000000000000      -0.11569444444444359       -5.7847222222222418E-002
   1.7500000000000000        3.5000000000000000       -1.1569444444444289E-002  -2.3138888888889098E-002
   2.6250000000000000        3.5000000000000000       -1.7354166666666393E-002  -2.3138888888889111E-002
   3.5000000000000000        3.5000000000000000       -2.3138888888888522E-002  -2.3138888888889111E-002
   14.875000000000000        7.0000000000000000       -9.8340277777776486E-002  -4.6277777777778188E-002
   4.3750000000000000        3.5000000000000000       -2.8923611111110671E-002  -2.3138888888889115E-002
   5.2500000000000000        3.5000000000000000       -3.4708333333332800E-002  -2.3138888888889167E-002
   6.1250000000000000        3.5000000000000000       -4.0493055555555005E-002  -2.3138888888889170E-002
   15.750000000000000        7.0000000000000000      -0.10412499999999833       -4.6277777777777987E-002
   12.250000000000000        5.2500000000000000       -8.0986111111110023E-002  -3.4708333333333619E-002
   7.0000000000000000        3.5000000000000000       -4.6277777777777203E-002  -2.3138888888889170E-002
   7.8750000000000000        3.5000000000000000       -5.2062499999999401E-002  -2.3138888888889170E-002
   16.625000000000000        7.0000000000000000      -0.10990972222222059       -4.6277777777777980E-002
   8.7500000000000000        3.5000000000000000       -5.7847222222221391E-002  -2.3138888888889167E-002
   14.000000000000000        5.2500000000000000       -9.2555555555554392E-002  -3.4708333333333577E-002
   9.6250000000000000        3.5000000000000000       -6.3631944444443714E-002  -2.3138888888889098E-002
   17.500000000000000        7.0000000000000000      -0.11569444444444278       -4.6277777777777980E-002
   10.500000000000000        3.5000000000000000       -6.9416666666665974E-002  -2.3138888888888993E-002
   0.0000000000000000        1.7500000000000000        0.0000000000000000       -1.1569444444444547E-002
   1.7500000000000000        1.7500000000000000       -1.1569444444444289E-002  -1.1569444444444547E-002
   3.5000000000000000        1.7500000000000000       -2.3138888888888581E-002  -1.1569444444444549E-002
   11.375000000000000        3.5000000000000000       -7.5201388888888013E-002  -2.3138888888888993E-002
   15.750000000000000        5.2500000000000000      -0.10412499999999886       -3.4708333333333438E-002
   5.2500000000000000        1.7500000000000000       -3.4708333333332800E-002  -1.1569444444444585E-002
   12.250000000000000        3.5000000000000000       -8.0986111111110037E-002  -2.3138888888889000E-002
   7.0000000000000000        1.7500000000000000       -4.6277777777777154E-002  -1.1569444444444599E-002
   13.125000000000000        3.5000000000000000       -8.6770833333332117E-002  -2.3138888888888976E-002
   8.7500000000000000        1.7500000000000000       -5.7847222222221349E-002  -1.1569444444444597E-002
   14.000000000000000        3.5000000000000000       -9.2555555555554392E-002  -2.3138888888888921E-002
   17.500000000000000        5.2500000000000000      -0.11569444444444300       -3.4708333333333632E-002
   14.875000000000000        3.5000000000000000       -9.8340277777776694E-002  -2.3138888888888973E-002
   10.500000000000000        1.7500000000000000       -6.9416666666665600E-002  -1.1569444444444495E-002
   0.0000000000000000        0.0000000000000000        0.0000000000000000        0.0000000000000000     
  0.87500000000000000        0.0000000000000000       -5.7847222222221313E-003   0.0000000000000000     
   1.7500000000000000        0.0000000000000000       -1.1569444444444263E-002   0.0000000000000000     
   2.6250000000000000        0.0000000000000000       -1.7354166666666400E-002   0.0000000000000000     
   3.5000000000000000        0.0000000000000000       -2.3138888888888581E-002   0.0000000000000000     
   15.750000000000000        3.5000000000000000      -0.10412499999999907       -2.3138888888888993E-002
   4.3750000000000000        0.0000000000000000       -2.8923611111110685E-002   0.0000000000000000     
   5.2500000000000000        0.0000000000000000       -3.4708333333332834E-002   0.0000000000000000     
   12.250000000000000        1.7500000000000000       -8.0986111111110010E-002  -1.1569444444444486E-002
   6.1250000000000000        0.0000000000000000       -4.0493055555554887E-002   0.0000000000000000     
   16.625000000000000        3.5000000000000000      -0.10990972222222144       -2.3138888888889094E-002
   7.0000000000000000        0.0000000000000000       -4.6277777777777050E-002   0.0000000000000000     
   7.8750000000000000        0.0000000000000000       -5.2062499999998998E-002   0.0000000000000000     
   17.500000000000000        3.5000000000000000      -0.11569444444444381       -2.3138888888889167E-002
   8.7500000000000000        0.0000000000000000       -5.7847222222220919E-002   0.0000000000000000     
   14.000000000000000        1.7500000000000000       -9.2555555555554420E-002  -1.1569444444444486E-002
   9.6250000000000000        0.0000000000000000       -6.3631944444443159E-002   0.0000000000000000     
   10.500000000000000        0.0000000000000000       -6.9416666666665419E-002   0.0000000000000000     
   15.750000000000000        1.7500000000000000      -0.10412499999999907       -1.1569444444444547E-002
   11.375000000000000        0.0000000000000000       -7.5201388888887666E-002   0.0000000000000000     
   12.250000000000000        0.0000000000000000       -8.0986111111109690E-002   0.0000000000000000     
   13.125000000000000        0.0000000000000000       -8.6770833333332020E-002   0.0000000000000000     
   17.500000000000000        1.7500000000000000      -0.11569444444444359       -1.1569444444444460E-002
   14.000000000000000        0.0000000000000000       -9.2555555555554322E-002   0.0000000000000000     
   14.875000000000000        0.0000000000000000       -9.8340277777776680E-002   0.0000000000000000     
   15.750000000000000        0.0000000000000000      -0.10412499999999882        0.0000000000000000     
   16.625000000000000        0.0000000000000000      -0.10990972222222120        0.0000000000000000     
   17.500000000000000        0.0000000000000000      -0.11569444444444366        0.0000000000000000     
