   0.0000000000000000        35.000000000000000        0.0000000000000000      -0.23955555555555683     
  0.87500000000000000        35.000000000000000       -5.9888888888886809E-003 -0.23955555555555672     
   0.0000000000000000        33.250000000000000        0.0000000000000000      -0.22757777777777871     
   1.7500000000000000        35.000000000000000       -1.1977777777777336E-002 -0.23955555555555672     
   1.7500000000000000        33.250000000000000       -1.1977777777777487E-002 -0.22757777777777871     
   2.6250000000000000        35.000000000000000       -1.7966666666666107E-002 -0.23955555555555672     
   0.0000000000000000        31.500000000000000        0.0000000000000000      -0.21560000000000065     
   3.5000000000000000        35.000000000000000       -2.3955555555554859E-002 -0.23955555555555680     
  0.87500000000000000        31.500000000000000       -5.9888888888887390E-003 -0.21560000000000065     
   3.5000000000000000        33.250000000000000       -2.3955555555555029E-002 -0.22757777777777874     
   1.7500000000000000        31.500000000000000       -1.1977777777777514E-002 -0.21560000000000071     
   2.6250000000000000        31.500000000000000       -1.7966666666666246E-002 -0.21560000000000071     
   4.3750000000000000        35.000000000000000       -2.9944444444443462E-002 -0.23955555555555680     
   3.5000000000000000        31.500000000000000       -2.3955555555555029E-002 -0.21560000000000071     
   0.0000000000000000        29.750000000000000        0.0000000000000000      -0.20362222222222262     
   5.2500000000000000        35.000000000000000       -3.5933333333332214E-002 -0.23955555555555683     
   1.7500000000000000        29.750000000000000       -1.1977777777777523E-002 -0.20362222222222265     
   5.2500000000000000        33.250000000000000       -3.5933333333332644E-002 -0.22757777777777879     
   4.3750000000000000        31.500000000000000       -2.9944444444443753E-002 -0.21560000000000074     
   6.1250000000000000        35.000000000000000       -4.1922222222221077E-002 -0.23955555555555691     
   3.5000000000000000        29.750000000000000       -2.3955555555555164E-002 -0.20362222222222279     
   5.2500000000000000        31.500000000000000       -3.5933333333332498E-002 -0.21560000000000082     
   0.0000000000000000        28.000000000000000        0.0000000000000000      -0.19164444444444467     
   7.0000000000000000        35.000000000000000       -4.7911111111109947E-002 -0.23955555555555699     
   6.1250000000000000        31.500000000000000       -4.1922222222221459E-002 -0.21560000000000085     
  0.87500000000000000        28.000000000000000       -5.9888888888888665E-003 -0.19164444444444470     
   7.0000000000000000        33.250000000000000       -4.7911111111110093E-002 -0.22757777777777893     
   1.7500000000000000        28.000000000000000       -1.1977777777777641E-002 -0.19164444444444512     
   5.2500000000000000        29.750000000000000       -3.5933333333332783E-002 -0.20362222222222318     
   2.6250000000000000        28.000000000000000       -1.7966666666666419E-002 -0.19164444444444512     
   7.0000000000000000        31.500000000000000       -4.7911111111110100E-002 -0.21560000000000085     
   3.5000000000000000        28.000000000000000       -2.3955555555555251E-002 -0.19164444444444514     
   7.8750000000000000        35.000000000000000       -5.3899999999998900E-002 -0.23955555555555699     
   4.3750000000000000        28.000000000000000       -2.9944444444444000E-002 -0.19164444444444526     
   7.8750000000000000        31.500000000000000       -5.3899999999998949E-002 -0.21560000000000124     
   8.7500000000000000        35.000000000000000       -5.9888888888887500E-002 -0.23955555555555691     
   0.0000000000000000        26.250000000000000        0.0000000000000000      -0.17966666666666725     
   7.0000000000000000        29.750000000000000       -4.7911111111110363E-002 -0.20362222222222318     
   5.2500000000000000        28.000000000000000       -3.5933333333332790E-002 -0.19164444444444528     
   8.7500000000000000        33.250000000000000       -5.9888888888887867E-002 -0.22757777777777893     
   1.7500000000000000        26.250000000000000       -1.1977777777777641E-002 -0.17966666666666722     
   6.1250000000000000        28.000000000000000       -4.1922222222221688E-002 -0.19164444444444526     
   8.7500000000000000        31.500000000000000       -5.9888888888887847E-002 -0.21560000000000126     
   3.5000000000000000        26.250000000000000       -2.3955555555555265E-002 -0.17966666666666725     
   9.6250000000000000        35.000000000000000       -6.5877777777776383E-002 -0.23955555555555699     
   7.0000000000000000        28.000000000000000       -4.7911111111110669E-002 -0.19164444444444514     
   8.7500000000000000        29.750000000000000       -5.9888888888887999E-002 -0.20362222222222429     
   5.2500000000000000        26.250000000000000       -3.5933333333332838E-002 -0.17966666666666803     
   9.6250000000000000        31.500000000000000       -6.5877777777776578E-002 -0.21560000000000137     
   10.500000000000000        35.000000000000000       -7.1866666666665260E-002 -0.23955555555555702     
   0.0000000000000000        24.500000000000000        0.0000000000000000      -0.16768888888889003     
   7.8750000000000000        28.000000000000000       -5.3899999999999545E-002 -0.19164444444444528     
  0.87500000000000000        24.500000000000000       -5.9888888888888128E-003 -0.16768888888888989     
   1.7500000000000000        24.500000000000000       -1.1977777777777631E-002 -0.16768888888888989     
   10.500000000000000        33.250000000000000       -7.1866666666665552E-002 -0.22757777777777941     
   2.6250000000000000        24.500000000000000       -1.7966666666666419E-002 -0.16768888888888989     
   3.5000000000000000        24.500000000000000       -2.3955555555555237E-002 -0.16768888888888989     
   10.500000000000000        31.500000000000000       -7.1866666666665385E-002 -0.21560000000000243     
   8.7500000000000000        28.000000000000000       -5.9888888888888145E-002 -0.19164444444444620     
   7.0000000000000000        26.250000000000000       -4.7911111111110523E-002 -0.17966666666666803     
   11.375000000000000        35.000000000000000       -7.7855555555554026E-002 -0.23955555555555744     
   4.3750000000000000        24.500000000000000       -2.9944444444444000E-002 -0.16768888888888989     
   10.500000000000000        29.750000000000000       -7.1866666666665649E-002 -0.20362222222222431     
   5.2500000000000000        24.500000000000000       -3.5933333333332790E-002 -0.16768888888888989     
   11.375000000000000        31.500000000000000       -7.7855555555554359E-002 -0.21560000000000246     
   9.6250000000000000        28.000000000000000       -6.5877777777777036E-002 -0.19164444444444620     
   6.1250000000000000        24.500000000000000       -4.1922222222221653E-002 -0.16768888888888991     
   0.0000000000000000        22.750000000000000        0.0000000000000000      -0.15571111111111177     
   12.250000000000000        35.000000000000000       -8.3844444444443042E-002 -0.23955555555555744     
   12.250000000000000        33.250000000000000       -8.3844444444443320E-002 -0.22757777777778057     
   1.7500000000000000        22.750000000000000       -1.1977777777777631E-002 -0.15571111111111191     
   8.7500000000000000        26.250000000000000       -5.9888888888888138E-002 -0.17966666666666822     
   7.0000000000000000        24.500000000000000       -4.7911111111110523E-002 -0.16768888888888991     
   10.500000000000000        28.000000000000000       -7.1866666666665940E-002 -0.19164444444444620     
   3.5000000000000000        22.750000000000000       -2.3955555555555265E-002 -0.15571111111111191     
   12.250000000000000        31.500000000000000       -8.3844444444443306E-002 -0.21560000000000257     
   7.8750000000000000        24.500000000000000       -5.3899999999999421E-002 -0.16768888888889008     
   13.125000000000000        35.000000000000000       -8.9833333333332321E-002 -0.23955555555555746     
   5.2500000000000000        22.750000000000000       -3.5933333333332970E-002 -0.15571111111111194     
   12.250000000000000        29.750000000000000       -8.3844444444443306E-002 -0.20362222222222445     
   11.375000000000000        28.000000000000000       -7.7855555555554665E-002 -0.19164444444444631     
   13.125000000000000        31.500000000000000       -8.9833333333332085E-002 -0.21560000000000293     
   10.500000000000000        26.250000000000000       -7.1866666666665954E-002 -0.17966666666666820     
   8.7500000000000000        24.500000000000000       -5.9888888888888110E-002 -0.16768888888889055     
   0.0000000000000000        21.000000000000000        0.0000000000000000      -0.14373333333333360     
   14.000000000000000        35.000000000000000       -9.5822222222221407E-002 -0.23955555555555744     
  0.87500000000000000        21.000000000000000       -5.9888888888888197E-003 -0.14373333333333380     
   14.000000000000000        33.250000000000000       -9.5822222222221115E-002 -0.22757777777778054     
   7.0000000000000000        22.750000000000000       -4.7911111111110523E-002 -0.15571111111111244     
   12.250000000000000        28.000000000000000       -8.3844444444443320E-002 -0.19164444444444634     
   1.7500000000000000        21.000000000000000       -1.1977777777777639E-002 -0.14373333333333432     
   9.6250000000000000        24.500000000000000       -6.5877777777776994E-002 -0.16768888888889055     
   2.6250000000000000        21.000000000000000       -1.7966666666666509E-002 -0.14373333333333432     
   14.000000000000000        31.500000000000000       -9.5822222222221060E-002 -0.21560000000000257     
   3.5000000000000000        21.000000000000000       -2.3955555555555282E-002 -0.14373333333333435     
   4.3750000000000000        21.000000000000000       -2.9944444444444069E-002 -0.14373333333333435     
   10.500000000000000        24.500000000000000       -7.1866666666665649E-002 -0.16768888888889008     
   13.125000000000000        28.000000000000000       -8.9833333333332016E-002 -0.19164444444444634     
   14.875000000000000        35.000000000000000      -0.10181111111111037      -0.23955555555555735     
   14.000000000000000        29.750000000000000       -9.5822222222221004E-002 -0.20362222222222484     
   5.2500000000000000        21.000000000000000       -3.5933333333332977E-002 -0.14373333333333435     
   8.7500000000000000        22.750000000000000       -5.9888888888888027E-002 -0.15571111111111244     
   12.250000000000000        26.250000000000000       -8.3844444444443292E-002 -0.17966666666666820     
   6.1250000000000000        21.000000000000000       -4.1922222222221694E-002 -0.14373333333333438     
   14.875000000000000        31.500000000000000      -0.10181111111111009      -0.21560000000000254     
   11.375000000000000        24.500000000000000       -7.7855555555554387E-002 -0.16768888888889008     
   14.000000000000000        28.000000000000000       -9.5822222222221004E-002 -0.19164444444444634     
   7.0000000000000000        21.000000000000000       -4.7911111111110530E-002 -0.14373333333333438     
   0.0000000000000000        19.250000000000000        0.0000000000000000      -0.13175555555555626     
   15.750000000000000        35.000000000000000      -0.10779999999999913      -0.23955555555555733     
   15.750000000000000        33.250000000000000      -0.10779999999999910      -0.22757777777777941     
   1.7500000000000000        19.250000000000000       -1.1977777777777641E-002 -0.13175555555555643     
   7.8750000000000000        21.000000000000000       -5.3899999999999393E-002 -0.14373333333333438     
   3.5000000000000000        19.250000000000000       -2.3955555555555282E-002 -0.13175555555555629     
   10.500000000000000        22.750000000000000       -7.1866666666665580E-002 -0.15571111111111244     
   15.750000000000000        31.500000000000000      -0.10779999999999912      -0.21560000000000246     
   12.250000000000000        24.500000000000000       -8.3844444444443056E-002 -0.16768888888889008     
   14.875000000000000        28.000000000000000      -0.10181111111110971      -0.19164444444444634     
   14.000000000000000        26.250000000000000       -9.5822222222221004E-002 -0.17966666666666822     
   8.7500000000000000        21.000000000000000       -5.9888888888888006E-002 -0.14373333333333438     
   15.750000000000000        29.750000000000000      -0.10779999999999879      -0.20362222222222442     
   5.2500000000000000        19.250000000000000       -3.5933333333333019E-002 -0.13175555555555646     
   16.625000000000000        35.000000000000000      -0.11378888888888808      -0.23955555555555702     
   13.125000000000000        24.500000000000000       -8.9833333333332002E-002 -0.16768888888889055     
   9.6250000000000000        21.000000000000000       -6.5877777777776897E-002 -0.14373333333333438     
   16.625000000000000        31.500000000000000      -0.11378888888888808      -0.21560000000000243     
   7.0000000000000000        19.250000000000000       -4.7911111111110523E-002 -0.13175555555555643     
   15.750000000000000        28.000000000000000      -0.10779999999999818      -0.19164444444444634     
   12.250000000000000        22.750000000000000       -8.3844444444443042E-002 -0.15571111111111244     
   14.000000000000000        24.500000000000000       -9.5822222222220949E-002 -0.16768888888889008     
   17.500000000000000        35.000000000000000      -0.11977777777777629      -0.23955555555555733     
   0.0000000000000000        17.500000000000000        0.0000000000000000      -0.11977777777777840     
   10.500000000000000        21.000000000000000       -7.1866666666665552E-002 -0.14373333333333435     
  0.87500000000000000        17.500000000000000       -5.9888888888888344E-003 -0.11977777777777841     
   1.7500000000000000        17.500000000000000       -1.1977777777777639E-002 -0.11977777777777844     
   17.500000000000000        33.250000000000000      -0.11977777777777714      -0.22757777777777932     
   2.6250000000000000        17.500000000000000       -1.7966666666666509E-002 -0.11977777777777844     
   17.500000000000000        31.500000000000000      -0.11977777777777696      -0.21560000000000137     
   3.5000000000000000        17.500000000000000       -2.3955555555555282E-002 -0.11977777777777844     
   8.7500000000000000        19.250000000000000       -5.9888888888888027E-002 -0.13175555555555643     
   15.750000000000000        26.250000000000000      -0.10779999999999877      -0.17966666666666822     
   4.3750000000000000        17.500000000000000       -2.9944444444444072E-002 -0.11977777777777844     
   11.375000000000000        21.000000000000000       -7.7855555555554290E-002 -0.14373333333333438     
   16.625000000000000        28.000000000000000      -0.11378888888888702      -0.19164444444444634     
   14.875000000000000        24.500000000000000      -0.10181111111110970      -0.16768888888889055     
   17.500000000000000        29.750000000000000      -0.11977777777777628      -0.20362222222222429     
   5.2500000000000000        17.500000000000000       -3.5933333333332977E-002 -0.11977777777777844     
   6.1250000000000000        17.500000000000000       -4.1922222222221694E-002 -0.11977777777777844     
   14.000000000000000        22.750000000000000       -9.5822222222220935E-002 -0.15571111111111244     
   12.250000000000000        21.000000000000000       -8.3844444444442973E-002 -0.14373333333333452     
   7.0000000000000000        17.500000000000000       -4.7911111111110558E-002 -0.11977777777777841     
   17.500000000000000        28.000000000000000      -0.11977777777777605      -0.19164444444444631     
   10.500000000000000        19.250000000000000       -7.1866666666665580E-002 -0.13175555555555643     
   15.750000000000000        24.500000000000000      -0.10779999999999818      -0.16768888888889058     
   7.8750000000000000        17.500000000000000       -5.3899999999999393E-002 -0.11977777777777840     
   13.125000000000000        21.000000000000000       -8.9833333333331905E-002 -0.14373333333333452     
   0.0000000000000000        15.750000000000000        0.0000000000000000      -0.10780000000000063     
   1.7500000000000000        15.750000000000000       -1.1977777777777631E-002 -0.10780000000000062     
   3.5000000000000000        15.750000000000000       -2.3955555555555258E-002 -0.10780000000000062     
   17.500000000000000        26.250000000000000      -0.11977777777777622      -0.17966666666666864     
   8.7500000000000000        17.500000000000000       -5.9888888888888034E-002 -0.11977777777777836     
   16.625000000000000        24.500000000000000      -0.11378888888888719      -0.16768888888889055     
   14.000000000000000        21.000000000000000       -9.5822222222220657E-002 -0.14373333333333455     
   12.250000000000000        19.250000000000000       -8.3844444444443028E-002 -0.13175555555555649     
   15.750000000000000        22.750000000000000      -0.10779999999999824      -0.15571111111111263     
   5.2500000000000000        15.750000000000000       -3.5933333333332838E-002 -0.10780000000000062     
   9.6250000000000000        17.500000000000000       -6.5877777777776994E-002 -0.11977777777777840     
   17.500000000000000        24.500000000000000      -0.11977777777777605      -0.16768888888889055     
   10.500000000000000        17.500000000000000       -7.1866666666665580E-002 -0.11977777777777840     
   14.875000000000000        21.000000000000000      -0.10181111111110923      -0.14373333333333457     
   7.0000000000000000        15.750000000000000       -4.7911111111110502E-002 -0.10780000000000042     
   11.375000000000000        17.500000000000000       -7.7855555555554359E-002 -0.11977777777777841     
   0.0000000000000000        14.000000000000000        0.0000000000000000       -9.5822222222223169E-002
  0.87500000000000000        14.000000000000000       -5.9888888888888136E-003  -9.5822222222223086E-002
   14.000000000000000        19.250000000000000       -9.5822222222220726E-002 -0.13175555555555649     
   1.7500000000000000        14.000000000000000       -1.1977777777777629E-002  -9.5822222222223086E-002
   15.750000000000000        21.000000000000000      -0.10779999999999799      -0.14373333333333455     
   8.7500000000000000        15.750000000000000       -5.9888888888888027E-002 -0.10780000000000037     
   2.6250000000000000        14.000000000000000       -1.7966666666666419E-002  -9.5822222222223086E-002
   3.5000000000000000        14.000000000000000       -2.3955555555555251E-002  -9.5822222222223086E-002
   12.250000000000000        17.500000000000000       -8.3844444444443042E-002 -0.11977777777777845     
   17.500000000000000        22.750000000000000      -0.11977777777777607      -0.15571111111111249     
   4.3750000000000000        14.000000000000000       -2.9944444444444000E-002  -9.5822222222222642E-002
   5.2500000000000000        14.000000000000000       -3.5933333333332790E-002  -9.5822222222223086E-002
   16.625000000000000        21.000000000000000      -0.11378888888888695      -0.14373333333333457     
   6.1250000000000000        14.000000000000000       -4.1922222222221514E-002  -9.5822222222222642E-002
   13.125000000000000        17.500000000000000       -8.9833333333332002E-002 -0.11977777777777850     
   10.500000000000000        15.750000000000000       -7.1866666666665677E-002 -0.10780000000000037     
   7.0000000000000000        14.000000000000000       -4.7911111111110363E-002  -9.5822222222222628E-002
   15.750000000000000        19.250000000000000      -0.10779999999999823      -0.13175555555555654     
   17.500000000000000        21.000000000000000      -0.11977777777777596      -0.14373333333333457     
   14.000000000000000        17.500000000000000       -9.5822222222221004E-002 -0.11977777777777850     
   7.8750000000000000        14.000000000000000       -5.3899999999999088E-002  -9.5822222222222628E-002
   0.0000000000000000        12.250000000000000        0.0000000000000000       -8.3844444444445276E-002
   8.7500000000000000        14.000000000000000       -5.9888888888887978E-002  -9.5822222222222642E-002
   12.250000000000000        15.750000000000000       -8.3844444444443389E-002 -0.10780000000000062     
   1.7500000000000000        12.250000000000000       -1.1977777777777591E-002  -8.3844444444445276E-002
   14.875000000000000        17.500000000000000      -0.10181111111110978      -0.11977777777777850     
   3.5000000000000000        12.250000000000000       -2.3955555555555237E-002  -8.3844444444445027E-002
   9.6250000000000000        14.000000000000000       -6.5877777777776994E-002  -9.5822222222222628E-002
   5.2500000000000000        12.250000000000000       -3.5933333333332824E-002  -8.3844444444445027E-002
   10.500000000000000        14.000000000000000       -7.1866666666665940E-002  -9.5822222222222628E-002
   15.750000000000000        17.500000000000000      -0.10779999999999877      -0.11977777777777851     
   17.500000000000000        19.250000000000000      -0.11977777777777607      -0.13175555555555657     
   7.0000000000000000        12.250000000000000       -4.7911111111110502E-002  -8.3844444444445013E-002
   14.000000000000000        15.750000000000000       -9.5822222222221046E-002 -0.10780000000000063     
   11.375000000000000        14.000000000000000       -7.7855555555554748E-002  -9.5822222222222669E-002
   16.625000000000000        17.500000000000000      -0.11378888888888720      -0.11977777777777851     
   12.250000000000000        14.000000000000000       -8.3844444444443791E-002  -9.5822222222223086E-002
   8.7500000000000000        12.250000000000000       -5.9888888888888034E-002  -8.3844444444445027E-002
   0.0000000000000000        10.500000000000000        0.0000000000000000       -7.1866666666667189E-002
  0.87500000000000000        10.500000000000000       -5.9888888888888084E-003  -7.1866666666667189E-002
   1.7500000000000000        10.500000000000000       -1.1977777777777591E-002  -7.1866666666667189E-002
   2.6250000000000000        10.500000000000000       -1.7966666666666388E-002  -7.1866666666667259E-002
   3.5000000000000000        10.500000000000000       -2.3955555555555178E-002  -7.1866666666667189E-002
   17.500000000000000        17.500000000000000      -0.11977777777777600      -0.11977777777777851     
   13.125000000000000        14.000000000000000       -8.9833333333332391E-002  -9.5822222222222642E-002
   15.750000000000000        15.750000000000000      -0.10779999999999884      -0.10780000000000063     
   4.3750000000000000        10.500000000000000       -2.9944444444443993E-002  -7.1866666666667259E-002
   5.2500000000000000        10.500000000000000       -3.5933333333332790E-002  -7.1866666666667259E-002
   10.500000000000000        12.250000000000000       -7.1866666666665954E-002  -8.3844444444445040E-002
   14.000000000000000        14.000000000000000       -9.5822222222221129E-002  -9.5822222222222642E-002
   6.1250000000000000        10.500000000000000       -4.1922222222221646E-002  -7.1866666666667259E-002
   7.0000000000000000        10.500000000000000       -4.7911111111110509E-002  -7.1866666666667189E-002
   14.875000000000000        14.000000000000000      -0.10181111111111009       -9.5822222222222642E-002
   7.8750000000000000        10.500000000000000       -5.3899999999999386E-002  -7.1866666666667259E-002
   12.250000000000000        12.250000000000000       -8.3844444444443722E-002  -8.3844444444445040E-002
   17.500000000000000        15.750000000000000      -0.11977777777777629      -0.10780000000000069     
   8.7500000000000000        10.500000000000000       -5.9888888888888006E-002  -7.1866666666667259E-002
   15.750000000000000        14.000000000000000      -0.10779999999999909       -9.5822222222222642E-002
   0.0000000000000000        8.7500000000000000        0.0000000000000000       -5.9888888888889220E-002
   1.7500000000000000        8.7500000000000000       -1.1977777777777619E-002  -5.9888888888889220E-002
   9.6250000000000000        10.500000000000000       -6.5877777777776994E-002  -7.1866666666667273E-002
   3.5000000000000000        8.7500000000000000       -2.3955555555555254E-002  -5.9888888888889248E-002
   10.500000000000000        10.500000000000000       -7.1866666666665677E-002  -7.1866666666667259E-002
   14.000000000000000        12.250000000000000       -9.5822222222221115E-002  -8.3844444444445013E-002
   5.2500000000000000        8.7500000000000000       -3.5933333333332838E-002  -5.9888888888889255E-002
   16.625000000000000        14.000000000000000      -0.11378888888888808       -9.5822222222222642E-002
   11.375000000000000        10.500000000000000       -7.7855555555554665E-002  -7.1866666666667259E-002
   7.0000000000000000        8.7500000000000000       -4.7911111111110509E-002  -5.9888888888889331E-002
   17.500000000000000        14.000000000000000      -0.11977777777777696       -9.5822222222223086E-002
   12.250000000000000        10.500000000000000       -8.3844444444443389E-002  -7.1866666666667259E-002
   15.750000000000000        12.250000000000000      -0.10779999999999910       -8.3844444444444957E-002
   8.7500000000000000        8.7500000000000000       -5.9888888888888034E-002  -5.9888888888889255E-002
   13.125000000000000        10.500000000000000       -8.9833333333332308E-002  -7.1866666666667259E-002
   0.0000000000000000        7.0000000000000000        0.0000000000000000       -4.7911111111111286E-002
  0.87500000000000000        7.0000000000000000       -5.9888888888888336E-003  -4.7911111111111321E-002
   1.7500000000000000        7.0000000000000000       -1.1977777777777669E-002  -4.7911111111111543E-002
   2.6250000000000000        7.0000000000000000       -1.7966666666666492E-002  -4.7911111111111335E-002
   3.5000000000000000        7.0000000000000000       -2.3955555555555261E-002  -4.7911111111111543E-002
   14.000000000000000        10.500000000000000       -9.5822222222221060E-002  -7.1866666666667259E-002
   10.500000000000000        8.7500000000000000       -7.1866666666665940E-002  -5.9888888888889255E-002
   4.3750000000000000        7.0000000000000000       -2.9944444444444059E-002  -4.7911111111111550E-002
   5.2500000000000000        7.0000000000000000       -3.5933333333332984E-002  -4.7911111111111578E-002
   6.1250000000000000        7.0000000000000000       -4.1922222222221694E-002  -4.7911111111111584E-002
   14.875000000000000        10.500000000000000      -0.10181111111111008       -7.1866666666667259E-002
   17.500000000000000        12.250000000000000      -0.11977777777777697       -8.3844444444445013E-002
   7.0000000000000000        7.0000000000000000       -4.7911111111110530E-002  -4.7911111111111584E-002
   12.250000000000000        8.7500000000000000       -8.3844444444443320E-002  -5.9888888888889255E-002
   7.8750000000000000        7.0000000000000000       -5.3899999999999393E-002  -4.7911111111111578E-002
   15.750000000000000        10.500000000000000      -0.10779999999999909       -7.1866666666667189E-002
   8.7500000000000000        7.0000000000000000       -5.9888888888888027E-002  -4.7911111111111550E-002
   16.625000000000000        10.500000000000000      -0.11378888888888813       -7.1866666666667189E-002
   9.6250000000000000        7.0000000000000000       -6.5877777777777022E-002  -4.7911111111111543E-002
   14.000000000000000        8.7500000000000000       -9.5822222222221046E-002  -5.9888888888889255E-002
   0.0000000000000000        5.2500000000000000        0.0000000000000000       -3.5933333333333629E-002
   1.7500000000000000        5.2500000000000000       -1.1977777777777627E-002  -3.5933333333333643E-002
   10.500000000000000        7.0000000000000000       -7.1866666666665940E-002  -4.7911111111111550E-002
   3.5000000000000000        5.2500000000000000       -2.3955555555555258E-002  -3.5933333333333643E-002
   17.500000000000000        10.500000000000000      -0.11977777777777714       -7.1866666666667162E-002
   5.2500000000000000        5.2500000000000000       -3.5933333333332838E-002  -3.5933333333333657E-002
   11.375000000000000        7.0000000000000000       -7.7855555555554637E-002  -4.7911111111111550E-002
   7.0000000000000000        5.2500000000000000       -4.7911111111110516E-002  -3.5933333333333657E-002
   12.250000000000000        7.0000000000000000       -8.3844444444443292E-002  -4.7911111111111550E-002
   15.750000000000000        8.7500000000000000      -0.10779999999999884       -5.9888888888889255E-002
   13.125000000000000        7.0000000000000000       -8.9833333333332016E-002  -4.7911111111111543E-002
   8.7500000000000000        5.2500000000000000       -5.9888888888888034E-002  -3.5933333333333643E-002
   14.000000000000000        7.0000000000000000       -9.5822222222220949E-002  -4.7911111111111550E-002
   0.0000000000000000        3.5000000000000000        0.0000000000000000       -2.3955555555555771E-002
  0.87500000000000000        3.5000000000000000       -5.9888888888888093E-003  -2.3955555555555775E-002
   10.500000000000000        5.2500000000000000       -7.1866666666665677E-002  -3.5933333333333643E-002
   17.500000000000000        8.7500000000000000      -0.11977777777777690       -5.9888888888889096E-002
   1.7500000000000000        3.5000000000000000       -1.1977777777777617E-002  -2.3955555555555775E-002
   2.6250000000000000        3.5000000000000000       -1.7966666666666388E-002  -2.3955555555555789E-002
   3.5000000000000000        3.5000000000000000       -2.3955555555555178E-002  -2.3955555555555789E-002
   14.875000000000000        7.0000000000000000      -0.10181111111110978       -4.7911111111111543E-002
   4.3750000000000000        3.5000000000000000       -2.9944444444443989E-002  -2.3955555555555792E-002
   5.2500000000000000        3.5000000000000000       -3.5933333333332790E-002  -2.3955555555555844E-002
   6.1250000000000000        3.5000000000000000       -4.1922222222221646E-002  -2.3955555555555848E-002
   15.750000000000000        7.0000000000000000      -0.10779999999999826       -4.7911111111111321E-002
   12.250000000000000        5.2500000000000000       -8.3844444444443306E-002  -3.5933333333333629E-002
   7.0000000000000000        3.5000000000000000       -4.7911111111110516E-002  -2.3955555555555848E-002
   7.8750000000000000        3.5000000000000000       -5.3899999999999386E-002  -2.3955555555555848E-002
   16.625000000000000        7.0000000000000000      -0.11378888888888719       -4.7911111111111314E-002
   8.7500000000000000        3.5000000000000000       -5.9888888888888027E-002  -2.3955555555555844E-002
   14.000000000000000        5.2500000000000000       -9.5822222222221018E-002  -3.5933333333333588E-002
   9.6250000000000000        3.5000000000000000       -6.5877777777777022E-002  -2.3955555555555775E-002
   17.500000000000000        7.0000000000000000      -0.11977777777777605       -4.7911111111111314E-002
   10.500000000000000        3.5000000000000000       -7.1866666666665954E-002  -2.3955555555555660E-002
   0.0000000000000000        1.7500000000000000        0.0000000000000000       -1.1977777777777886E-002
   1.7500000000000000        1.7500000000000000       -1.1977777777777617E-002  -1.1977777777777886E-002
   3.5000000000000000        1.7500000000000000       -2.3955555555555237E-002  -1.1977777777777887E-002
   11.375000000000000        3.5000000000000000       -7.7855555555554665E-002  -2.3955555555555660E-002
   15.750000000000000        5.2500000000000000      -0.10779999999999883       -3.5933333333333449E-002
   5.2500000000000000        1.7500000000000000       -3.5933333333332790E-002  -1.1977777777777924E-002
   12.250000000000000        3.5000000000000000       -8.3844444444443320E-002  -2.3955555555555667E-002
   7.0000000000000000        1.7500000000000000       -4.7911111111110467E-002  -1.1977777777777938E-002
   13.125000000000000        3.5000000000000000       -8.9833333333332072E-002  -2.3955555555555643E-002
   8.7500000000000000        1.7500000000000000       -5.9888888888887985E-002  -1.1977777777777936E-002
   14.000000000000000        3.5000000000000000       -9.5822222222221018E-002  -2.3955555555555588E-002
   17.500000000000000        5.2500000000000000      -0.11977777777777628       -3.5933333333333643E-002
   14.875000000000000        3.5000000000000000      -0.10181111111110999       -2.3955555555555640E-002
   10.500000000000000        1.7500000000000000       -7.1866666666665580E-002  -1.1977777777777828E-002
   0.0000000000000000        0.0000000000000000        0.0000000000000000        0.0000000000000000     
  0.87500000000000000        0.0000000000000000       -5.9888888888887954E-003   0.0000000000000000     
   1.7500000000000000        0.0000000000000000       -1.1977777777777591E-002   0.0000000000000000     
   2.6250000000000000        0.0000000000000000       -1.7966666666666395E-002   0.0000000000000000     
   3.5000000000000000        0.0000000000000000       -2.3955555555555237E-002   0.0000000000000000     
   15.750000000000000        3.5000000000000000      -0.10779999999999904       -2.3955555555555660E-002
   4.3750000000000000        0.0000000000000000       -2.9944444444444003E-002   0.0000000000000000     
   5.2500000000000000        0.0000000000000000       -3.5933333333332824E-002   0.0000000000000000     
   12.250000000000000        1.7500000000000000       -8.3844444444443292E-002  -1.1977777777777820E-002
   6.1250000000000000        0.0000000000000000       -4.1922222222221528E-002   0.0000000000000000     
   16.625000000000000        3.5000000000000000      -0.11378888888888808       -2.3955555555555771E-002
   7.0000000000000000        0.0000000000000000       -4.7911111111110363E-002   0.0000000000000000     
   7.8750000000000000        0.0000000000000000       -5.3899999999998963E-002   0.0000000000000000     
   17.500000000000000        3.5000000000000000      -0.11977777777777712       -2.3955555555555844E-002
   8.7500000000000000        0.0000000000000000       -5.9888888888887534E-002   0.0000000000000000     
   14.000000000000000        1.7500000000000000       -9.5822222222221046E-002  -1.1977777777777820E-002
   9.6250000000000000        0.0000000000000000       -6.5877777777776467E-002   0.0000000000000000     
   10.500000000000000        0.0000000000000000       -7.1866666666665358E-002   0.0000000000000000     
   15.750000000000000        1.7500000000000000      -0.10779999999999904       -1.1977777777777886E-002
   11.375000000000000        0.0000000000000000       -7.7855555555554276E-002   0.0000000000000000     
   12.250000000000000        0.0000000000000000       -8.3844444444442973E-002   0.0000000000000000     
   13.125000000000000        0.0000000000000000       -8.9833333333331974E-002   0.0000000000000000     
   17.500000000000000        1.7500000000000000      -0.11977777777777690       -1.1977777777777794E-002
   14.000000000000000        0.0000000000000000       -9.5822222222220949E-002   0.0000000000000000     
   14.875000000000000        0.0000000000000000      -0.10181111111110998        0.0000000000000000     
   15.750000000000000        0.0000000000000000      -0.10779999999999879        0.0000000000000000     
   16.625000000000000        0.0000000000000000      -0.11378888888888784        0.0000000000000000     
   17.500000000000000        0.0000000000000000      -0.11977777777777697        0.0000000000000000     
