   0.0000000000000000        35.000000000000000        0.0000000000000000      -0.25044444444444575     
  0.87500000000000000        35.000000000000000       -6.2611111111108928E-003 -0.25044444444444564     
   0.0000000000000000        33.250000000000000        0.0000000000000000      -0.23792222222222320     
   1.7500000000000000        35.000000000000000       -1.2522222222221760E-002 -0.25044444444444564     
   1.7500000000000000        33.250000000000000       -1.2522222222221917E-002 -0.23792222222222320     
   2.6250000000000000        35.000000000000000       -1.8783333333332753E-002 -0.25044444444444564     
   0.0000000000000000        31.500000000000000        0.0000000000000000      -0.22540000000000068     
   3.5000000000000000        35.000000000000000       -2.5044444444443720E-002 -0.25044444444444575     
  0.87500000000000000        31.500000000000000       -6.2611111111109544E-003 -0.22540000000000068     
   3.5000000000000000        33.250000000000000       -2.5044444444443890E-002 -0.23792222222222323     
   1.7500000000000000        31.500000000000000       -1.2522222222221945E-002 -0.22540000000000074     
   2.6250000000000000        31.500000000000000       -1.8783333333332892E-002 -0.22540000000000074     
   4.3750000000000000        35.000000000000000       -3.1305555555554525E-002 -0.25044444444444575     
   3.5000000000000000        31.500000000000000       -2.5044444444443890E-002 -0.22540000000000074     
   0.0000000000000000        29.750000000000000        0.0000000000000000      -0.21287777777777819     
   5.2500000000000000        35.000000000000000       -3.7566666666665506E-002 -0.25044444444444575     
   1.7500000000000000        29.750000000000000       -1.2522222222221954E-002 -0.21287777777777822     
   5.2500000000000000        33.250000000000000       -3.7566666666665936E-002 -0.23792222222222328     
   4.3750000000000000        31.500000000000000       -3.1305555555554830E-002 -0.22540000000000077     
   6.1250000000000000        35.000000000000000       -4.3827777777776571E-002 -0.25044444444444586     
   3.5000000000000000        29.750000000000000       -2.5044444444444040E-002 -0.21287777777777836     
   5.2500000000000000        31.500000000000000       -3.7566666666665791E-002 -0.22540000000000085     
   0.0000000000000000        28.000000000000000        0.0000000000000000      -0.20035555555555579     
   7.0000000000000000        35.000000000000000       -5.0088888888887670E-002 -0.25044444444444597     
   6.1250000000000000        31.500000000000000       -4.3827777777776980E-002 -0.22540000000000088     
  0.87500000000000000        28.000000000000000       -6.2611111111110888E-003 -0.20035555555555581     
   7.0000000000000000        33.250000000000000       -5.0088888888887816E-002 -0.23792222222222342     
   1.7500000000000000        28.000000000000000       -1.2522222222222079E-002 -0.20035555555555623     
   5.2500000000000000        29.750000000000000       -3.7566666666666103E-002 -0.21287777777777875     
   2.6250000000000000        28.000000000000000       -1.8783333333333079E-002 -0.20035555555555623     
   7.0000000000000000        31.500000000000000       -5.0088888888887823E-002 -0.22540000000000088     
   3.5000000000000000        28.000000000000000       -2.5044444444444126E-002 -0.20035555555555626     
   7.8750000000000000        35.000000000000000       -5.6349999999998852E-002 -0.25044444444444597     
   4.3750000000000000        28.000000000000000       -3.1305555555555094E-002 -0.20035555555555637     
   7.8750000000000000        31.500000000000000       -5.6349999999998901E-002 -0.22540000000000127     
   8.7500000000000000        35.000000000000000       -6.2611111111109660E-002 -0.25044444444444586     
   0.0000000000000000        26.250000000000000        0.0000000000000000      -0.18783333333333391     
   7.0000000000000000        29.750000000000000       -5.0088888888888114E-002 -0.21287777777777875     
   5.2500000000000000        28.000000000000000       -3.7566666666666110E-002 -0.20035555555555640     
   8.7500000000000000        33.250000000000000       -6.2611111111110049E-002 -0.23792222222222342     
   1.7500000000000000        26.250000000000000       -1.2522222222222079E-002 -0.18783333333333388     
   6.1250000000000000        28.000000000000000       -4.3827777777777209E-002 -0.20035555555555637     
   8.7500000000000000        31.500000000000000       -6.2611111111110021E-002 -0.22540000000000129     
   3.5000000000000000        26.250000000000000       -2.5044444444444140E-002 -0.18783333333333391     
   9.6250000000000000        35.000000000000000       -6.8872222222220739E-002 -0.25044444444444597     
   7.0000000000000000        28.000000000000000       -5.0088888888888419E-002 -0.20035555555555626     
   8.7500000000000000        29.750000000000000       -6.2611111111110188E-002 -0.21287777777777997     
   5.2500000000000000        26.250000000000000       -3.7566666666666158E-002 -0.18783333333333480     
   9.6250000000000000        31.500000000000000       -6.8872222222220988E-002 -0.22540000000000140     
   10.500000000000000        35.000000000000000       -7.5133333333331845E-002 -0.25044444444444597     
   0.0000000000000000        24.500000000000000        0.0000000000000000      -0.17531111111111233     
   7.8750000000000000        28.000000000000000       -5.6349999999999525E-002 -0.20035555555555640     
  0.87500000000000000        24.500000000000000       -6.2611111111110316E-003 -0.17531111111111219     
   1.7500000000000000        24.500000000000000       -1.2522222222222068E-002 -0.17531111111111219     
   10.500000000000000        33.250000000000000       -7.5133333333332192E-002 -0.23792222222222389     
   2.6250000000000000        24.500000000000000       -1.8783333333333079E-002 -0.17531111111111219     
   3.5000000000000000        24.500000000000000       -2.5044444444444112E-002 -0.17531111111111219     
   10.500000000000000        31.500000000000000       -7.5133333333331970E-002 -0.22540000000000257     
   8.7500000000000000        28.000000000000000       -6.2611111111110326E-002 -0.20035555555555742     
   7.0000000000000000        26.250000000000000       -5.0088888888888274E-002 -0.18783333333333480     
   11.375000000000000        35.000000000000000       -8.1394444444442840E-002 -0.25044444444444641     
   4.3750000000000000        24.500000000000000       -3.1305555555555094E-002 -0.17531111111111219     
   10.500000000000000        29.750000000000000       -7.5133333333332289E-002 -0.21287777777778000     
   5.2500000000000000        24.500000000000000       -3.7566666666666110E-002 -0.17531111111111219     
   11.375000000000000        31.500000000000000       -8.1394444444443173E-002 -0.22540000000000260     
   9.6250000000000000        28.000000000000000       -6.8872222222221446E-002 -0.20035555555555742     
   6.1250000000000000        24.500000000000000       -4.3827777777777174E-002 -0.17531111111111222     
   0.0000000000000000        22.750000000000000        0.0000000000000000      -0.16278888888888962     
   12.250000000000000        35.000000000000000       -8.7655555555554085E-002 -0.25044444444444641     
   12.250000000000000        33.250000000000000       -8.7655555555554363E-002 -0.23792222222222517     
   1.7500000000000000        22.750000000000000       -1.2522222222222068E-002 -0.16278888888888976     
   8.7500000000000000        26.250000000000000       -6.2611111111110326E-002 -0.18783333333333499     
   7.0000000000000000        24.500000000000000       -5.0088888888888274E-002 -0.17531111111111222     
   10.500000000000000        28.000000000000000       -7.5133333333332580E-002 -0.20035555555555742     
   3.5000000000000000        22.750000000000000       -2.5044444444444140E-002 -0.16278888888888976     
   12.250000000000000        31.500000000000000       -8.7655555555554349E-002 -0.22540000000000271     
   7.8750000000000000        24.500000000000000       -5.6349999999999401E-002 -0.17531111111111239     
   13.125000000000000        35.000000000000000       -9.3916666666665594E-002 -0.25044444444444641     
   5.2500000000000000        22.750000000000000       -3.7566666666666290E-002 -0.16278888888888979     
   12.250000000000000        29.750000000000000       -8.7655555555554349E-002 -0.21287777777778014     
   11.375000000000000        28.000000000000000       -8.1394444444443534E-002 -0.20035555555555754     
   13.125000000000000        31.500000000000000       -9.3916666666665358E-002 -0.22540000000000307     
   10.500000000000000        26.250000000000000       -7.5133333333332594E-002 -0.18783333333333496     
   8.7500000000000000        24.500000000000000       -6.2611111111110299E-002 -0.17531111111111286     
   0.0000000000000000        21.000000000000000        0.0000000000000000      -0.15026666666666699     
   14.000000000000000        35.000000000000000      -0.10017777777777691      -0.25044444444444641     
  0.87500000000000000        21.000000000000000       -6.2611111111110385E-003 -0.15026666666666719     
   14.000000000000000        33.250000000000000      -0.10017777777777662      -0.23792222222222514     
   7.0000000000000000        22.750000000000000       -5.0088888888888274E-002 -0.16278888888889029     
   12.250000000000000        28.000000000000000       -8.7655555555554363E-002 -0.20035555555555756     
   1.7500000000000000        21.000000000000000       -1.2522222222222077E-002 -0.15026666666666771     
   9.6250000000000000        24.500000000000000       -6.8872222222221405E-002 -0.17531111111111286     
   2.6250000000000000        21.000000000000000       -1.8783333333333169E-002 -0.15026666666666771     
   14.000000000000000        31.500000000000000      -0.10017777777777656      -0.22540000000000271     
   3.5000000000000000        21.000000000000000       -2.5044444444444158E-002 -0.15026666666666774     
   4.3750000000000000        21.000000000000000       -3.1305555555555163E-002 -0.15026666666666774     
   10.500000000000000        24.500000000000000       -7.5133333333332289E-002 -0.17531111111111239     
   13.125000000000000        28.000000000000000       -9.3916666666665288E-002 -0.20035555555555756     
   14.875000000000000        35.000000000000000      -0.10643888888888810      -0.25044444444444630     
   14.000000000000000        29.750000000000000      -0.10017777777777651      -0.21287777777778052     
   5.2500000000000000        21.000000000000000       -3.7566666666666297E-002 -0.15026666666666774     
   8.7500000000000000        22.750000000000000       -6.2611111111110215E-002 -0.16278888888889029     
   12.250000000000000        26.250000000000000       -8.7655555555554335E-002 -0.18783333333333496     
   6.1250000000000000        21.000000000000000       -4.3827777777777216E-002 -0.15026666666666777     
   14.875000000000000        31.500000000000000      -0.10643888888888782      -0.22540000000000268     
   11.375000000000000        24.500000000000000       -8.1394444444443201E-002 -0.17531111111111239     
   14.000000000000000        28.000000000000000      -0.10017777777777651      -0.20035555555555756     
   7.0000000000000000        21.000000000000000       -5.0088888888888281E-002 -0.15026666666666777     
   0.0000000000000000        19.250000000000000        0.0000000000000000      -0.13774444444444520     
   15.750000000000000        35.000000000000000      -0.11269999999999909      -0.25044444444444630     
   15.750000000000000        33.250000000000000      -0.11269999999999906      -0.23792222222222389     
   1.7500000000000000        19.250000000000000       -1.2522222222222079E-002 -0.13774444444444536     
   7.8750000000000000        21.000000000000000       -5.6349999999999373E-002 -0.15026666666666777     
   3.5000000000000000        19.250000000000000       -2.5044444444444158E-002 -0.13774444444444522     
   10.500000000000000        22.750000000000000       -7.5133333333332220E-002 -0.16278888888889029     
   15.750000000000000        31.500000000000000      -0.11269999999999908      -0.22540000000000260     
   12.250000000000000        24.500000000000000       -8.7655555555554099E-002 -0.17531111111111239     
   14.875000000000000        28.000000000000000      -0.10643888888888745      -0.20035555555555756     
   14.000000000000000        26.250000000000000      -0.10017777777777651      -0.18783333333333499     
   8.7500000000000000        21.000000000000000       -6.2611111111110188E-002 -0.15026666666666777     
   15.750000000000000        29.750000000000000      -0.11269999999999875      -0.21287777777778011     
   5.2500000000000000        19.250000000000000       -3.7566666666666339E-002 -0.13774444444444539     
   16.625000000000000        35.000000000000000      -0.11896111111111027      -0.25044444444444597     
   13.125000000000000        24.500000000000000       -9.3916666666665274E-002 -0.17531111111111286     
   9.6250000000000000        21.000000000000000       -6.8872222222221308E-002 -0.15026666666666777     
   16.625000000000000        31.500000000000000      -0.11896111111111027      -0.22540000000000257     
   7.0000000000000000        19.250000000000000       -5.0088888888888274E-002 -0.13774444444444536     
   15.750000000000000        28.000000000000000      -0.11269999999999808      -0.20035555555555756     
   12.250000000000000        22.750000000000000       -8.7655555555554085E-002 -0.16278888888889029     
   14.000000000000000        24.500000000000000      -0.10017777777777645      -0.17531111111111239     
   17.500000000000000        35.000000000000000      -0.12522222222222065      -0.25044444444444630     
   0.0000000000000000        17.500000000000000        0.0000000000000000      -0.12522222222222287     
   10.500000000000000        21.000000000000000       -7.5133333333332192E-002 -0.15026666666666774     
  0.87500000000000000        17.500000000000000       -6.2611111111110533E-003 -0.12522222222222287     
   1.7500000000000000        17.500000000000000       -1.2522222222222077E-002 -0.12522222222222293     
   17.500000000000000        33.250000000000000      -0.12522222222222154      -0.23792222222222381     
   2.6250000000000000        17.500000000000000       -1.8783333333333169E-002 -0.12522222222222293     
   17.500000000000000        31.500000000000000      -0.12522222222222137      -0.22540000000000140     
   3.5000000000000000        17.500000000000000       -2.5044444444444158E-002 -0.12522222222222293     
   8.7500000000000000        19.250000000000000       -6.2611111111110215E-002 -0.13774444444444536     
   15.750000000000000        26.250000000000000      -0.11269999999999873      -0.18783333333333499     
   4.3750000000000000        17.500000000000000       -3.1305555555555163E-002 -0.12522222222222293     
   11.375000000000000        21.000000000000000       -8.1394444444443104E-002 -0.15026666666666777     
   16.625000000000000        28.000000000000000      -0.11896111111110916      -0.20035555555555756     
   14.875000000000000        24.500000000000000      -0.10643888888888743      -0.17531111111111286     
   17.500000000000000        29.750000000000000      -0.12522222222222065      -0.21287777777777997     
   5.2500000000000000        17.500000000000000       -3.7566666666666297E-002 -0.12522222222222293     
   6.1250000000000000        17.500000000000000       -4.3827777777777216E-002 -0.12522222222222293     
   14.000000000000000        22.750000000000000      -0.10017777777777644      -0.16278888888889029     
   12.250000000000000        21.000000000000000       -8.7655555555554016E-002 -0.15026666666666791     
   7.0000000000000000        17.500000000000000       -5.0088888888888308E-002 -0.12522222222222287     
   17.500000000000000        28.000000000000000      -0.12522222222222043      -0.20035555555555754     
   10.500000000000000        19.250000000000000       -7.5133333333332220E-002 -0.13774444444444536     
   15.750000000000000        24.500000000000000      -0.11269999999999808      -0.17531111111111289     
   7.8750000000000000        17.500000000000000       -5.6349999999999373E-002 -0.12522222222222287     
   13.125000000000000        21.000000000000000       -9.3916666666665177E-002 -0.15026666666666791     
   0.0000000000000000        15.750000000000000        0.0000000000000000      -0.11270000000000065     
   1.7500000000000000        15.750000000000000       -1.2522222222222068E-002 -0.11270000000000063     
   3.5000000000000000        15.750000000000000       -2.5044444444444133E-002 -0.11270000000000063     
   17.500000000000000        26.250000000000000      -0.12522222222222060      -0.18783333333333541     
   8.7500000000000000        17.500000000000000       -6.2611111111110215E-002 -0.12522222222222282     
   16.625000000000000        24.500000000000000      -0.11896111111110932      -0.17531111111111286     
   14.000000000000000        21.000000000000000      -0.10017777777777616      -0.15026666666666794     
   12.250000000000000        19.250000000000000       -8.7655555555554071E-002 -0.13774444444444542     
   15.750000000000000        22.750000000000000      -0.11269999999999815      -0.16278888888889048     
   5.2500000000000000        15.750000000000000       -3.7566666666666158E-002 -0.11270000000000063     
   9.6250000000000000        17.500000000000000       -6.8872222222221405E-002 -0.12522222222222287     
   17.500000000000000        24.500000000000000      -0.12522222222222043      -0.17531111111111286     
   10.500000000000000        17.500000000000000       -7.5133333333332220E-002 -0.12522222222222287     
   14.875000000000000        21.000000000000000      -0.10643888888888690      -0.15026666666666796     
   7.0000000000000000        15.750000000000000       -5.0088888888888253E-002 -0.11270000000000044     
   11.375000000000000        17.500000000000000       -8.1394444444443173E-002 -0.12522222222222287     
   0.0000000000000000        14.000000000000000        0.0000000000000000      -0.10017777777777878     
  0.87500000000000000        14.000000000000000       -6.2611111111110325E-003 -0.10017777777777870     
   14.000000000000000        19.250000000000000      -0.10017777777777623      -0.13774444444444542     
   1.7500000000000000        14.000000000000000       -1.2522222222222067E-002 -0.10017777777777870     
   15.750000000000000        21.000000000000000      -0.11269999999999790      -0.15026666666666794     
   8.7500000000000000        15.750000000000000       -6.2611111111110215E-002 -0.11270000000000038     
   2.6250000000000000        14.000000000000000       -1.8783333333333079E-002 -0.10017777777777870     
   3.5000000000000000        14.000000000000000       -2.5044444444444126E-002 -0.10017777777777870     
   12.250000000000000        17.500000000000000       -8.7655555555554085E-002 -0.12522222222222293     
   17.500000000000000        22.750000000000000      -0.12522222222222043      -0.16278888888889034     
   4.3750000000000000        14.000000000000000       -3.1305555555555094E-002 -0.10017777777777820     
   5.2500000000000000        14.000000000000000       -3.7566666666666110E-002 -0.10017777777777870     
   16.625000000000000        21.000000000000000      -0.11896111111110909      -0.15026666666666796     
   6.1250000000000000        14.000000000000000       -4.3827777777777036E-002 -0.10017777777777820     
   13.125000000000000        17.500000000000000       -9.3916666666665274E-002 -0.12522222222222298     
   10.500000000000000        15.750000000000000       -7.5133333333332317E-002 -0.11270000000000038     
   7.0000000000000000        14.000000000000000       -5.0088888888888114E-002 -0.10017777777777818     
   15.750000000000000        19.250000000000000      -0.11269999999999814      -0.13774444444444547     
   17.500000000000000        21.000000000000000      -0.12522222222222032      -0.15026666666666796     
   14.000000000000000        17.500000000000000      -0.10017777777777651      -0.12522222222222298     
   7.8750000000000000        14.000000000000000       -5.6349999999999040E-002 -0.10017777777777818     
   0.0000000000000000        12.250000000000000        0.0000000000000000       -8.7655555555556430E-002
   8.7500000000000000        14.000000000000000       -6.2611111111110160E-002 -0.10017777777777820     
   12.250000000000000        15.750000000000000       -8.7655555555554432E-002 -0.11270000000000063     
   1.7500000000000000        12.250000000000000       -1.2522222222222028E-002  -8.7655555555556430E-002
   14.875000000000000        17.500000000000000      -0.10643888888888751      -0.12522222222222298     
   3.5000000000000000        12.250000000000000       -2.5044444444444112E-002  -8.7655555555556181E-002
   9.6250000000000000        14.000000000000000       -6.8872222222221405E-002 -0.10017777777777818     
   5.2500000000000000        12.250000000000000       -3.7566666666666144E-002  -8.7655555555556181E-002
   10.500000000000000        14.000000000000000       -7.5133333333332580E-002 -0.10017777777777818     
   15.750000000000000        17.500000000000000      -0.11269999999999873      -0.12522222222222298     
   17.500000000000000        19.250000000000000      -0.12522222222222043      -0.13774444444444550     
   7.0000000000000000        12.250000000000000       -5.0088888888888253E-002  -8.7655555555556167E-002
   14.000000000000000        15.750000000000000      -0.10017777777777655      -0.11270000000000065     
   11.375000000000000        14.000000000000000       -8.1394444444443617E-002 -0.10017777777777823     
   16.625000000000000        17.500000000000000      -0.11896111111110934      -0.12522222222222298     
   12.250000000000000        14.000000000000000       -8.7655555555554890E-002 -0.10017777777777870     
   8.7500000000000000        12.250000000000000       -6.2611111111110215E-002  -8.7655555555556181E-002
   0.0000000000000000        10.500000000000000        0.0000000000000000       -7.5133333333333885E-002
  0.87500000000000000        10.500000000000000       -6.2611111111110273E-003  -7.5133333333333885E-002
   1.7500000000000000        10.500000000000000       -1.2522222222222028E-002  -7.5133333333333885E-002
   2.6250000000000000        10.500000000000000       -1.8783333333333048E-002  -7.5133333333333954E-002
   3.5000000000000000        10.500000000000000       -2.5044444444444054E-002  -7.5133333333333885E-002
   17.500000000000000        17.500000000000000      -0.12522222222222038      -0.12522222222222298     
   13.125000000000000        14.000000000000000       -9.3916666666665663E-002 -0.10017777777777820     
   15.750000000000000        15.750000000000000      -0.11269999999999880      -0.11270000000000065     
   4.3750000000000000        10.500000000000000       -3.1305555555555080E-002  -7.5133333333333954E-002
   5.2500000000000000        10.500000000000000       -3.7566666666666110E-002  -7.5133333333333954E-002
   10.500000000000000        12.250000000000000       -7.5133333333332594E-002  -8.7655555555556194E-002
   14.000000000000000        14.000000000000000      -0.10017777777777663      -0.10017777777777820     
   6.1250000000000000        10.500000000000000       -4.3827777777777167E-002  -7.5133333333333954E-002
   7.0000000000000000        10.500000000000000       -5.0088888888888260E-002  -7.5133333333333885E-002
   14.875000000000000        14.000000000000000      -0.10643888888888782      -0.10017777777777820     
   7.8750000000000000        10.500000000000000       -5.6349999999999366E-002  -7.5133333333333954E-002
   12.250000000000000        12.250000000000000       -8.7655555555554820E-002  -8.7655555555556194E-002
   17.500000000000000        15.750000000000000      -0.12522222222222065      -0.11270000000000070     
   8.7500000000000000        10.500000000000000       -6.2611111111110188E-002  -7.5133333333333954E-002
   15.750000000000000        14.000000000000000      -0.11269999999999905      -0.10017777777777820     
   0.0000000000000000        8.7500000000000000        0.0000000000000000       -6.2611111111111464E-002
   1.7500000000000000        8.7500000000000000       -1.2522222222222056E-002  -6.2611111111111464E-002
   9.6250000000000000        10.500000000000000       -6.8872222222221405E-002  -7.5133333333333968E-002
   3.5000000000000000        8.7500000000000000       -2.5044444444444130E-002  -6.2611111111111492E-002
   10.500000000000000        10.500000000000000       -7.5133333333332317E-002  -7.5133333333333954E-002
   14.000000000000000        12.250000000000000      -0.10017777777777662       -8.7655555555556167E-002
   5.2500000000000000        8.7500000000000000       -3.7566666666666158E-002  -6.2611111111111492E-002
   16.625000000000000        14.000000000000000      -0.11896111111111027      -0.10017777777777820     
   11.375000000000000        10.500000000000000       -8.1394444444443534E-002  -7.5133333333333954E-002
   7.0000000000000000        8.7500000000000000       -5.0088888888888260E-002  -6.2611111111111575E-002
   17.500000000000000        14.000000000000000      -0.12522222222222137      -0.10017777777777870     
   12.250000000000000        10.500000000000000       -8.7655555555554432E-002  -7.5133333333333954E-002
   15.750000000000000        12.250000000000000      -0.11269999999999906       -8.7655555555556111E-002
   8.7500000000000000        8.7500000000000000       -6.2611111111110215E-002  -6.2611111111111492E-002
   13.125000000000000        10.500000000000000       -9.3916666666665580E-002  -7.5133333333333954E-002
   0.0000000000000000        7.0000000000000000        0.0000000000000000       -5.0088888888889065E-002
  0.87500000000000000        7.0000000000000000       -6.2611111111110524E-003  -5.0088888888889099E-002
   1.7500000000000000        7.0000000000000000       -1.2522222222222107E-002  -5.0088888888889349E-002
   2.6250000000000000        7.0000000000000000       -1.8783333333333152E-002  -5.0088888888889113E-002
   3.5000000000000000        7.0000000000000000       -2.5044444444444137E-002  -5.0088888888889349E-002
   14.000000000000000        10.500000000000000      -0.10017777777777656       -7.5133333333333954E-002
   10.500000000000000        8.7500000000000000       -7.5133333333332580E-002  -6.2611111111111492E-002
   4.3750000000000000        7.0000000000000000       -3.1305555555555149E-002  -5.0088888888889356E-002
   5.2500000000000000        7.0000000000000000       -3.7566666666666304E-002  -5.0088888888889384E-002
   6.1250000000000000        7.0000000000000000       -4.3827777777777216E-002  -5.0088888888889391E-002
   14.875000000000000        10.500000000000000      -0.10643888888888781       -7.5133333333333954E-002
   17.500000000000000        12.250000000000000      -0.12522222222222137       -8.7655555555556167E-002
   7.0000000000000000        7.0000000000000000       -5.0088888888888281E-002  -5.0088888888889391E-002
   12.250000000000000        8.7500000000000000       -8.7655555555554363E-002  -6.2611111111111492E-002
   7.8750000000000000        7.0000000000000000       -5.6349999999999373E-002  -5.0088888888889384E-002
   15.750000000000000        10.500000000000000      -0.11269999999999905       -7.5133333333333885E-002
   8.7500000000000000        7.0000000000000000       -6.2611111111110215E-002  -5.0088888888889356E-002
   16.625000000000000        10.500000000000000      -0.11896111111111032       -7.5133333333333885E-002
   9.6250000000000000        7.0000000000000000       -6.8872222222221433E-002  -5.0088888888889349E-002
   14.000000000000000        8.7500000000000000      -0.10017777777777655       -6.2611111111111492E-002
   0.0000000000000000        5.2500000000000000        0.0000000000000000       -3.7566666666666977E-002
   1.7500000000000000        5.2500000000000000       -1.2522222222222065E-002  -3.7566666666666991E-002
   10.500000000000000        7.0000000000000000       -7.5133333333332580E-002  -5.0088888888889356E-002
   3.5000000000000000        5.2500000000000000       -2.5044444444444133E-002  -3.7566666666666991E-002
   17.500000000000000        10.500000000000000      -0.12522222222222154       -7.5133333333333857E-002
   5.2500000000000000        5.2500000000000000       -3.7566666666666158E-002  -3.7566666666667005E-002
   11.375000000000000        7.0000000000000000       -8.1394444444443506E-002  -5.0088888888889356E-002
   7.0000000000000000        5.2500000000000000       -5.0088888888888267E-002  -3.7566666666667005E-002
   12.250000000000000        7.0000000000000000       -8.7655555555554335E-002  -5.0088888888889356E-002
   15.750000000000000        8.7500000000000000      -0.11269999999999880       -6.2611111111111492E-002
   13.125000000000000        7.0000000000000000       -9.3916666666665288E-002  -5.0088888888889349E-002
   8.7500000000000000        5.2500000000000000       -6.2611111111110215E-002  -3.7566666666666991E-002
   14.000000000000000        7.0000000000000000      -0.10017777777777645       -5.0088888888889356E-002
   0.0000000000000000        3.5000000000000000        0.0000000000000000       -2.5044444444444675E-002
  0.87500000000000000        3.5000000000000000       -6.2611111111110281E-003  -2.5044444444444678E-002
   10.500000000000000        5.2500000000000000       -7.5133333333332317E-002  -3.7566666666666991E-002
   17.500000000000000        8.7500000000000000      -0.12522222222222132       -6.2611111111111326E-002
   1.7500000000000000        3.5000000000000000       -1.2522222222222055E-002  -2.5044444444444678E-002
   2.6250000000000000        3.5000000000000000       -1.8783333333333048E-002  -2.5044444444444692E-002
   3.5000000000000000        3.5000000000000000       -2.5044444444444054E-002  -2.5044444444444692E-002
   14.875000000000000        7.0000000000000000      -0.10643888888888751       -5.0088888888889349E-002
   4.3750000000000000        3.5000000000000000       -3.1305555555555080E-002  -2.5044444444444695E-002
   5.2500000000000000        3.5000000000000000       -3.7566666666666110E-002  -2.5044444444444747E-002
   6.1250000000000000        3.5000000000000000       -4.3827777777777167E-002  -2.5044444444444751E-002
   15.750000000000000        7.0000000000000000      -0.11269999999999816       -5.0088888888889099E-002
   12.250000000000000        5.2500000000000000       -8.7655555555554349E-002  -3.7566666666666977E-002
   7.0000000000000000        3.5000000000000000       -5.0088888888888267E-002  -2.5044444444444751E-002
   7.8750000000000000        3.5000000000000000       -5.6349999999999366E-002  -2.5044444444444751E-002
   16.625000000000000        7.0000000000000000      -0.11896111111110932       -5.0088888888889092E-002
   8.7500000000000000        3.5000000000000000       -6.2611111111110215E-002  -2.5044444444444747E-002
   14.000000000000000        5.2500000000000000      -0.10017777777777652       -3.7566666666666935E-002
   9.6250000000000000        3.5000000000000000       -6.8872222222221433E-002  -2.5044444444444678E-002
   17.500000000000000        7.0000000000000000      -0.12522222222222043       -5.0088888888889092E-002
   10.500000000000000        3.5000000000000000       -7.5133333333332594E-002  -2.5044444444444550E-002
   0.0000000000000000        1.7500000000000000        0.0000000000000000       -1.2522222222222337E-002
   1.7500000000000000        1.7500000000000000       -1.2522222222222055E-002  -1.2522222222222337E-002
   3.5000000000000000        1.7500000000000000       -2.5044444444444112E-002  -1.2522222222222339E-002
   11.375000000000000        3.5000000000000000       -8.1394444444443534E-002  -2.5044444444444550E-002
   15.750000000000000        5.2500000000000000      -0.11269999999999879       -3.7566666666666797E-002
   5.2500000000000000        1.7500000000000000       -3.7566666666666110E-002  -1.2522222222222375E-002
   12.250000000000000        3.5000000000000000       -8.7655555555554363E-002  -2.5044444444444557E-002
   7.0000000000000000        1.7500000000000000       -5.0088888888888218E-002  -1.2522222222222389E-002
   13.125000000000000        3.5000000000000000       -9.3916666666665344E-002  -2.5044444444444532E-002
   8.7500000000000000        1.7500000000000000       -6.2611111111110160E-002  -1.2522222222222388E-002
   14.000000000000000        3.5000000000000000      -0.10017777777777652       -2.5044444444444477E-002
   17.500000000000000        5.2500000000000000      -0.12522222222222065       -3.7566666666666991E-002
   14.875000000000000        3.5000000000000000      -0.10643888888888772       -2.5044444444444529E-002
   10.500000000000000        1.7500000000000000       -7.5133333333332220E-002  -1.2522222222222273E-002
   0.0000000000000000        0.0000000000000000        0.0000000000000000        0.0000000000000000     
  0.87500000000000000        0.0000000000000000       -6.2611111111110142E-003   0.0000000000000000     
   1.7500000000000000        0.0000000000000000       -1.2522222222222028E-002   0.0000000000000000     
   2.6250000000000000        0.0000000000000000       -1.8783333333333055E-002   0.0000000000000000     
   3.5000000000000000        0.0000000000000000       -2.5044444444444112E-002   0.0000000000000000     
   15.750000000000000        3.5000000000000000      -0.11269999999999900       -2.5044444444444550E-002
   4.3750000000000000        0.0000000000000000       -3.1305555555555094E-002   0.0000000000000000     
   5.2500000000000000        0.0000000000000000       -3.7566666666666144E-002   0.0000000000000000     
   12.250000000000000        1.7500000000000000       -8.7655555555554335E-002  -1.2522222222222264E-002
   6.1250000000000000        0.0000000000000000       -4.3827777777777049E-002   0.0000000000000000     
   16.625000000000000        3.5000000000000000      -0.11896111111111027       -2.5044444444444675E-002
   7.0000000000000000        0.0000000000000000       -5.0088888888888114E-002   0.0000000000000000     
   7.8750000000000000        0.0000000000000000       -5.6349999999998915E-002   0.0000000000000000     
   17.500000000000000        3.5000000000000000      -0.12522222222222154       -2.5044444444444747E-002
   8.7500000000000000        0.0000000000000000       -6.2611111111109688E-002   0.0000000000000000     
   14.000000000000000        1.7500000000000000      -0.10017777777777655       -1.2522222222222264E-002
   9.6250000000000000        0.0000000000000000       -6.8872222222220877E-002   0.0000000000000000     
   10.500000000000000        0.0000000000000000       -7.5133333333331942E-002   0.0000000000000000     
   15.750000000000000        1.7500000000000000      -0.11269999999999900       -1.2522222222222337E-002
   11.375000000000000        0.0000000000000000       -8.1394444444443090E-002   0.0000000000000000     
   12.250000000000000        0.0000000000000000       -8.7655555555554016E-002   0.0000000000000000     
   13.125000000000000        0.0000000000000000       -9.3916666666665247E-002   0.0000000000000000     
   17.500000000000000        1.7500000000000000      -0.12522222222222132       -1.2522222222222238E-002
   14.000000000000000        0.0000000000000000      -0.10017777777777645        0.0000000000000000     
   14.875000000000000        0.0000000000000000      -0.10643888888888771        0.0000000000000000     
   15.750000000000000        0.0000000000000000      -0.11269999999999875        0.0000000000000000     
   16.625000000000000        0.0000000000000000      -0.11896111111111003        0.0000000000000000     
   17.500000000000000        0.0000000000000000      -0.12522222222222137        0.0000000000000000     
