   0.0000000000000000        35.000000000000000        0.0000000000000000      -0.25861111111111246     
  0.87500000000000000        35.000000000000000       -6.4652777777775517E-003 -0.25861111111111235     
   0.0000000000000000        33.250000000000000        0.0000000000000000      -0.24568055555555657     
   1.7500000000000000        35.000000000000000       -1.2930555555555077E-002 -0.25861111111111235     
   1.7500000000000000        33.250000000000000       -1.2930555555555241E-002 -0.24568055555555657     
   2.6250000000000000        35.000000000000000       -1.9395833333332738E-002 -0.25861111111111235     
   0.0000000000000000        31.500000000000000        0.0000000000000000      -0.23275000000000071     
   3.5000000000000000        35.000000000000000       -2.5861111111110367E-002 -0.25861111111111246     
  0.87500000000000000        31.500000000000000       -6.4652777777776159E-003 -0.23275000000000071     
   3.5000000000000000        33.250000000000000       -2.5861111111110537E-002 -0.24568055555555660     
   1.7500000000000000        31.500000000000000       -1.2930555555555268E-002 -0.23275000000000076     
   2.6250000000000000        31.500000000000000       -1.9395833333332876E-002 -0.23275000000000076     
   4.3750000000000000        35.000000000000000       -3.2326388888887822E-002 -0.25861111111111246     
   3.5000000000000000        31.500000000000000       -2.5861111111110537E-002 -0.23275000000000076     
   0.0000000000000000        29.750000000000000        0.0000000000000000      -0.21981944444444487     
   5.2500000000000000        35.000000000000000       -3.8791666666665475E-002 -0.25861111111111246     
   1.7500000000000000        29.750000000000000       -1.2930555555555277E-002 -0.21981944444444490     
   5.2500000000000000        33.250000000000000       -3.8791666666665905E-002 -0.24568055555555665     
   4.3750000000000000        31.500000000000000       -3.2326388888888148E-002 -0.23275000000000079     
   6.1250000000000000        35.000000000000000       -4.5256944444443191E-002 -0.25861111111111257     
   3.5000000000000000        29.750000000000000       -2.5861111111110696E-002 -0.21981944444444504     
   5.2500000000000000        31.500000000000000       -3.8791666666665760E-002 -0.23275000000000087     
   0.0000000000000000        28.000000000000000        0.0000000000000000      -0.20688888888888912     
   7.0000000000000000        35.000000000000000       -5.1722222222220962E-002 -0.25861111111111268     
   6.1250000000000000        31.500000000000000       -4.5256944444443621E-002 -0.23275000000000090     
  0.87500000000000000        28.000000000000000       -6.4652777777777556E-003 -0.20688888888888915     
   7.0000000000000000        33.250000000000000       -5.1722222222221108E-002 -0.24568055555555679     
   1.7500000000000000        28.000000000000000       -1.2930555555555407E-002 -0.20688888888888957     
   5.2500000000000000        29.750000000000000       -3.8791666666666093E-002 -0.21981944444444543     
   2.6250000000000000        28.000000000000000       -1.9395833333333074E-002 -0.20688888888888957     
   7.0000000000000000        31.500000000000000       -5.1722222222221115E-002 -0.23275000000000090     
   3.5000000000000000        28.000000000000000       -2.5861111111110783E-002 -0.20688888888888959     
   7.8750000000000000        35.000000000000000       -5.8187499999998817E-002 -0.25861111111111268     
   4.3750000000000000        28.000000000000000       -3.2326388888888412E-002 -0.20688888888888970     
   7.8750000000000000        31.500000000000000       -5.8187499999998865E-002 -0.23275000000000129     
   8.7500000000000000        35.000000000000000       -6.4652777777776296E-002 -0.25861111111111257     
   0.0000000000000000        26.250000000000000        0.0000000000000000      -0.19395833333333390     
   7.0000000000000000        29.750000000000000       -5.1722222222221427E-002 -0.21981944444444543     
   5.2500000000000000        28.000000000000000       -3.8791666666666100E-002 -0.20688888888888973     
   8.7500000000000000        33.250000000000000       -6.4652777777776685E-002 -0.24568055555555679     
   1.7500000000000000        26.250000000000000       -1.2930555555555407E-002 -0.19395833333333387     
   6.1250000000000000        28.000000000000000       -4.5256944444443850E-002 -0.20688888888888970     
   8.7500000000000000        31.500000000000000       -6.4652777777776657E-002 -0.23275000000000132     
   3.5000000000000000        26.250000000000000       -2.5861111111110797E-002 -0.19395833333333390     
   9.6250000000000000        35.000000000000000       -7.1118055555554005E-002 -0.25861111111111268     
   7.0000000000000000        28.000000000000000       -5.1722222222221732E-002 -0.20688888888888959     
   8.7500000000000000        29.750000000000000       -6.4652777777776824E-002 -0.21981944444444673     
   5.2500000000000000        26.250000000000000       -3.8791666666666148E-002 -0.19395833333333487     
   9.6250000000000000        31.500000000000000       -7.1118055555554296E-002 -0.23275000000000143     
   10.500000000000000        35.000000000000000       -7.7583333333331783E-002 -0.25861111111111268     
   0.0000000000000000        24.500000000000000        0.0000000000000000      -0.18102777777777906     
   7.8750000000000000        28.000000000000000       -5.8187499999999510E-002 -0.20688888888888973     
  0.87500000000000000        24.500000000000000       -6.4652777777776957E-003 -0.18102777777777893     
   1.7500000000000000        24.500000000000000       -1.2930555555555397E-002 -0.18102777777777893     
   10.500000000000000        33.250000000000000       -7.7583333333332172E-002 -0.24568055555555726     
   2.6250000000000000        24.500000000000000       -1.9395833333333074E-002 -0.18102777777777893     
   3.5000000000000000        24.500000000000000       -2.5861111111110769E-002 -0.18102777777777893     
   10.500000000000000        31.500000000000000       -7.7583333333331908E-002 -0.23275000000000268     
   8.7500000000000000        28.000000000000000       -6.4652777777776962E-002 -0.20688888888889084     
   7.0000000000000000        26.250000000000000       -5.1722222222221587E-002 -0.19395833333333487     
   11.375000000000000        35.000000000000000       -8.4048611111109450E-002 -0.25861111111111312     
   4.3750000000000000        24.500000000000000       -3.2326388888888412E-002 -0.18102777777777893     
   10.500000000000000        29.750000000000000       -7.7583333333332269E-002 -0.21981944444444676     
   5.2500000000000000        24.500000000000000       -3.8791666666666100E-002 -0.18102777777777893     
   11.375000000000000        31.500000000000000       -8.4048611111109783E-002 -0.23275000000000270     
   9.6250000000000000        28.000000000000000       -7.1118055555554754E-002 -0.20688888888889084     
   6.1250000000000000        24.500000000000000       -4.5256944444443815E-002 -0.18102777777777895     
   0.0000000000000000        22.750000000000000        0.0000000000000000      -0.16809722222222301     
   12.250000000000000        35.000000000000000       -9.0513888888887367E-002 -0.25861111111111312     
   12.250000000000000        33.250000000000000       -9.0513888888887645E-002 -0.24568055555555862     
   1.7500000000000000        22.750000000000000       -1.2930555555555397E-002 -0.16809722222222315     
   8.7500000000000000        26.250000000000000       -6.4652777777776962E-002 -0.19395833333333506     
   7.0000000000000000        24.500000000000000       -5.1722222222221587E-002 -0.18102777777777895     
   10.500000000000000        28.000000000000000       -7.7583333333332560E-002 -0.20688888888889084     
   3.5000000000000000        22.750000000000000       -2.5861111111110797E-002 -0.16809722222222315     
   12.250000000000000        31.500000000000000       -9.0513888888887631E-002 -0.23275000000000282     
   7.8750000000000000        24.500000000000000       -5.8187499999999386E-002 -0.18102777777777912     
   13.125000000000000        35.000000000000000       -9.6979166666665548E-002 -0.25861111111111312     
   5.2500000000000000        22.750000000000000       -3.8791666666666280E-002 -0.16809722222222317     
   12.250000000000000        29.750000000000000       -9.0513888888887631E-002 -0.21981944444444690     
   11.375000000000000        28.000000000000000       -8.4048611111110186E-002 -0.20688888888889095     
   13.125000000000000        31.500000000000000       -9.6979166666665312E-002 -0.23275000000000318     
   10.500000000000000        26.250000000000000       -7.7583333333332574E-002 -0.19395833333333504     
   8.7500000000000000        24.500000000000000       -6.4652777777776935E-002 -0.18102777777777959     
   0.0000000000000000        21.000000000000000        0.0000000000000000      -0.15516666666666704     
   14.000000000000000        35.000000000000000      -0.10344444444444353      -0.25861111111111312     
  0.87500000000000000        21.000000000000000       -6.4652777777777027E-003 -0.15516666666666723     
   14.000000000000000        33.250000000000000      -0.10344444444444324      -0.24568055555555859     
   7.0000000000000000        22.750000000000000       -5.1722222222221587E-002 -0.16809722222222367     
   12.250000000000000        28.000000000000000       -9.0513888888887645E-002 -0.20688888888889098     
   1.7500000000000000        21.000000000000000       -1.2930555555555405E-002 -0.15516666666666776     
   9.6250000000000000        24.500000000000000       -7.1118055555554713E-002 -0.18102777777777959     
   2.6250000000000000        21.000000000000000       -1.9395833333333164E-002 -0.15516666666666776     
   14.000000000000000        31.500000000000000      -0.10344444444444319      -0.23275000000000282     
   3.5000000000000000        21.000000000000000       -2.5861111111110814E-002 -0.15516666666666779     
   4.3750000000000000        21.000000000000000       -3.2326388888888481E-002 -0.15516666666666779     
   10.500000000000000        24.500000000000000       -7.7583333333332269E-002 -0.18102777777777912     
   13.125000000000000        28.000000000000000       -9.6979166666665242E-002 -0.20688888888889098     
   14.875000000000000        35.000000000000000      -0.10990972222222140      -0.25861111111111301     
   14.000000000000000        29.750000000000000      -0.10344444444444313      -0.21981944444444729     
   5.2500000000000000        21.000000000000000       -3.8791666666666287E-002 -0.15516666666666779     
   8.7500000000000000        22.750000000000000       -6.4652777777776851E-002 -0.16809722222222367     
   12.250000000000000        26.250000000000000       -9.0513888888887617E-002 -0.19395833333333504     
   6.1250000000000000        21.000000000000000       -4.5256944444443857E-002 -0.15516666666666781     
   14.875000000000000        31.500000000000000      -0.10990972222222112      -0.23275000000000279     
   11.375000000000000        24.500000000000000       -8.4048611111109811E-002 -0.18102777777777912     
   14.000000000000000        28.000000000000000      -0.10344444444444313      -0.20688888888889098     
   7.0000000000000000        21.000000000000000       -5.1722222222221594E-002 -0.15516666666666781     
   0.0000000000000000        19.250000000000000        0.0000000000000000      -0.14223611111111190     
   15.750000000000000        35.000000000000000      -0.11637499999999906      -0.25861111111111301     
   15.750000000000000        33.250000000000000      -0.11637499999999903      -0.24568055555555726     
   1.7500000000000000        19.250000000000000       -1.2930555555555407E-002 -0.14223611111111206     
   7.8750000000000000        21.000000000000000       -5.8187499999999358E-002 -0.15516666666666781     
   3.5000000000000000        19.250000000000000       -2.5861111111110814E-002 -0.14223611111111192     
   10.500000000000000        22.750000000000000       -7.7583333333332199E-002 -0.16809722222222367     
   15.750000000000000        31.500000000000000      -0.11637499999999905      -0.23275000000000270     
   12.250000000000000        24.500000000000000       -9.0513888888887381E-002 -0.18102777777777912     
   14.875000000000000        28.000000000000000      -0.10990972222222074      -0.20688888888889098     
   14.000000000000000        26.250000000000000      -0.10344444444444313      -0.19395833333333506     
   8.7500000000000000        21.000000000000000       -6.4652777777776824E-002 -0.15516666666666781     
   15.750000000000000        29.750000000000000      -0.11637499999999872      -0.21981944444444687     
   5.2500000000000000        19.250000000000000       -3.8791666666666329E-002 -0.14223611111111209     
   16.625000000000000        35.000000000000000      -0.12284027777777691      -0.25861111111111268     
   13.125000000000000        24.500000000000000       -9.6979166666665229E-002 -0.18102777777777959     
   9.6250000000000000        21.000000000000000       -7.1118055555554616E-002 -0.15516666666666781     
   16.625000000000000        31.500000000000000      -0.12284027777777691      -0.23275000000000268     
   7.0000000000000000        19.250000000000000       -5.1722222222221587E-002 -0.14223611111111206     
   15.750000000000000        28.000000000000000      -0.11637499999999801      -0.20688888888889098     
   12.250000000000000        22.750000000000000       -9.0513888888887367E-002 -0.16809722222222367     
   14.000000000000000        24.500000000000000      -0.10344444444444308      -0.18102777777777912     
   17.500000000000000        35.000000000000000      -0.12930555555555392      -0.25861111111111301     
   0.0000000000000000        17.500000000000000        0.0000000000000000      -0.12930555555555623     
   10.500000000000000        21.000000000000000       -7.7583333333332172E-002 -0.15516666666666779     
  0.87500000000000000        17.500000000000000       -6.4652777777777174E-003 -0.12930555555555623     
   1.7500000000000000        17.500000000000000       -1.2930555555555405E-002 -0.12930555555555628     
   17.500000000000000        33.250000000000000      -0.12930555555555481      -0.24568055555555718     
   2.6250000000000000        17.500000000000000       -1.9395833333333164E-002 -0.12930555555555628     
   17.500000000000000        31.500000000000000      -0.12930555555555465      -0.23275000000000143     
   3.5000000000000000        17.500000000000000       -2.5861111111110814E-002 -0.12930555555555628     
   8.7500000000000000        19.250000000000000       -6.4652777777776851E-002 -0.14223611111111206     
   15.750000000000000        26.250000000000000      -0.11637499999999870      -0.19395833333333506     
   4.3750000000000000        17.500000000000000       -3.2326388888888481E-002 -0.12930555555555628     
   11.375000000000000        21.000000000000000       -8.4048611111109714E-002 -0.15516666666666781     
   16.625000000000000        28.000000000000000      -0.12284027777777576      -0.20688888888889098     
   14.875000000000000        24.500000000000000      -0.10990972222222073      -0.18102777777777959     
   17.500000000000000        29.750000000000000      -0.12930555555555392      -0.21981944444444673     
   5.2500000000000000        17.500000000000000       -3.8791666666666287E-002 -0.12930555555555628     
   6.1250000000000000        17.500000000000000       -4.5256944444443857E-002 -0.12930555555555628     
   14.000000000000000        22.750000000000000      -0.10344444444444306      -0.16809722222222367     
   12.250000000000000        21.000000000000000       -9.0513888888887298E-002 -0.15516666666666795     
   7.0000000000000000        17.500000000000000       -5.1722222222221621E-002 -0.12930555555555623     
   17.500000000000000        28.000000000000000      -0.12930555555555370      -0.20688888888889095     
   10.500000000000000        19.250000000000000       -7.7583333333332199E-002 -0.14223611111111206     
   15.750000000000000        24.500000000000000      -0.11637499999999801      -0.18102777777777962     
   7.8750000000000000        17.500000000000000       -5.8187499999999358E-002 -0.12930555555555623     
   13.125000000000000        21.000000000000000       -9.6979166666665131E-002 -0.15516666666666795     
   0.0000000000000000        15.750000000000000        0.0000000000000000      -0.11637500000000066     
   1.7500000000000000        15.750000000000000       -1.2930555555555397E-002 -0.11637500000000064     
   3.5000000000000000        15.750000000000000       -2.5861111111110790E-002 -0.11637500000000064     
   17.500000000000000        26.250000000000000      -0.12930555555555387      -0.19395833333333548     
   8.7500000000000000        17.500000000000000       -6.4652777777776851E-002 -0.12930555555555617     
   16.625000000000000        24.500000000000000      -0.12284027777777592      -0.18102777777777959     
   14.000000000000000        21.000000000000000      -0.10344444444444278      -0.15516666666666798     
   12.250000000000000        19.250000000000000       -9.0513888888887353E-002 -0.14223611111111212     
   15.750000000000000        22.750000000000000      -0.11637499999999808      -0.16809722222222387     
   5.2500000000000000        15.750000000000000       -3.8791666666666148E-002 -0.11637500000000064     
   9.6250000000000000        17.500000000000000       -7.1118055555554713E-002 -0.12930555555555623     
   17.500000000000000        24.500000000000000      -0.12930555555555370      -0.18102777777777959     
   10.500000000000000        17.500000000000000       -7.7583333333332199E-002 -0.12930555555555623     
   14.875000000000000        21.000000000000000      -0.10990972222222016      -0.15516666666666801     
   7.0000000000000000        15.750000000000000       -5.1722222222221566E-002 -0.11637500000000045     
   11.375000000000000        17.500000000000000       -8.4048611111109783E-002 -0.12930555555555623     
   0.0000000000000000        14.000000000000000        0.0000000000000000      -0.10344444444444549     
  0.87500000000000000        14.000000000000000       -6.4652777777776966E-003 -0.10344444444444541     
   14.000000000000000        19.250000000000000      -0.10344444444444285      -0.14223611111111212     
   1.7500000000000000        14.000000000000000       -1.2930555555555395E-002 -0.10344444444444541     
   15.750000000000000        21.000000000000000      -0.11637499999999783      -0.15516666666666798     
   8.7500000000000000        15.750000000000000       -6.4652777777776851E-002 -0.11637500000000039     
   2.6250000000000000        14.000000000000000       -1.9395833333333074E-002 -0.10344444444444541     
   3.5000000000000000        14.000000000000000       -2.5861111111110783E-002 -0.10344444444444541     
   12.250000000000000        17.500000000000000       -9.0513888888887367E-002 -0.12930555555555628     
   17.500000000000000        22.750000000000000      -0.12930555555555370      -0.16809722222222373     
   4.3750000000000000        14.000000000000000       -3.2326388888888412E-002 -0.10344444444444487     
   5.2500000000000000        14.000000000000000       -3.8791666666666100E-002 -0.10344444444444541     
   16.625000000000000        21.000000000000000      -0.12284027777777569      -0.15516666666666801     
   6.1250000000000000        14.000000000000000       -4.5256944444443677E-002 -0.10344444444444487     
   13.125000000000000        17.500000000000000       -9.6979166666665229E-002 -0.12930555555555634     
   10.500000000000000        15.750000000000000       -7.7583333333332297E-002 -0.11637500000000039     
   7.0000000000000000        14.000000000000000       -5.1722222222221427E-002 -0.10344444444444485     
   15.750000000000000        19.250000000000000      -0.11637499999999806      -0.14223611111111217     
   17.500000000000000        21.000000000000000      -0.12930555555555359      -0.15516666666666801     
   14.000000000000000        17.500000000000000      -0.10344444444444313      -0.12930555555555634     
   7.8750000000000000        14.000000000000000       -5.8187499999999004E-002 -0.10344444444444485     
   0.0000000000000000        12.250000000000000        0.0000000000000000       -9.0513888888889796E-002
   8.7500000000000000        14.000000000000000       -6.4652777777776796E-002 -0.10344444444444487     
   12.250000000000000        15.750000000000000       -9.0513888888887714E-002 -0.11637500000000064     
   1.7500000000000000        12.250000000000000       -1.2930555555555357E-002  -9.0513888888889796E-002
   14.875000000000000        17.500000000000000      -0.10990972222222081      -0.12930555555555634     
   3.5000000000000000        12.250000000000000       -2.5861111111110769E-002  -9.0513888888889546E-002
   9.6250000000000000        14.000000000000000       -7.1118055555554713E-002 -0.10344444444444485     
   5.2500000000000000        12.250000000000000       -3.8791666666666134E-002  -9.0513888888889546E-002
   10.500000000000000        14.000000000000000       -7.7583333333332560E-002 -0.10344444444444485     
   15.750000000000000        17.500000000000000      -0.11637499999999870      -0.12930555555555634     
   17.500000000000000        19.250000000000000      -0.12930555555555370      -0.14223611111111220     
   7.0000000000000000        12.250000000000000       -5.1722222222221566E-002  -9.0513888888889532E-002
   14.000000000000000        15.750000000000000      -0.10344444444444317      -0.11637500000000066     
   11.375000000000000        14.000000000000000       -8.4048611111110269E-002 -0.10344444444444489     
   16.625000000000000        17.500000000000000      -0.12284027777777594      -0.12930555555555634     
   12.250000000000000        14.000000000000000       -9.0513888888888214E-002 -0.10344444444444541     
   8.7500000000000000        12.250000000000000       -6.4652777777776851E-002  -9.0513888888889546E-002
   0.0000000000000000        10.500000000000000        0.0000000000000000       -7.7583333333333906E-002
  0.87500000000000000        10.500000000000000       -6.4652777777776914E-003  -7.7583333333333906E-002
   1.7500000000000000        10.500000000000000       -1.2930555555555357E-002  -7.7583333333333906E-002
   2.6250000000000000        10.500000000000000       -1.9395833333333043E-002  -7.7583333333333976E-002
   3.5000000000000000        10.500000000000000       -2.5861111111110710E-002  -7.7583333333333906E-002
   17.500000000000000        17.500000000000000      -0.12930555555555365      -0.12930555555555634     
   13.125000000000000        14.000000000000000       -9.6979166666665617E-002 -0.10344444444444487     
   15.750000000000000        15.750000000000000      -0.11637499999999877      -0.11637500000000066     
   4.3750000000000000        10.500000000000000       -3.2326388888888398E-002  -7.7583333333333976E-002
   5.2500000000000000        10.500000000000000       -3.8791666666666100E-002  -7.7583333333333976E-002
   10.500000000000000        12.250000000000000       -7.7583333333332574E-002  -9.0513888888889560E-002
   14.000000000000000        14.000000000000000      -0.10344444444444326      -0.10344444444444487     
   6.1250000000000000        10.500000000000000       -4.5256944444443808E-002  -7.7583333333333976E-002
   7.0000000000000000        10.500000000000000       -5.1722222222221573E-002  -7.7583333333333906E-002
   14.875000000000000        14.000000000000000      -0.10990972222222112      -0.10344444444444487     
   7.8750000000000000        10.500000000000000       -5.8187499999999351E-002  -7.7583333333333976E-002
   12.250000000000000        12.250000000000000       -9.0513888888888144E-002  -9.0513888888889560E-002
   17.500000000000000        15.750000000000000      -0.12930555555555392      -0.11637500000000071     
   8.7500000000000000        10.500000000000000       -6.4652777777776824E-002  -7.7583333333333976E-002
   15.750000000000000        14.000000000000000      -0.11637499999999902      -0.10344444444444487     
   0.0000000000000000        8.7500000000000000        0.0000000000000000       -6.4652777777778142E-002
   1.7500000000000000        8.7500000000000000       -1.2930555555555385E-002  -6.4652777777778142E-002
   9.6250000000000000        10.500000000000000       -7.1118055555554713E-002  -7.7583333333333990E-002
   3.5000000000000000        8.7500000000000000       -2.5861111111110786E-002  -6.4652777777778170E-002
   10.500000000000000        10.500000000000000       -7.7583333333332297E-002  -7.7583333333333976E-002
   14.000000000000000        12.250000000000000      -0.10344444444444324       -9.0513888888889532E-002
   5.2500000000000000        8.7500000000000000       -3.8791666666666148E-002  -6.4652777777778170E-002
   16.625000000000000        14.000000000000000      -0.12284027777777691      -0.10344444444444487     
   11.375000000000000        10.500000000000000       -8.4048611111110186E-002  -7.7583333333333976E-002
   7.0000000000000000        8.7500000000000000       -5.1722222222221573E-002  -6.4652777777778253E-002
   17.500000000000000        14.000000000000000      -0.12930555555555465      -0.10344444444444541     
   12.250000000000000        10.500000000000000       -9.0513888888887714E-002  -7.7583333333333976E-002
   15.750000000000000        12.250000000000000      -0.11637499999999903       -9.0513888888889477E-002
   8.7500000000000000        8.7500000000000000       -6.4652777777776851E-002  -6.4652777777778170E-002
   13.125000000000000        10.500000000000000       -9.6979166666665534E-002  -7.7583333333333976E-002
   0.0000000000000000        7.0000000000000000        0.0000000000000000       -5.1722222222222398E-002
  0.87500000000000000        7.0000000000000000       -6.4652777777777165E-003  -5.1722222222222433E-002
   1.7500000000000000        7.0000000000000000       -1.2930555555555435E-002  -5.1722222222222704E-002
   2.6250000000000000        7.0000000000000000       -1.9395833333333147E-002  -5.1722222222222447E-002
   3.5000000000000000        7.0000000000000000       -2.5861111111110793E-002  -5.1722222222222704E-002
   14.000000000000000        10.500000000000000      -0.10344444444444319       -7.7583333333333976E-002
   10.500000000000000        8.7500000000000000       -7.7583333333332560E-002  -6.4652777777778170E-002
   4.3750000000000000        7.0000000000000000       -3.2326388888888467E-002  -5.1722222222222711E-002
   5.2500000000000000        7.0000000000000000       -3.8791666666666294E-002  -5.1722222222222738E-002
   6.1250000000000000        7.0000000000000000       -4.5256944444443857E-002  -5.1722222222222745E-002
   14.875000000000000        10.500000000000000      -0.10990972222222110       -7.7583333333333976E-002
   17.500000000000000        12.250000000000000      -0.12930555555555465       -9.0513888888889532E-002
   7.0000000000000000        7.0000000000000000       -5.1722222222221594E-002  -5.1722222222222745E-002
   12.250000000000000        8.7500000000000000       -9.0513888888887645E-002  -6.4652777777778170E-002
   7.8750000000000000        7.0000000000000000       -5.8187499999999358E-002  -5.1722222222222738E-002
   15.750000000000000        10.500000000000000      -0.11637499999999902       -7.7583333333333906E-002
   8.7500000000000000        7.0000000000000000       -6.4652777777776851E-002  -5.1722222222222711E-002
   16.625000000000000        10.500000000000000      -0.12284027777777697       -7.7583333333333906E-002
   9.6250000000000000        7.0000000000000000       -7.1118055555554741E-002  -5.1722222222222704E-002
   14.000000000000000        8.7500000000000000      -0.10344444444444317       -6.4652777777778170E-002
   0.0000000000000000        5.2500000000000000        0.0000000000000000       -3.8791666666666988E-002
   1.7500000000000000        5.2500000000000000       -1.2930555555555393E-002  -3.8791666666667002E-002
   10.500000000000000        7.0000000000000000       -7.7583333333332560E-002  -5.1722222222222711E-002
   3.5000000000000000        5.2500000000000000       -2.5861111111110790E-002  -3.8791666666667002E-002
   17.500000000000000        10.500000000000000      -0.12930555555555481       -7.7583333333333879E-002
   5.2500000000000000        5.2500000000000000       -3.8791666666666148E-002  -3.8791666666667016E-002
   11.375000000000000        7.0000000000000000       -8.4048611111110158E-002  -5.1722222222222711E-002
   7.0000000000000000        5.2500000000000000       -5.1722222222221580E-002  -3.8791666666667016E-002
   12.250000000000000        7.0000000000000000       -9.0513888888887617E-002  -5.1722222222222711E-002
   15.750000000000000        8.7500000000000000      -0.11637499999999877       -6.4652777777778170E-002
   13.125000000000000        7.0000000000000000       -9.6979166666665242E-002  -5.1722222222222704E-002
   8.7500000000000000        5.2500000000000000       -6.4652777777776851E-002  -3.8791666666667002E-002
   14.000000000000000        7.0000000000000000      -0.10344444444444308       -5.1722222222222711E-002
   0.0000000000000000        3.5000000000000000        0.0000000000000000       -2.5861111111111352E-002
  0.87500000000000000        3.5000000000000000       -6.4652777777776923E-003  -2.5861111111111355E-002
   10.500000000000000        5.2500000000000000       -7.7583333333332297E-002  -3.8791666666667002E-002
   17.500000000000000        8.7500000000000000      -0.12930555555555459       -6.4652777777778003E-002
   1.7500000000000000        3.5000000000000000       -1.2930555555555383E-002  -2.5861111111111355E-002
   2.6250000000000000        3.5000000000000000       -1.9395833333333043E-002  -2.5861111111111369E-002
   3.5000000000000000        3.5000000000000000       -2.5861111111110710E-002  -2.5861111111111369E-002
   14.875000000000000        7.0000000000000000      -0.10990972222222081       -5.1722222222222704E-002
   4.3750000000000000        3.5000000000000000       -3.2326388888888398E-002  -2.5861111111111373E-002
   5.2500000000000000        3.5000000000000000       -3.8791666666666100E-002  -2.5861111111111425E-002
   6.1250000000000000        3.5000000000000000       -4.5256944444443808E-002  -2.5861111111111428E-002
   15.750000000000000        7.0000000000000000      -0.11637499999999809       -5.1722222222222433E-002
   12.250000000000000        5.2500000000000000       -9.0513888888887631E-002  -3.8791666666666988E-002
   7.0000000000000000        3.5000000000000000       -5.1722222222221580E-002  -2.5861111111111428E-002
   7.8750000000000000        3.5000000000000000       -5.8187499999999351E-002  -2.5861111111111428E-002
   16.625000000000000        7.0000000000000000      -0.12284027777777592       -5.1722222222222426E-002
   8.7500000000000000        3.5000000000000000       -6.4652777777776851E-002  -2.5861111111111425E-002
   14.000000000000000        5.2500000000000000      -0.10344444444444315       -3.8791666666666946E-002
   9.6250000000000000        3.5000000000000000       -7.1118055555554741E-002  -2.5861111111111355E-002
   17.500000000000000        7.0000000000000000      -0.12930555555555370       -5.1722222222222426E-002
   10.500000000000000        3.5000000000000000       -7.7583333333332574E-002  -2.5861111111111217E-002
   0.0000000000000000        1.7500000000000000        0.0000000000000000       -1.2930555555555676E-002
   1.7500000000000000        1.7500000000000000       -1.2930555555555383E-002  -1.2930555555555676E-002
   3.5000000000000000        1.7500000000000000       -2.5861111111110769E-002  -1.2930555555555678E-002
   11.375000000000000        3.5000000000000000       -8.4048611111110186E-002  -2.5861111111111217E-002
   15.750000000000000        5.2500000000000000      -0.11637499999999876       -3.8791666666666808E-002
   5.2500000000000000        1.7500000000000000       -3.8791666666666100E-002  -1.2930555555555714E-002
   12.250000000000000        3.5000000000000000       -9.0513888888887645E-002  -2.5861111111111224E-002
   7.0000000000000000        1.7500000000000000       -5.1722222222221531E-002  -1.2930555555555728E-002
   13.125000000000000        3.5000000000000000       -9.6979166666665298E-002  -2.5861111111111199E-002
   8.7500000000000000        1.7500000000000000       -6.4652777777776796E-002  -1.2930555555555726E-002
   14.000000000000000        3.5000000000000000      -0.10344444444444315       -2.5861111111111144E-002
   17.500000000000000        5.2500000000000000      -0.12930555555555392       -3.8791666666667002E-002
   14.875000000000000        3.5000000000000000      -0.10990972222222102       -2.5861111111111196E-002
   10.500000000000000        1.7500000000000000       -7.7583333333332199E-002  -1.2930555555555607E-002
   0.0000000000000000        0.0000000000000000        0.0000000000000000        0.0000000000000000     
  0.87500000000000000        0.0000000000000000       -6.4652777777776784E-003   0.0000000000000000     
   1.7500000000000000        0.0000000000000000       -1.2930555555555357E-002   0.0000000000000000     
   2.6250000000000000        0.0000000000000000       -1.9395833333333050E-002   0.0000000000000000     
   3.5000000000000000        0.0000000000000000       -2.5861111111110769E-002   0.0000000000000000     
   15.750000000000000        3.5000000000000000      -0.11637499999999897       -2.5861111111111217E-002
   4.3750000000000000        0.0000000000000000       -3.2326388888888412E-002   0.0000000000000000     
   5.2500000000000000        0.0000000000000000       -3.8791666666666134E-002   0.0000000000000000     
   12.250000000000000        1.7500000000000000       -9.0513888888887617E-002  -1.2930555555555598E-002
   6.1250000000000000        0.0000000000000000       -4.5256944444443691E-002   0.0000000000000000     
   16.625000000000000        3.5000000000000000      -0.12284027777777691       -2.5861111111111352E-002
   7.0000000000000000        0.0000000000000000       -5.1722222222221427E-002   0.0000000000000000     
   7.8750000000000000        0.0000000000000000       -5.8187499999998879E-002   0.0000000000000000     
   17.500000000000000        3.5000000000000000      -0.12930555555555481       -2.5861111111111425E-002
   8.7500000000000000        0.0000000000000000       -6.4652777777776324E-002   0.0000000000000000     
   14.000000000000000        1.7500000000000000      -0.10344444444444317       -1.2930555555555598E-002
   9.6250000000000000        0.0000000000000000       -7.1118055555554185E-002   0.0000000000000000     
   10.500000000000000        0.0000000000000000       -7.7583333333331880E-002   0.0000000000000000     
   15.750000000000000        1.7500000000000000      -0.11637499999999897       -1.2930555555555676E-002
   11.375000000000000        0.0000000000000000       -8.4048611111109700E-002   0.0000000000000000     
   12.250000000000000        0.0000000000000000       -9.0513888888887298E-002   0.0000000000000000     
   13.125000000000000        0.0000000000000000       -9.6979166666665201E-002   0.0000000000000000     
   17.500000000000000        1.7500000000000000      -0.12930555555555459       -1.2930555555555572E-002
   14.000000000000000        0.0000000000000000      -0.10344444444444308        0.0000000000000000     
   14.875000000000000        0.0000000000000000      -0.10990972222222101        0.0000000000000000     
   15.750000000000000        0.0000000000000000      -0.11637499999999872        0.0000000000000000     
   16.625000000000000        0.0000000000000000      -0.12284027777777667        0.0000000000000000     
   17.500000000000000        0.0000000000000000      -0.12930555555555465        0.0000000000000000     
