2-D ELASTIC EXAMPLE EMAD
04   02   04    2    3    1    2    2    2    3    3                                                                                               
4    0.9794  0.2950 1.288  1   1   1   1   
3
2   1   100     10000   10
1   1   100     10000   10
1   1   100     10000   10
1   1   100     10000   10
 1    1    1    2   3
 2    1    2    4   3
 1 000.0       0.0  
 2 001.0       0.0   
 3 000.0       1.0
 4 001.0       1.0        
    1        11       0.000000  0.000000
    2        01       0.000000  0.000000
    3        11       0.000000  0.000000
    4        01       0.000000  -0.01000
  1
00072.0       0.2       0.0       0.0       24.0       0.0       0.0       0.0
INTERNAL PRESSURE
   0    0    0
  0.33        1.0       30    3    3 
  0.33        1.0       30    3    3 
  0.34        1.0       30    3    3 
