2-D ELASTO-PLASTIC EXAMPLE . 1 ELEMENT Q4
04   01   03    2    4    1    2    2    2    1    3                                                                                               
4    0.9794  0.2950 1.288  1   1   1   1   
3
2   1   100     10000   10
1   1   100     10000   10
1   1   100     10000   10
1   1   100     10000   10
 1    1    1    2   3   4
 1 000.0       0.0  
 2 001.0       0.0   
 3 001.0       1.0   
 4 000.0       1.0       
    1        11       0.000000  0.000000
    2        01       0.000000  0.000000
    4        11       0.000000  0.000000
  1
21000.0       0.2       0.0       0.0       24.0       0.0       0.0       0.0
INTERNAL PRESSURE
   1    0    0
3   0.0  -1.0
  1.0       1.0       30    3    3 
