2-D ELASTO-PLASTIC EXAMPLE . SECTION 7.9 . FIG 7.12 P.542
06   02   04    2    4    1    3    2    2    1    3                                                                                               
4    0.9794  0.2950 1.288  1   1   1   1   
3
2   1   100     10000   10
1   1   100     10000   10
1   1   100     10000   10
1   1   100     10000   10
 1    1    1    2   3   4
 2    1    2    5   6   3
 1 000.0       0.0  
 2 001.0       0.0   
 3 001.0       1.0   
 4 000.0       1.0
 5 002.0       0.0
 6 002.0       1.0        
    1        11       0.000000  0.000000
    2        01       0.000000  0.000000
    4        11       0.000000  0.000000
    5        01       0.000000  0.000000
  1
72000000.0       0.2       0.0       0.0       24.0       0.0       0.0       0.0
INTERNAL PRESSURE
   1    0    0
6   0.0   -100.0
  1.0       1.0       10    3    3 


