2-D ELASTO-PLASTIC EXAMPLE 1 ELEMENT Q4 CAM CLAY LIME TREATED SOILS
04   01   03    3    4    1    2    2    6   3500    4                                                                                               
4    0.9794  0.2950 1.288  1   1   1   1   
3
2   1   100     10000   10
1   1   100     10000   10
1   1   100     10000   10
1   1   100     10000   10
 1    1    1    2   3   4
 1 000.0       0.0  
 2 001.0       0.0   
 3 001.0       1.0   
 4 000.0       1.0       
    1        11       0.000000  0.000000
    2        01       0.000000  0.000000
    4        10       0.000000  0.000000
  1
45000.0   0.2   0.0   0.0   170.0   0.0   30.0   1.99   0.08   0.032   1.15   400.0   0.035   0.065   0.046   -41.8
INTERNAL PRESSURE
0    0    1
2
1    2    3
600.0    0.0    600.0    0.0
1    3    4
600.0    0.0    600.0    0.0

1    0    0
3   0.0  -100.0
  1.0       1.0       30    3    3 


  0.01       1.0       30    0    0 
  0.01       1.0       30    0    0 
  0.01       1.0       30    0    0 
  0.01       1.0       30    0    0 
  0.01       1.0       30    0    0 
  0.01       1.0       30    0    0 
  0.01       1.0       30    0    0 
  0.01       1.0       30    0    0 
  0.01       1.0       30    0    0 
  0.01       1.0       30    0    0   
  0.05       1.0       30    3    3 
  0.02       1.0       30    3    3 
  0.01       1.0       30    3    3 
  0.01       1.0       30    0    0 
  0.01       1.0       30    0    0 
  0.1       1.0       30    3    3 
  0.1       1.0       30    3    3 
  0.1       1.0       30    3    3 
  0.1       1.0       30    3    3 
  0.1       1.0       30    3    3 
  0.1       1.0       30    3    3 
  0.1       1.0       30    3    3 
  0.1       1.0       30    3    3 
