           0           0           1   0.0000000000000000        35.000000000000000        1.3839090897914925     
           0           0           2  0.87500000000000000        35.000000000000000        1.3839091329519602     
           0           0           3   0.0000000000000000        33.250000000000000        1.3839228609373686     
           0           0           4   1.7500000000000000        35.000000000000000        1.3839090624149430     
           0           0           5   1.7500000000000000        33.250000000000000        1.3839229629689060     
           0           0           6   2.6250000000000000        35.000000000000000        1.3839090388828565     
           0           0           7   0.0000000000000000        31.500000000000000        1.3839343665587296     
           0           0           8   3.5000000000000000        35.000000000000000        1.3839088840690625     
           0           0           9  0.87500000000000000        31.500000000000000        1.3839345997978254     
           0           0          10   3.5000000000000000        33.250000000000000        1.3839231081633327     
           0           0          11   1.7500000000000000        31.500000000000000        1.3839345878914782     
           0           0          12   2.6250000000000000        31.500000000000000        1.3839348482497931     
           0           0          13   4.3750000000000000        35.000000000000000        1.3839087872135436     
           0           0          14   3.5000000000000000        31.500000000000000        1.3839349499998785     
           0           0          15   0.0000000000000000        29.750000000000000        1.3839483542610826     
           0           0          16   5.2500000000000000        35.000000000000000        1.3839085170942766     
           0           0          17   1.7500000000000000        29.750000000000000        1.3839487367576180     
           0           0          18   5.2500000000000000        33.250000000000000        1.3839233224577767     
           0           0          19   4.3750000000000000        31.500000000000000        1.3839353575360234     
           0           0          20   6.1250000000000000        35.000000000000000        1.3839082925232591     
           0           0          21   3.5000000000000000        29.750000000000000        1.3839495288836667     
           0           0          22   5.2500000000000000        31.500000000000000        1.3839355539698746     
           0           0          23   0.0000000000000000        28.000000000000000        1.3839572711733217     
           0           0          24   7.0000000000000000        35.000000000000000        1.3839078102844007     
           0           0          25   6.1250000000000000        31.500000000000000        1.3839361353459227     
           0           0          26  0.87500000000000000        28.000000000000000        1.3839576448858164     
           0           0          27   7.0000000000000000        33.250000000000000        1.3839235584492702     
           0           0          28   1.7500000000000000        28.000000000000000        1.3839577023365606     
           0           0          29   5.2500000000000000        29.750000000000000        1.3839509230044371     
           0           0          30   2.6250000000000000        28.000000000000000        1.3839582088593745     
           0           0          31   7.0000000000000000        31.500000000000000        1.3839364062080721     
           0           0          32   3.5000000000000000        28.000000000000000        1.3839585531348775     
           0           0          33   7.8750000000000000        35.000000000000000        1.3839073501176422     
           0           0          34   4.3750000000000000        28.000000000000000        1.3839593894106323     
           0           0          35   7.8750000000000000        31.500000000000000        1.3839372068752092     
           0           0          36   8.7500000000000000        35.000000000000000        1.3839064619073804     
           0           0          37   0.0000000000000000        26.250000000000000        1.3839698771972710     
           0           0          38   7.0000000000000000        29.750000000000000        1.3839530663627060     
           0           0          39   5.2500000000000000        28.000000000000000        1.3839600492997579     
           0           0          40   8.7500000000000000        33.250000000000000        1.3839237162552713     
           0           0          41   1.7500000000000000        26.250000000000000        1.3839703576209992     
           0           0          42   6.1250000000000000        28.000000000000000        1.3839612867598396     
           0           0          43   8.7500000000000000        31.500000000000000        1.3839375280134849     
           0           0          44   3.5000000000000000        26.250000000000000        1.3839714449156069     
           0           0          45   9.6250000000000000        35.000000000000000        1.3839054761741898     
           0           0          46   7.0000000000000000        28.000000000000000        1.3839623475314986     
           0           0          47   8.7500000000000000        29.750000000000000        1.3839562238845007     
           0           0          48   5.2500000000000000        26.250000000000000        1.3839733295244963     
           0           0          49   9.6250000000000000        31.500000000000000        1.3839386432077587     
           0           0          50   10.500000000000000        35.000000000000000        1.3839036982156467     
           0           0          51   0.0000000000000000        24.500000000000000        1.3839763459907195     
           0           0          52   7.8750000000000000        28.000000000000000        1.3839641007236312     
           0           0          53  0.87500000000000000        24.500000000000000        1.3839766455038349     
           0           0          54   1.7500000000000000        24.500000000000000        1.3839768021565624     
           0           0          55   10.500000000000000        33.250000000000000        1.3839236836725968     
           0           0          56   2.6250000000000000        24.500000000000000        1.3839773505044379     
           0           0          57   3.5000000000000000        24.500000000000000        1.3839778803106877     
           0           0          58   10.500000000000000        31.500000000000000        1.3839389894216916     
           0           0          59   8.7500000000000000        28.000000000000000        1.3839657322801944     
           0           0          60   7.0000000000000000        26.250000000000000        1.3839761359123008     
           0           0          61   11.375000000000000        35.000000000000000        1.3839017421341364     
           0           0          62   4.3750000000000000        24.500000000000000        1.3839788028205320     
           0           0          63   10.500000000000000        29.750000000000000        1.3839608499588982     
           0           0          64   5.2500000000000000        24.500000000000000        1.3839797568986982     
           0           0          65   11.375000000000000        31.500000000000000        1.3839406890227663     
           0           0          66   9.6250000000000000        28.000000000000000        1.3839681924470542     
           0           0          67   6.1250000000000000        24.500000000000000        1.3839810965871810     
           0           0          68   0.0000000000000000        22.750000000000000        1.3839858067783581     
           0           0          69   12.250000000000000        35.000000000000000        1.3838981339170695     
           0           0          70   12.250000000000000        33.250000000000000        1.3839231714953761     
           0           0          71   1.7500000000000000        22.750000000000000        1.3839862127974984     
           0           0          72   8.7500000000000000        26.250000000000000        1.3839800526684320     
           0           0          73   7.0000000000000000        24.500000000000000        1.3839825698468327     
           0           0          74   10.500000000000000        28.000000000000000        1.3839707981847316     
           0           0          75   3.5000000000000000        22.750000000000000        1.3839872303950909     
           0           0          76   12.250000000000000        31.500000000000000        1.3839413207908018     
           0           0          77   7.8750000000000000        24.500000000000000        1.3839843864482873     
           0           0          78   13.125000000000000        35.000000000000000        1.3838925554694415     
           0           0          79   5.2500000000000000        22.750000000000000        1.3839889607879519     
           0           0          80   12.250000000000000        29.750000000000000        1.3839677242211432     
           0           0          81   11.375000000000000        28.000000000000000        1.3839742540388600     
           0           0          82   13.125000000000000        31.500000000000000        1.3839443283879453     
           0           0          83   10.500000000000000        26.250000000000000        1.3839853304687746     
           0           0          84   8.7500000000000000        24.500000000000000        1.3839865118887904     
           0           0          85   0.0000000000000000        21.000000000000000        1.3839903368736883     
           0           0          86   14.000000000000000        35.000000000000000        1.3838831820675233     
           0           0          87  0.87500000000000000        21.000000000000000        1.3839904935437499     
           0           0          88   14.000000000000000        33.250000000000000        1.3839241021644864     
           0           0          89   7.0000000000000000        22.750000000000000        1.3839914568638441     
           0           0          90   12.250000000000000        28.000000000000000        1.3839784205693819     
           0           0          91   1.7500000000000000        21.000000000000000        1.3839906932629045     
           0           0          92   9.6250000000000000        24.500000000000000        1.3839888827193272     
           0           0          93   2.6250000000000000        21.000000000000000        1.3839911309056439     
           0           0          94   14.000000000000000        31.500000000000000        1.3839464189552984     
           0           0          95   3.5000000000000000        21.000000000000000        1.3839916634274410     
           0           0          96   4.3750000000000000        21.000000000000000        1.3839924162386741     
           0           0          97   10.500000000000000        24.500000000000000        1.3839918718799340     
           0           0          98   13.125000000000000        28.000000000000000        1.3839832744262475     
           0           0          99   14.875000000000000        35.000000000000000        1.3838731928785153     
           0           0         100   14.000000000000000        29.750000000000000        1.3839762807246974     
           0           0         101   5.2500000000000000        21.000000000000000        1.3839933066765602     
           0           0         102   8.7500000000000000        22.750000000000000        1.3839947879734869     
           0           0         103   12.250000000000000        26.250000000000000        1.3839926061676315     
           0           0         104   6.1250000000000000        21.000000000000000        1.3839943813737756     
           0           0         105   14.875000000000000        31.500000000000000        1.3839547830241450     
           0           0         106   11.375000000000000        24.500000000000000        1.3839948740385726     
           0           0         107   14.000000000000000        28.000000000000000        1.3839931717382747     
           0           0         108   7.0000000000000000        21.000000000000000        1.3839956579952279     
           0           0         109   0.0000000000000000        19.250000000000000        1.3839963906129542     
           0           0         110   15.750000000000000        35.000000000000000        1.3838531207807470     
           0           0         111   15.750000000000000        33.250000000000000        1.3839360356991990     
           0           0         112   1.7500000000000000        19.250000000000000        1.3839966634003480     
           0           0         113   7.8750000000000000        21.000000000000000        1.3839970607310241     
           0           0         114   3.5000000000000000        19.250000000000000        1.3839974420128083     
           0           0         115   10.500000000000000        22.750000000000000        1.3839989918282356     
           0           0         116   15.750000000000000        31.500000000000000        1.3839428224420594     
           0           0         117   12.250000000000000        24.500000000000000        1.3839985356954381     
           0           0         118   14.875000000000000        28.000000000000000        1.3839985316050858     
           0           0         119   14.000000000000000        26.250000000000000        1.3840018739445421     
           0           0         120   8.7500000000000000        21.000000000000000        1.3839987356035706     
           0           0         121   15.750000000000000        29.750000000000000        1.3839982819373957     
           0           0         122   5.2500000000000000        19.250000000000000        1.3839987422359814     
           0           0         123   16.625000000000000        35.000000000000000        1.3837318191340970     
           0           0         124   13.125000000000000        24.500000000000000        1.3840023324829203     
           0           0         125   9.6250000000000000        21.000000000000000        1.3840004640071819     
           0           0         126   16.625000000000000        31.500000000000000        1.3839698990326674     
           0           0         127   7.0000000000000000        19.250000000000000        1.3840005637533705     
           0           0         128   15.750000000000000        28.000000000000000        1.3840091184648475     
           0           0         129   12.250000000000000        22.750000000000000        1.3840041015717677     
           0           0         130   14.000000000000000        24.500000000000000        1.3840066562584132     
           0           0         131   17.500000000000000        35.000000000000000        1.3835884441345994     
           0           0         132   0.0000000000000000        17.500000000000000        1.3839994284424335     
           0           0         133   10.500000000000000        21.000000000000000        1.3840025511670839     
           0           0         134  0.87500000000000000        17.500000000000000        1.3839994717364441     
           0           0         135   1.7500000000000000        17.500000000000000        1.3839996537703323     
           0           0         136   17.500000000000000        33.250000000000000        1.3839062849450854     
           0           0         137   2.6250000000000000        17.500000000000000        1.3839999365962459     
           0           0         138   17.500000000000000        31.500000000000000        1.3840205855948717     
           0           0         139   3.5000000000000000        17.500000000000000        1.3840003551012379     
           0           0         140   8.7500000000000000        19.250000000000000        1.3840028987338504     
           0           0         141   15.750000000000000        26.250000000000000        1.3840122817457114     
           0           0         142   4.3750000000000000        17.500000000000000        1.3840008587046941     
           0           0         143   11.375000000000000        21.000000000000000        1.3840045686543405     
           0           0         144   16.625000000000000        28.000000000000000        1.3840138144936802     
           0           0         145   14.875000000000000        24.500000000000000        1.3840114087962614     
           0           0         146   17.500000000000000        29.750000000000000        1.3840348033881527     
           0           0         147   5.2500000000000000        17.500000000000000        1.3840015158569212     
           0           0         148   6.1250000000000000        17.500000000000000        1.3840022288759575     
           0           0         149   14.000000000000000        22.750000000000000        1.3840100319284261     
           0           0         150   12.250000000000000        21.000000000000000        1.3840070104377171     
           0           0         151   7.0000000000000000        17.500000000000000        1.3840031176105119     
           0           0         152   17.500000000000000        28.000000000000000        1.3840246291639595     
           0           0         153   10.500000000000000        19.250000000000000        1.3840057187920236     
           0           0         154   15.750000000000000        24.500000000000000        1.3840158714488080     
           0           0         155   7.8750000000000000        17.500000000000000        1.3840040234100388     
           0           0         156   13.125000000000000        21.000000000000000        1.3840092014818888     
           0           0         157   0.0000000000000000        15.750000000000000        1.3840028143796017     
           0           0         158   1.7500000000000000        15.750000000000000        1.3840029720370042     
           0           0         159   3.5000000000000000        15.750000000000000        1.3840034948219286     
           0           0         160   17.500000000000000        26.250000000000000        1.3840229402276774     
           0           0         161   8.7500000000000000        17.500000000000000        1.3840051201688301     
           0           0         162   16.625000000000000        24.500000000000000        1.3840207577569983     
           0           0         163   14.000000000000000        21.000000000000000        1.3840119652970679     
           0           0         164   12.250000000000000        19.250000000000000        1.3840089674577007     
           0           0         165   15.750000000000000        22.750000000000000        1.3840169516981207     
           0           0         166   5.2500000000000000        15.750000000000000        1.3840043555095574     
           0           0         167   9.6250000000000000        17.500000000000000        1.3840061933993764     
           0           0         168   17.500000000000000        24.500000000000000        1.3840265463090919     
           0           0         169   10.500000000000000        17.500000000000000        1.3840074536577371     
           0           0         170   14.875000000000000        21.000000000000000        1.3840142220165776     
           0           0         171   7.0000000000000000        15.750000000000000        1.3840055344938724     
           0           0         172   11.375000000000000        17.500000000000000        1.3840086633764128     
           0           0         173   0.0000000000000000        14.000000000000000        1.3840047446909662     
           0           0         174  0.87500000000000000        14.000000000000000        1.3840047285461461     
           0           0         175   14.000000000000000        19.250000000000000        1.3840125351462802     
           0           0         176   1.7500000000000000        14.000000000000000        1.3840048656174164     
           0           0         177   15.750000000000000        21.000000000000000        1.3840169132086657     
           0           0         178   8.7500000000000000        15.750000000000000        1.3840070000548632     
           0           0         179   2.6250000000000000        14.000000000000000        1.3840050218740325     
           0           0         180   3.5000000000000000        14.000000000000000        1.3840053038200650     
           0           0         181   12.250000000000000        17.500000000000000        1.3840100029788691     
           0           0         182   17.500000000000000        22.750000000000000        1.3840247614757410     
           0           0         183   4.3750000000000000        14.000000000000000        1.3840055976156542     
           0           0         184   5.2500000000000000        14.000000000000000        1.3840060166681021     
           0           0         185   16.625000000000000        21.000000000000000        1.3840192963422044     
           0           0         186   6.1250000000000000        14.000000000000000        1.3840064352739869     
           0           0         187   13.125000000000000        17.500000000000000        1.3840113129069584     
           0           0         188   10.500000000000000        15.750000000000000        1.3840087029467840     
           0           0         189   7.0000000000000000        14.000000000000000        1.3840069741301948     
           0           0         190   15.750000000000000        19.250000000000000        1.3840161942316289     
           0           0         191   17.500000000000000        21.000000000000000        1.3840214988355870     
           0           0         192   14.000000000000000        17.500000000000000        1.3840126306478187     
           0           0         193   7.8750000000000000        14.000000000000000        1.3840075005806733     
           0           0         194   0.0000000000000000        12.250000000000000        1.3840064129211407     
           0           0         195   8.7500000000000000        14.000000000000000        1.3840081321468334     
           0           0         196   12.250000000000000        15.750000000000000        1.3840105738467945     
           0           0         197   1.7500000000000000        12.250000000000000        1.3840064929976934     
           0           0         198   14.875000000000000        17.500000000000000        1.3840139901876032     
           0           0         199   3.5000000000000000        12.250000000000000        1.3840068115166666     
           0           0         200   9.6250000000000000        14.000000000000000        1.3840087430952392     
           0           0         201   5.2500000000000000        12.250000000000000        1.3840073293219253     
           0           0         202   10.500000000000000        14.000000000000000        1.3840094304855235     
           0           0         203   15.750000000000000        17.500000000000000        1.3840151850911051     
           0           0         204   17.500000000000000        19.250000000000000        1.3840195798771582     
           0           0         205   7.0000000000000000        12.250000000000000        1.3840080241441313     
           0           0         206   14.000000000000000        15.750000000000000        1.3840125069854481     
           0           0         207   11.375000000000000        14.000000000000000        1.3840100954951993     
           0           0         208   16.625000000000000        17.500000000000000        1.3840165096173884     
           0           0         209   12.250000000000000        14.000000000000000        1.3840107889983995     
           0           0         210   8.7500000000000000        12.250000000000000        1.3840088642438511     
           0           0         211   0.0000000000000000        10.500000000000000        1.3840075760363346     
           0           0         212  0.87500000000000000        10.500000000000000        1.3840075387158592     
           0           0         213   1.7500000000000000        10.500000000000000        1.3840076307132798     
           0           0         214   2.6250000000000000        10.500000000000000        1.3840077048693571     
           0           0         215   3.5000000000000000        10.500000000000000        1.3840078762750205     
           0           0         216   17.500000000000000        17.500000000000000        1.3840176400181725     
           0           0         217   13.125000000000000        14.000000000000000        1.3840114700700292     
           0           0         218   15.750000000000000        15.750000000000000        1.3840143814096624     
           0           0         219   4.3750000000000000        10.500000000000000        1.3840080285902494     
           0           0         220   5.2500000000000000        10.500000000000000        1.3840082702118879     
           0           0         221   10.500000000000000        12.250000000000000        1.3840098058006922     
           0           0         222   14.000000000000000        14.000000000000000        1.3840121188569225     
           0           0         223   6.1250000000000000        10.500000000000000        1.3840084912098374     
           0           0         224   7.0000000000000000        10.500000000000000        1.3840087874820473     
           0           0         225   14.875000000000000        14.000000000000000        1.3840127759510645     
           0           0         226   7.8750000000000000        10.500000000000000        1.3840090643862235     
           0           0         227   12.250000000000000        12.250000000000000        1.3840107921158420     
           0           0         228   17.500000000000000        15.750000000000000        1.3840160789905043     
           0           0         229   8.7500000000000000        10.500000000000000        1.3840093940265106     
           0           0         230   15.750000000000000        14.000000000000000        1.3840133137943196     
           0           0         231   0.0000000000000000        8.7500000000000000        1.3840082745612625     
           0           0         232   1.7500000000000000        8.7500000000000000        1.3840083091752939     
           0           0         233   9.6250000000000000        10.500000000000000        1.3840097101852789     
           0           0         234   3.5000000000000000        8.7500000000000000        1.3840084885754944     
           0           0         235   10.500000000000000        10.500000000000000        1.3840100465029952     
           0           0         236   14.000000000000000        12.250000000000000        1.3840117531183929     
           0           0         237   5.2500000000000000        8.7500000000000000        1.3840087764370899     
           0           0         238   16.625000000000000        14.000000000000000        1.3840139350140890     
           0           0         239   11.375000000000000        10.500000000000000        1.3840103820420453     
           0           0         240   7.0000000000000000        8.7500000000000000        1.3840091540803872     
           0           0         241   17.500000000000000        14.000000000000000        1.3840142958855097     
           0           0         242   12.250000000000000        10.500000000000000        1.3840106933524252     
           0           0         243   15.750000000000000        12.250000000000000        1.3840126035122167     
           0           0         244   8.7500000000000000        8.7500000000000000        1.3840095963706429     
           0           0         245   13.125000000000000        10.500000000000000        1.3840110255380680     
           0           0         246   0.0000000000000000        7.0000000000000000        1.3840089487343150     
           0           0         247  0.87500000000000000        7.0000000000000000        1.3840089087824401     
           0           0         248   1.7500000000000000        7.0000000000000000        1.3840089670332452     
           0           0         249   2.6250000000000000        7.0000000000000000        1.3840089951173939     
           0           0         250   3.5000000000000000        7.0000000000000000        1.3840090927630841     
           0           0         251   14.000000000000000        10.500000000000000        1.3840112803661819     
           0           0         252   10.500000000000000        8.7500000000000000        1.3840100708326455     
           0           0         253   4.3750000000000000        7.0000000000000000        1.3840091621071062     
           0           0         254   5.2500000000000000        7.0000000000000000        1.3840092911727202     
           0           0         255   6.1250000000000000        7.0000000000000000        1.3840093957420354     
           0           0         256   14.875000000000000        10.500000000000000        1.3840115838717266     
           0           0         257   17.500000000000000        12.250000000000000        1.3840132451307694     
           0           0         258   7.0000000000000000        7.0000000000000000        1.3840095445471434     
           0           0         259   12.250000000000000        8.7500000000000000        1.3840105385789951     
           0           0         260   7.8750000000000000        7.0000000000000000        1.3840096758310150     
           0           0         261   15.750000000000000        10.500000000000000        1.3840117552174040     
           0           0         262   8.7500000000000000        7.0000000000000000        1.3840098298633929     
           0           0         263   16.625000000000000        10.500000000000000        1.3840120128956905     
           0           0         264   9.6250000000000000        7.0000000000000000        1.3840099766139515     
           0           0         265   14.000000000000000        8.7500000000000000        1.3840109534388834     
           0           0         266   0.0000000000000000        5.2500000000000000        1.3840091495237745     
           0           0         267   1.7500000000000000        5.2500000000000000        1.3840091604502982     
           0           0         268   10.500000000000000        7.0000000000000000        1.3840101191681566     
           0           0         269   3.5000000000000000        5.2500000000000000        1.3840092575097287     
           0           0         270   17.500000000000000        10.500000000000000        1.3840120859744800     
           0           0         271   5.2500000000000000        5.2500000000000000        1.3840094106081937     
           0           0         272   11.375000000000000        7.0000000000000000        1.3840102678817940     
           0           0         273   7.0000000000000000        5.2500000000000000        1.3840096053415527     
           0           0         274   12.250000000000000        7.0000000000000000        1.3840103805963511     
           0           0         275   15.750000000000000        8.7500000000000000        1.3840112640173852     
           0           0         276   13.125000000000000        7.0000000000000000        1.3840105161325458     
           0           0         277   8.7500000000000000        5.2500000000000000        1.3840098231095410     
           0           0         278   14.000000000000000        7.0000000000000000        1.3840105822845616     
           0           0         279   0.0000000000000000        3.5000000000000000        1.3840095330462039     
           0           0         280  0.87500000000000000        3.5000000000000000        1.3840094958379319     
           0           0         281   10.500000000000000        5.2500000000000000        1.3840100407985771     
           0           0         282   17.500000000000000        8.7500000000000000        1.3840114269850052     
           0           0         283   1.7500000000000000        3.5000000000000000        1.3840095342124623     
           0           0         284   2.6250000000000000        3.5000000000000000        1.3840095401238905     
           0           0         285   3.5000000000000000        3.5000000000000000        1.3840095972410993     
           0           0         286   14.875000000000000        7.0000000000000000        1.3840106889299455     
           0           0         287   4.3750000000000000        3.5000000000000000        1.3840096249345772     
           0           0         288   5.2500000000000000        3.5000000000000000        1.3840096942405213     
           0           0         289   6.1250000000000000        3.5000000000000000        1.3840097398157136     
           0           0         290   15.750000000000000        7.0000000000000000        1.3840106963393422     
           0           0         291   12.250000000000000        5.2500000000000000        1.3840102318909393     
           0           0         292   7.0000000000000000        3.5000000000000000        1.3840098125617073     
           0           0         293   7.8750000000000000        3.5000000000000000        1.3840098702220891     
           0           0         294   16.625000000000000        7.0000000000000000        1.3840107669073072     
           0           0         295   8.7500000000000000        3.5000000000000000        1.3840099361520373     
           0           0         296   14.000000000000000        5.2500000000000000        1.3840103674837216     
           0           0         297   9.6250000000000000        3.5000000000000000        1.3840099981815766     
           0           0         298   17.500000000000000        7.0000000000000000        1.3840106980432669     
           0           0         299   10.500000000000000        3.5000000000000000        1.3840100461555291     
           0           0         300   0.0000000000000000        1.7500000000000000        1.3840094848250202     
           0           0         301   1.7500000000000000        1.7500000000000000        1.3840094859146821     
           0           0         302   3.5000000000000000        1.7500000000000000        1.3840095454895036     
           0           0         303   11.375000000000000        3.5000000000000000        1.3840101033615695     
           0           0         304   15.750000000000000        5.2500000000000000        1.3840104167240608     
           0           0         305   5.2500000000000000        1.7500000000000000        1.3840096376092186     
           0           0         306   12.250000000000000        3.5000000000000000        1.3840101221237509     
           0           0         307   7.0000000000000000        1.7500000000000000        1.3840097503881319     
           0           0         308   13.125000000000000        3.5000000000000000        1.3840101643571625     
           0           0         309   8.7500000000000000        1.7500000000000000        1.3840098688584190     
           0           0         310   14.000000000000000        3.5000000000000000        1.3840101443752539     
           0           0         311   17.500000000000000        5.2500000000000000        1.3840103541980575     
           0           0         312   14.875000000000000        3.5000000000000000        1.3840101613616536     
           0           0         313   10.500000000000000        1.7500000000000000        1.3840099749120154     
           0           0         314   0.0000000000000000        0.0000000000000000        1.3840096903238364     
           0           0         315  0.87500000000000000        0.0000000000000000        1.3840096546650331     
           0           0         316   1.7500000000000000        0.0000000000000000        1.3840096865606069     
           0           0         317   2.6250000000000000        0.0000000000000000        1.3840096860063580     
           0           0         318   3.5000000000000000        0.0000000000000000        1.3840097303507213     
           0           0         319   15.750000000000000        3.5000000000000000        1.3840100983516144     
           0           0         320   4.3750000000000000        0.0000000000000000        1.3840097455715703     
           0           0         321   5.2500000000000000        0.0000000000000000        1.3840097963620632     
           0           0         322   12.250000000000000        1.7500000000000000        1.3840100485079012     
           0           0         323   6.1250000000000000        0.0000000000000000        1.3840098241665146     
           0           0         324   16.625000000000000        3.5000000000000000        1.3840100851954817     
           0           0         325   7.0000000000000000        0.0000000000000000        1.3840098736971018     
           0           0         326   7.8750000000000000        0.0000000000000000        1.3840099091845817     
           0           0         327   17.500000000000000        3.5000000000000000        1.3840099695838102     
           0           0         328   8.7500000000000000        0.0000000000000000        1.3840099486786781     
           0           0         329   14.000000000000000        1.7500000000000000        1.3840100686993568     
           0           0         330   9.6250000000000000        0.0000000000000000        1.3840099852584862     
           0           0         331   10.500000000000000        0.0000000000000000        1.3840100054711300     
           0           0         332   15.750000000000000        1.7500000000000000        1.3840100139860900     
           0           0         333   11.375000000000000        0.0000000000000000        1.3840100352907172     
           0           0         334   12.250000000000000        0.0000000000000000        1.3840100271950639     
           0           0         335   13.125000000000000        0.0000000000000000        1.3840100416847261     
           0           0         336   17.500000000000000        1.7500000000000000        1.3840098699555763     
           0           0         337   14.000000000000000        0.0000000000000000        1.3840099980126106     
           0           0         338   14.875000000000000        0.0000000000000000        1.3840099886857504     
           0           0         339   15.750000000000000        0.0000000000000000        1.3840099073750647     
           0           0         340   16.625000000000000        0.0000000000000000        1.3840098706334647     
           0           0         341   17.500000000000000        0.0000000000000000        1.3840097426641160     
