           0           0           1   0.0000000000000000        35.000000000000000        1.5409073030562901     
           0           0           2  0.87500000000000000        35.000000000000000        1.5411018073099867     
           0           0           3   0.0000000000000000        33.250000000000000        1.5413403368452343     
           0           0           4   1.7500000000000000        35.000000000000000        1.5412806611067171     
           0           0           5   1.7500000000000000        33.250000000000000        1.5412674096949122     
           0           0           6   2.6250000000000000        35.000000000000000        1.5415674510439299     
           0           0           7   0.0000000000000000        31.500000000000000        1.5413329653899925     
           0           0           8   3.5000000000000000        35.000000000000000        1.5417768831489611     
           0           0           9  0.87500000000000000        31.500000000000000        1.5412420133573304     
           0           0          10   3.5000000000000000        33.250000000000000        1.5411502183713433     
           0           0          11   1.7500000000000000        31.500000000000000        1.5411669320741799     
           0           0          12   2.6250000000000000        31.500000000000000        1.5410021502955475     
           0           0          13   4.3750000000000000        35.000000000000000        1.5415087568009818     
           0           0          14   3.5000000000000000        31.500000000000000        1.5408370079346292     
           0           0          15   0.0000000000000000        29.750000000000000        1.5401735715048457     
           0           0          16   5.2500000000000000        35.000000000000000        1.5411991086461281     
           0           0          17   1.7500000000000000        29.750000000000000        1.5405379841314697     
           0           0          18   5.2500000000000000        33.250000000000000        1.5412411369876799     
           0           0          19   4.3750000000000000        31.500000000000000        1.5409619914712978     
           0           0          20   6.1250000000000000        35.000000000000000        1.5413620905939225     
           0           0          21   3.5000000000000000        29.750000000000000        1.5405990196623873     
           0           0          22   5.2500000000000000        31.500000000000000        1.5410716162464615     
           0           0          23   0.0000000000000000        28.000000000000000        1.5399298307603932     
           0           0          24   7.0000000000000000        35.000000000000000        1.5415315276884614     
           0           0          25   6.1250000000000000        31.500000000000000        1.5410696455337858     
           0           0          26  0.87500000000000000        28.000000000000000        1.5399262793998321     
           0           0          27   7.0000000000000000        33.250000000000000        1.5412879564136612     
           0           0          28   1.7500000000000000        28.000000000000000        1.5399565952249326     
           0           0          29   5.2500000000000000        29.750000000000000        1.5406543272938673     
           0           0          30   2.6250000000000000        28.000000000000000        1.5399362252596573     
           0           0          31   7.0000000000000000        31.500000000000000        1.5410213088713629     
           0           0          32   3.5000000000000000        28.000000000000000        1.5399185188046796     
           0           0          33   7.8750000000000000        35.000000000000000        1.5415828513038772     
           0           0          34   4.3750000000000000        28.000000000000000        1.5400151480837154     
           0           0          35   7.8750000000000000        31.500000000000000        1.5410601941754258     
           0           0          36   8.7500000000000000        35.000000000000000        1.5416210479060954     
           0           0          37   0.0000000000000000        26.250000000000000        1.5399829305275690     
           0           0          38   7.0000000000000000        29.750000000000000        1.5407263791383694     
           0           0          39   5.2500000000000000        28.000000000000000        1.5400638153929340     
           0           0          40   8.7500000000000000        33.250000000000000        1.5412809437861297     
           0           0          41   1.7500000000000000        26.250000000000000        1.5399473599151361     
           0           0          42   6.1250000000000000        28.000000000000000        1.5401113051718591     
           0           0          43   8.7500000000000000        31.500000000000000        1.5409870560904695     
           0           0          44   3.5000000000000000        26.250000000000000        1.5400120105506654     
           0           0          45   9.6250000000000000        35.000000000000000        1.5415260673170783     
           0           0          46   7.0000000000000000        28.000000000000000        1.5402476843308484     
           0           0          47   8.7500000000000000        29.750000000000000        1.5407382474188236     
           0           0          48   5.2500000000000000        26.250000000000000        1.5400785133970851     
           0           0          49   9.6250000000000000        31.500000000000000        1.5409103194037974     
           0           0          50   10.500000000000000        35.000000000000000        1.5414366563703861     
           0           0          51   0.0000000000000000        24.500000000000000        1.5394612250337496     
           0           0          52   7.8750000000000000        28.000000000000000        1.5402827681863025     
           0           0          53  0.87500000000000000        24.500000000000000        1.5395865334833059     
           0           0          54   1.7500000000000000        24.500000000000000        1.5396997383982356     
           0           0          55   10.500000000000000        33.250000000000000        1.5412032698632652     
           0           0          56   2.6250000000000000        24.500000000000000        1.5398650860439069     
           0           0          57   3.5000000000000000        24.500000000000000        1.5398542184429838     
           0           0          58   10.500000000000000        31.500000000000000        1.5407133598647103     
           0           0          59   8.7500000000000000        28.000000000000000        1.5402711042377593     
           0           0          60   7.0000000000000000        26.250000000000000        1.5401752773504771     
           0           0          61   11.375000000000000        35.000000000000000        1.5415294557507409     
           0           0          62   4.3750000000000000        24.500000000000000        1.5398332074882783     
           0           0          63   10.500000000000000        29.750000000000000        1.5407407119083425     
           0           0          64   5.2500000000000000        24.500000000000000        1.5399208255562038     
           0           0          65   11.375000000000000        31.500000000000000        1.5408143458546761     
           0           0          66   9.6250000000000000        28.000000000000000        1.5402617381851482     
           0           0          67   6.1250000000000000        24.500000000000000        1.5398467109502394     
           0           0          68   0.0000000000000000        22.750000000000000        1.5399485997878544     
           0           0          69   12.250000000000000        35.000000000000000        1.5415242171098220     
           0           0          70   12.250000000000000        33.250000000000000        1.5409321764826773     
           0           0          71   1.7500000000000000        22.750000000000000        1.5398318387522640     
           0           0          72   8.7500000000000000        26.250000000000000        1.5402407789120112     
           0           0          73   7.0000000000000000        24.500000000000000        1.5397232609460509     
           0           0          74   10.500000000000000        28.000000000000000        1.5403342832111115     
           0           0          75   3.5000000000000000        22.750000000000000        1.5398138214550472     
           0           0          76   12.250000000000000        31.500000000000000        1.5408665196447997     
           0           0          77   7.8750000000000000        24.500000000000000        1.5397292017309097     
           0           0          78   13.125000000000000        35.000000000000000        1.5411018130411689     
           0           0          79   5.2500000000000000        22.750000000000000        1.5398982702309270     
           0           0          80   12.250000000000000        29.750000000000000        1.5408815560079334     
           0           0          81   11.375000000000000        28.000000000000000        1.5403635701204539     
           0           0          82   13.125000000000000        31.500000000000000        1.5405740435514936     
           0           0          83   10.500000000000000        26.250000000000000        1.5404719294143625     
           0           0          84   8.7500000000000000        24.500000000000000        1.5398451972026528     
           0           0          85   0.0000000000000000        21.000000000000000        1.5395765209635890     
           0           0          86   14.000000000000000        35.000000000000000        1.5404224927398391     
           0           0          87  0.87500000000000000        21.000000000000000        1.5396615675593617     
           0           0          88   14.000000000000000        33.250000000000000        1.5405145560323295     
           0           0          89   7.0000000000000000        22.750000000000000        1.5400612121448034     
           0           0          90   12.250000000000000        28.000000000000000        1.5403910247384254     
           0           0          91   1.7500000000000000        21.000000000000000        1.5397085677119917     
           0           0          92   9.6250000000000000        24.500000000000000        1.5400460487016274     
           0           0          93   2.6250000000000000        21.000000000000000        1.5396957611206232     
           0           0          94   14.000000000000000        31.500000000000000        1.5403624412048782     
           0           0          95   3.5000000000000000        21.000000000000000        1.5396901315150324     
           0           0          96   4.3750000000000000        21.000000000000000        1.5397904131554823     
           0           0          97   10.500000000000000        24.500000000000000        1.5403929713680333     
           0           0          98   13.125000000000000        28.000000000000000        1.5407073891927869     
           0           0          99   14.875000000000000        35.000000000000000        1.5391494516996882     
           0           0         100   14.000000000000000        29.750000000000000        1.5410416613217468     
           0           0         101   5.2500000000000000        21.000000000000000        1.5399298036819253     
           0           0         102   8.7500000000000000        22.750000000000000        1.5402869539509774     
           0           0         103   12.250000000000000        26.250000000000000        1.5409249762093866     
           0           0         104   6.1250000000000000        21.000000000000000        1.5400687441225631     
           0           0         105   14.875000000000000        31.500000000000000        1.5407542404231791     
           0           0         106   11.375000000000000        24.500000000000000        1.5405957616106043     
           0           0         107   14.000000000000000        28.000000000000000        1.5412295612555427     
           0           0         108   7.0000000000000000        21.000000000000000        1.5401057167565526     
           0           0         109   0.0000000000000000        19.250000000000000        1.5399328274770754     
           0           0         110   15.750000000000000        35.000000000000000        1.5373728119640016     
           0           0         111   15.750000000000000        33.250000000000000        1.5399904803041204     
           0           0         112   1.7500000000000000        19.250000000000000        1.5400439028656128     
           0           0         113   7.8750000000000000        21.000000000000000        1.5402589187673930     
           0           0         114   3.5000000000000000        19.250000000000000        1.5401467237522442     
           0           0         115   10.500000000000000        22.750000000000000        1.5407165392884048     
           0           0         116   15.750000000000000        31.500000000000000        1.5402299962343928     
           0           0         117   12.250000000000000        24.500000000000000        1.5406634335389864     
           0           0         118   14.875000000000000        28.000000000000000        1.5414563895503668     
           0           0         119   14.000000000000000        26.250000000000000        1.5412861393714827     
           0           0         120   8.7500000000000000        21.000000000000000        1.5404661689802370     
           0           0         121   15.750000000000000        29.750000000000000        1.5419312323672778     
           0           0         122   5.2500000000000000        19.250000000000000        1.5403429462866414     
           0           0         123   16.625000000000000        35.000000000000000        1.5316038119476683     
           0           0         124   13.125000000000000        24.500000000000000        1.5409487786223053     
           0           0         125   9.6250000000000000        21.000000000000000        1.5407132006945270     
           0           0         126   16.625000000000000        31.500000000000000        1.5412961733727151     
           0           0         127   7.0000000000000000        19.250000000000000        1.5403487710533053     
           0           0         128   15.750000000000000        28.000000000000000        1.5419748965457041     
           0           0         129   12.250000000000000        22.750000000000000        1.5408745491881284     
           0           0         130   14.000000000000000        24.500000000000000        1.5413496179635398     
           0           0         131   17.500000000000000        35.000000000000000        1.5252228917292676     
           0           0         132   0.0000000000000000        17.500000000000000        1.5400684519102286     
           0           0         133   10.500000000000000        21.000000000000000        1.5409048251625692     
           0           0         134  0.87500000000000000        17.500000000000000        1.5400889912813074     
           0           0         135   1.7500000000000000        17.500000000000000        1.5401014451057076     
           0           0         136   17.500000000000000        33.250000000000000        1.5378791842933832     
           0           0         137   2.6250000000000000        17.500000000000000        1.5401551783505005     
           0           0         138   17.500000000000000        31.500000000000000        1.5433024049451851     
           0           0         139   3.5000000000000000        17.500000000000000        1.5402821139079230     
           0           0         140   8.7500000000000000        19.250000000000000        1.5407440200460933     
           0           0         141   15.750000000000000        26.250000000000000        1.5420353184039517     
           0           0         142   4.3750000000000000        17.500000000000000        1.5402560225738717     
           0           0         143   11.375000000000000        21.000000000000000        1.5408991458255186     
           0           0         144   16.625000000000000        28.000000000000000        1.5423156025383340     
           0           0         145   14.875000000000000        24.500000000000000        1.5417067745535342     
           0           0         146   17.500000000000000        29.750000000000000        1.5435559315757481     
           0           0         147   5.2500000000000000        17.500000000000000        1.5402991303054925     
           0           0         148   6.1250000000000000        17.500000000000000        1.5404659171150099     
           0           0         149   14.000000000000000        22.750000000000000        1.5413452346045051     
           0           0         150   12.250000000000000        21.000000000000000        1.5408997593845097     
           0           0         151   7.0000000000000000        17.500000000000000        1.5406730783531999     
           0           0         152   17.500000000000000        28.000000000000000        1.5427463468057010     
           0           0         153   10.500000000000000        19.250000000000000        1.5409535396063991     
           0           0         154   15.750000000000000        24.500000000000000        1.5420740025865480     
           0           0         155   7.8750000000000000        17.500000000000000        1.5407912476498418     
           0           0         156   13.125000000000000        21.000000000000000        1.5410965015451115     
           0           0         157   0.0000000000000000        15.750000000000000        1.5404860926157893     
           0           0         158   1.7500000000000000        15.750000000000000        1.5403355472274378     
           0           0         159   3.5000000000000000        15.750000000000000        1.5404982470807815     
           0           0         160   17.500000000000000        26.250000000000000        1.5428456211245454     
           0           0         161   8.7500000000000000        17.500000000000000        1.5408349902491343     
           0           0         162   16.625000000000000        24.500000000000000        1.5424701402430274     
           0           0         163   14.000000000000000        21.000000000000000        1.5413143012182999     
           0           0         164   12.250000000000000        19.250000000000000        1.5410315835976571     
           0           0         165   15.750000000000000        22.750000000000000        1.5418802276889969     
           0           0         166   5.2500000000000000        15.750000000000000        1.5405804019541984     
           0           0         167   9.6250000000000000        17.500000000000000        1.5409322227884990     
           0           0         168   17.500000000000000        24.500000000000000        1.5428812924142805     
           0           0         169   10.500000000000000        17.500000000000000        1.5410480027082862     
           0           0         170   14.875000000000000        21.000000000000000        1.5415073348959800     
           0           0         171   7.0000000000000000        15.750000000000000        1.5408563004194074     
           0           0         172   11.375000000000000        17.500000000000000        1.5410842171775101     
           0           0         173   0.0000000000000000        14.000000000000000        1.5408491141993657     
           0           0         174  0.87500000000000000        14.000000000000000        1.5406202253308996     
           0           0         175   14.000000000000000        19.250000000000000        1.5413098071719782     
           0           0         176   1.7500000000000000        14.000000000000000        1.5404675675638830     
           0           0         177   15.750000000000000        21.000000000000000        1.5417374219542583     
           0           0         178   8.7500000000000000        15.750000000000000        1.5409093266516880     
           0           0         179   2.6250000000000000        14.000000000000000        1.5405462295851058     
           0           0         180   3.5000000000000000        14.000000000000000        1.5407024614487137     
           0           0         181   12.250000000000000        17.500000000000000        1.5412419602504002     
           0           0         182   17.500000000000000        22.750000000000000        1.5425037738236731     
           0           0         183   4.3750000000000000        14.000000000000000        1.5408674981170318     
           0           0         184   5.2500000000000000        14.000000000000000        1.5409012791247296     
           0           0         185   16.625000000000000        21.000000000000000        1.5419274844211222     
           0           0         186   6.1250000000000000        14.000000000000000        1.5408239093571696     
           0           0         187   13.125000000000000        17.500000000000000        1.5413128821377415     
           0           0         188   10.500000000000000        15.750000000000000        1.5409310939054688     
           0           0         189   7.0000000000000000        14.000000000000000        1.5408224590162201     
           0           0         190   15.750000000000000        19.250000000000000        1.5415173070786996     
           0           0         191   17.500000000000000        21.000000000000000        1.5421649518834566     
           0           0         192   14.000000000000000        17.500000000000000        1.5413603606494040     
           0           0         193   7.8750000000000000        14.000000000000000        1.5409014522841233     
           0           0         194   0.0000000000000000        12.250000000000000        1.5408541195335801     
           0           0         195   8.7500000000000000        14.000000000000000        1.5409859787072475     
           0           0         196   12.250000000000000        15.750000000000000        1.5411194120206999     
           0           0         197   1.7500000000000000        12.250000000000000        1.5408135415782345     
           0           0         198   14.875000000000000        17.500000000000000        1.5413755837895469     
           0           0         199   3.5000000000000000        12.250000000000000        1.5408373978356882     
           0           0         200   9.6250000000000000        14.000000000000000        1.5410262252899751     
           0           0         201   5.2500000000000000        12.250000000000000        1.5409636028304656     
           0           0         202   10.500000000000000        14.000000000000000        1.5410416178205142     
           0           0         203   15.750000000000000        17.500000000000000        1.5413866696300338     
           0           0         204   17.500000000000000        19.250000000000000        1.5420190674648946     
           0           0         205   7.0000000000000000        12.250000000000000        1.5409763187441223     
           0           0         206   14.000000000000000        15.750000000000000        1.5411999666193115     
           0           0         207   11.375000000000000        14.000000000000000        1.5410950313990879     
           0           0         208   16.625000000000000        17.500000000000000        1.5416305621706792     
           0           0         209   12.250000000000000        14.000000000000000        1.5411177327603902     
           0           0         210   8.7500000000000000        12.250000000000000        1.5409940990237576     
           0           0         211   0.0000000000000000        10.500000000000000        1.5410806999551914     
           0           0         212  0.87500000000000000        10.500000000000000        1.5410159353400565     
           0           0         213   1.7500000000000000        10.500000000000000        1.5409808010448802     
           0           0         214   2.6250000000000000        10.500000000000000        1.5410385422147566     
           0           0         215   3.5000000000000000        10.500000000000000        1.5410721558694300     
           0           0         216   17.500000000000000        17.500000000000000        1.5418126097253042     
           0           0         217   13.125000000000000        14.000000000000000        1.5411566621604309     
           0           0         218   15.750000000000000        15.750000000000000        1.5413754376735012     
           0           0         219   4.3750000000000000        10.500000000000000        1.5410402499705584     
           0           0         220   5.2500000000000000        10.500000000000000        1.5410353106925352     
           0           0         221   10.500000000000000        12.250000000000000        1.5411688391563230     
           0           0         222   14.000000000000000        14.000000000000000        1.5411536885841222     
           0           0         223   6.1250000000000000        10.500000000000000        1.5410688054189532     
           0           0         224   7.0000000000000000        10.500000000000000        1.5411247160081483     
           0           0         225   14.875000000000000        14.000000000000000        1.5412187119345384     
           0           0         226   7.8750000000000000        10.500000000000000        1.5411156817698723     
           0           0         227   12.250000000000000        12.250000000000000        1.5411695119447999     
           0           0         228   17.500000000000000        15.750000000000000        1.5416196878680450     
           0           0         229   8.7500000000000000        10.500000000000000        1.5410338623623054     
           0           0         230   15.750000000000000        14.000000000000000        1.5413235624719559     
           0           0         231   0.0000000000000000        8.7500000000000000        1.5410869314853790     
           0           0         232   1.7500000000000000        8.7500000000000000        1.5410854334670834     
           0           0         233   9.6250000000000000        10.500000000000000        1.5410458664023947     
           0           0         234   3.5000000000000000        8.7500000000000000        1.5411916223853754     
           0           0         235   10.500000000000000        10.500000000000000        1.5410711658164089     
           0           0         236   14.000000000000000        12.250000000000000        1.5412309086672469     
           0           0         237   5.2500000000000000        8.7500000000000000        1.5410756921259110     
           0           0         238   16.625000000000000        14.000000000000000        1.5414741405519550     
           0           0         239   11.375000000000000        10.500000000000000        1.5410207769432529     
           0           0         240   7.0000000000000000        8.7500000000000000        1.5410745806825907     
           0           0         241   17.500000000000000        14.000000000000000        1.5415327959046010     
           0           0         242   12.250000000000000        10.500000000000000        1.5409920972912949     
           0           0         243   15.750000000000000        12.250000000000000        1.5412292453327785     
           0           0         244   8.7500000000000000        8.7500000000000000        1.5411223367725890     
           0           0         245   13.125000000000000        10.500000000000000        1.5410411965091957     
           0           0         246   0.0000000000000000        7.0000000000000000        1.5410430825895312     
           0           0         247  0.87500000000000000        7.0000000000000000        1.5411506503655714     
           0           0         248   1.7500000000000000        7.0000000000000000        1.5412075924822264     
           0           0         249   2.6250000000000000        7.0000000000000000        1.5411925194770077     
           0           0         250   3.5000000000000000        7.0000000000000000        1.5412017901089077     
           0           0         251   14.000000000000000        10.500000000000000        1.5410821533956798     
           0           0         252   10.500000000000000        8.7500000000000000        1.5410850670465344     
           0           0         253   4.3750000000000000        7.0000000000000000        1.5411694268397462     
           0           0         254   5.2500000000000000        7.0000000000000000        1.5411569227559612     
           0           0         255   6.1250000000000000        7.0000000000000000        1.5411865466268166     
           0           0         256   14.875000000000000        10.500000000000000        1.5411302873135790     
           0           0         257   17.500000000000000        12.250000000000000        1.5414793996464489     
           0           0         258   7.0000000000000000        7.0000000000000000        1.5411129218985415     
           0           0         259   12.250000000000000        8.7500000000000000        1.5410024955513011     
           0           0         260   7.8750000000000000        7.0000000000000000        1.5410900929496325     
           0           0         261   15.750000000000000        10.500000000000000        1.5411886145508347     
           0           0         262   8.7500000000000000        7.0000000000000000        1.5410801463929500     
           0           0         263   16.625000000000000        10.500000000000000        1.5412442871592607     
           0           0         264   9.6250000000000000        7.0000000000000000        1.5410810811233591     
           0           0         265   14.000000000000000        8.7500000000000000        1.5410774080806200     
           0           0         266   0.0000000000000000        5.2500000000000000        1.5411508514609713     
           0           0         267   1.7500000000000000        5.2500000000000000        1.5411819987165194     
           0           0         268   10.500000000000000        7.0000000000000000        1.5411072822120362     
           0           0         269   3.5000000000000000        5.2500000000000000        1.5411749739742620     
           0           0         270   17.500000000000000        10.500000000000000        1.5413216212022740     
           0           0         271   5.2500000000000000        5.2500000000000000        1.5411479039233384     
           0           0         272   11.375000000000000        7.0000000000000000        1.5410787994314961     
           0           0         273   7.0000000000000000        5.2500000000000000        1.5410961023967809     
           0           0         274   12.250000000000000        7.0000000000000000        1.5410526862613947     
           0           0         275   15.750000000000000        8.7500000000000000        1.5411319603794646     
           0           0         276   13.125000000000000        7.0000000000000000        1.5411015649810267     
           0           0         277   8.7500000000000000        5.2500000000000000        1.5410803827678907     
           0           0         278   14.000000000000000        7.0000000000000000        1.5411596873779836     
           0           0         279   0.0000000000000000        3.5000000000000000        1.5411376942287327     
           0           0         280  0.87500000000000000        3.5000000000000000        1.5411330968409138     
           0           0         281   10.500000000000000        5.2500000000000000        1.5410966707020839     
           0           0         282   17.500000000000000        8.7500000000000000        1.5412068122642946     
           0           0         283   1.7500000000000000        3.5000000000000000        1.5411264171820354     
           0           0         284   2.6250000000000000        3.5000000000000000        1.5411351637373709     
           0           0         285   3.5000000000000000        3.5000000000000000        1.5411033212873573     
           0           0         286   14.875000000000000        7.0000000000000000        1.5411353751221677     
           0           0         287   4.3750000000000000        3.5000000000000000        1.5410786806442691     
           0           0         288   5.2500000000000000        3.5000000000000000        1.5410581247745694     
           0           0         289   6.1250000000000000        3.5000000000000000        1.5410678172526335     
           0           0         290   15.750000000000000        7.0000000000000000        1.5411001860540881     
           0           0         291   12.250000000000000        5.2500000000000000        1.5410304532720052     
           0           0         292   7.0000000000000000        3.5000000000000000        1.5411181574305717     
           0           0         293   7.8750000000000000        3.5000000000000000        1.5410619278159308     
           0           0         294   16.625000000000000        7.0000000000000000        1.5411579639495654     
           0           0         295   8.7500000000000000        3.5000000000000000        1.5410453058899682     
           0           0         296   14.000000000000000        5.2500000000000000        1.5411295756147019     
           0           0         297   9.6250000000000000        3.5000000000000000        1.5410951181465118     
           0           0         298   17.500000000000000        7.0000000000000000        1.5411578888078632     
           0           0         299   10.500000000000000        3.5000000000000000        1.5411360042417874     
           0           0         300   0.0000000000000000        1.7500000000000000        1.5411535860017076     
           0           0         301   1.7500000000000000        1.7500000000000000        1.5411512333628807     
           0           0         302   3.5000000000000000        1.7500000000000000        1.5411222080467861     
           0           0         303   11.375000000000000        3.5000000000000000        1.5410969941996235     
           0           0         304   15.750000000000000        5.2500000000000000        1.5411935705121240     
           0           0         305   5.2500000000000000        1.7500000000000000        1.5411091722885990     
           0           0         306   12.250000000000000        3.5000000000000000        1.5410457929190402     
           0           0         307   7.0000000000000000        1.7500000000000000        1.5411519323563134     
           0           0         308   13.125000000000000        3.5000000000000000        1.5410480161630489     
           0           0         309   8.7500000000000000        1.7500000000000000        1.5411268849944730     
           0           0         310   14.000000000000000        3.5000000000000000        1.5410354474486987     
           0           0         311   17.500000000000000        5.2500000000000000        1.5412034281121934     
           0           0         312   14.875000000000000        3.5000000000000000        1.5411474242094312     
           0           0         313   10.500000000000000        1.7500000000000000        1.5412280304986559     
           0           0         314   0.0000000000000000        0.0000000000000000        1.5412115157113013     
           0           0         315  0.87500000000000000        0.0000000000000000        1.5412462223221948     
           0           0         316   1.7500000000000000        0.0000000000000000        1.5412946289423566     
           0           0         317   2.6250000000000000        0.0000000000000000        1.5412397463420962     
           0           0         318   3.5000000000000000        0.0000000000000000        1.5412192433040772     
           0           0         319   15.750000000000000        3.5000000000000000        1.5412053662191572     
           0           0         320   4.3750000000000000        0.0000000000000000        1.5412016605925691     
           0           0         321   5.2500000000000000        0.0000000000000000        1.5411913416529437     
           0           0         322   12.250000000000000        1.7500000000000000        1.5412050417017493     
           0           0         323   6.1250000000000000        0.0000000000000000        1.5411342860355426     
           0           0         324   16.625000000000000        3.5000000000000000        1.5412806968405850     
           0           0         325   7.0000000000000000        0.0000000000000000        1.5410776646037838     
           0           0         326   7.8750000000000000        0.0000000000000000        1.5412015616981960     
           0           0         327   17.500000000000000        3.5000000000000000        1.5413884137897922     
           0           0         328   8.7500000000000000        0.0000000000000000        1.5412676486321377     
           0           0         329   14.000000000000000        1.7500000000000000        1.5411867733888682     
           0           0         330   9.6250000000000000        0.0000000000000000        1.5411555533796921     
           0           0         331   10.500000000000000        0.0000000000000000        1.5412646876109908     
           0           0         332   15.750000000000000        1.7500000000000000        1.5411923264338689     
           0           0         333   11.375000000000000        0.0000000000000000        1.5413625368768775     
           0           0         334   12.250000000000000        0.0000000000000000        1.5413108792154948     
           0           0         335   13.125000000000000        0.0000000000000000        1.5412657055124492     
           0           0         336   17.500000000000000        1.7500000000000000        1.5412882145558098     
           0           0         337   14.000000000000000        0.0000000000000000        1.5413816409401606     
           0           0         338   14.875000000000000        0.0000000000000000        1.5413904311598834     
           0           0         339   15.750000000000000        0.0000000000000000        1.5413158006389003     
           0           0         340   16.625000000000000        0.0000000000000000        1.5412307911324790     
           0           0         341   17.500000000000000        0.0000000000000000        1.5412478450939386     
