           0           0           1   0.0000000000000000        35.000000000000000        1.5380566040332011     
           0           0           2  0.87500000000000000        35.000000000000000        1.5381077660645812     
           0           0           3   0.0000000000000000        33.250000000000000        1.5377864773315002     
           0           0           4   1.7500000000000000        35.000000000000000        1.5381622616645991     
           0           0           5   1.7500000000000000        33.250000000000000        1.5377451032121472     
           0           0           6   2.6250000000000000        35.000000000000000        1.5380902973234589     
           0           0           7   0.0000000000000000        31.500000000000000        1.5372599146559016     
           0           0           8   3.5000000000000000        35.000000000000000        1.5379644511921480     
           0           0           9  0.87500000000000000        31.500000000000000        1.5374177331648449     
           0           0          10   3.5000000000000000        33.250000000000000        1.5378497204776913     
           0           0          11   1.7500000000000000        31.500000000000000        1.5374919289314803     
           0           0          12   2.6250000000000000        31.500000000000000        1.5373968346490796     
           0           0          13   4.3750000000000000        35.000000000000000        1.5380544248900048     
           0           0          14   3.5000000000000000        31.500000000000000        1.5373639616435180     
           0           0          15   0.0000000000000000        29.750000000000000        1.5365867348235502     
           0           0          16   5.2500000000000000        35.000000000000000        1.5381347547238478     
           0           0          17   1.7500000000000000        29.750000000000000        1.5366854324705572     
           0           0          18   5.2500000000000000        33.250000000000000        1.5377470684188030     
           0           0          19   4.3750000000000000        31.500000000000000        1.5373546843820409     
           0           0          20   6.1250000000000000        35.000000000000000        1.5383720667379168     
           0           0          21   3.5000000000000000        29.750000000000000        1.5367441802977022     
           0           0          22   5.2500000000000000        31.500000000000000        1.5373823181343098     
           0           0          23   0.0000000000000000        28.000000000000000        1.5360947559959450     
           0           0          24   7.0000000000000000        35.000000000000000        1.5385899607932614     
           0           0          25   6.1250000000000000        31.500000000000000        1.5373376786002828     
           0           0          26  0.87500000000000000        28.000000000000000        1.5360398064453786     
           0           0          27   7.0000000000000000        33.250000000000000        1.5376831083731477     
           0           0          28   1.7500000000000000        28.000000000000000        1.5359729042514605     
           0           0          29   5.2500000000000000        29.750000000000000        1.5369195535178208     
           0           0          30   2.6250000000000000        28.000000000000000        1.5360644945600919     
           0           0          31   7.0000000000000000        31.500000000000000        1.5371833703552529     
           0           0          32   3.5000000000000000        28.000000000000000        1.5362052874227095     
           0           0          33   7.8750000000000000        35.000000000000000        1.5382144114514766     
           0           0          34   4.3750000000000000        28.000000000000000        1.5362790224239340     
           0           0          35   7.8750000000000000        31.500000000000000        1.5373186052822445     
           0           0          36   8.7500000000000000        35.000000000000000        1.5378595148303824     
           0           0          37   0.0000000000000000        26.250000000000000        1.5357293310943083     
           0           0          38   7.0000000000000000        29.750000000000000        1.5369953151369136     
           0           0          39   5.2500000000000000        28.000000000000000        1.5362593184749180     
           0           0          40   8.7500000000000000        33.250000000000000        1.5376755148042927     
           0           0          41   1.7500000000000000        26.250000000000000        1.5358753332481609     
           0           0          42   6.1250000000000000        28.000000000000000        1.5362853699893046     
           0           0          43   8.7500000000000000        31.500000000000000        1.5373956092248955     
           0           0          44   3.5000000000000000        26.250000000000000        1.5359092469791580     
           0           0          45   9.6250000000000000        35.000000000000000        1.5378368696029630     
           0           0          46   7.0000000000000000        28.000000000000000        1.5363188156595455     
           0           0          47   8.7500000000000000        29.750000000000000        1.5369843751692422     
           0           0          48   5.2500000000000000        26.250000000000000        1.5360164630383779     
           0           0          49   9.6250000000000000        31.500000000000000        1.5372686834376348     
           0           0          50   10.500000000000000        35.000000000000000        1.5378037427991353     
           0           0          51   0.0000000000000000        24.500000000000000        1.5353317160560276     
           0           0          52   7.8750000000000000        28.000000000000000        1.5363478744942651     
           0           0          53  0.87500000000000000        24.500000000000000        1.5353630593250283     
           0           0          54   1.7500000000000000        24.500000000000000        1.5354065851256382     
           0           0          55   10.500000000000000        33.250000000000000        1.5374226366862760     
           0           0          56   2.6250000000000000        24.500000000000000        1.5354989553040794     
           0           0          57   3.5000000000000000        24.500000000000000        1.5354351946077014     
           0           0          58   10.500000000000000        31.500000000000000        1.5370666699705053     
           0           0          59   8.7500000000000000        28.000000000000000        1.5363306287029339     
           0           0          60   7.0000000000000000        26.250000000000000        1.5361193279860506     
           0           0          61   11.375000000000000        35.000000000000000        1.5377599909870097     
           0           0          62   4.3750000000000000        24.500000000000000        1.5354607880476387     
           0           0          63   10.500000000000000        29.750000000000000        1.5369316542732687     
           0           0          64   5.2500000000000000        24.500000000000000        1.5355351429236244     
           0           0          65   11.375000000000000        31.500000000000000        1.5371123587916371     
           0           0          66   9.6250000000000000        28.000000000000000        1.5362728570703637     
           0           0          67   6.1250000000000000        24.500000000000000        1.5355729817744430     
           0           0          68   0.0000000000000000        22.750000000000000        1.5355625733148810     
           0           0          69   12.250000000000000        35.000000000000000        1.5376102828324307     
           0           0          70   12.250000000000000        33.250000000000000        1.5372105301980108     
           0           0          71   1.7500000000000000        22.750000000000000        1.5354508738961150     
           0           0          72   8.7500000000000000        26.250000000000000        1.5362267482950940     
           0           0          73   7.0000000000000000        24.500000000000000        1.5355958751545113     
           0           0          74   10.500000000000000        28.000000000000000        1.5362872885903842     
           0           0          75   3.5000000000000000        22.750000000000000        1.5354897350782029     
           0           0          76   12.250000000000000        31.500000000000000        1.5370041708594877     
           0           0          77   7.8750000000000000        24.500000000000000        1.5355627012643540     
           0           0          78   13.125000000000000        35.000000000000000        1.5372002514182697     
           0           0          79   5.2500000000000000        22.750000000000000        1.5356251895355739     
           0           0          80   12.250000000000000        29.750000000000000        1.5370994653730956     
           0           0          81   11.375000000000000        28.000000000000000        1.5363695862753031     
           0           0          82   13.125000000000000        31.500000000000000        1.5366769718853159     
           0           0          83   10.500000000000000        26.250000000000000        1.5364944853027105     
           0           0          84   8.7500000000000000        24.500000000000000        1.5357088686118898     
           0           0          85   0.0000000000000000        21.000000000000000        1.5351995043847788     
           0           0          86   14.000000000000000        35.000000000000000        1.5364351301505930     
           0           0          87  0.87500000000000000        21.000000000000000        1.5352267764516359     
           0           0          88   14.000000000000000        33.250000000000000        1.5366414028667710     
           0           0          89   7.0000000000000000        22.750000000000000        1.5357906251306204     
           0           0          90   12.250000000000000        28.000000000000000        1.5364867963862825     
           0           0          91   1.7500000000000000        21.000000000000000        1.5352283383862484     
           0           0          92   9.6250000000000000        24.500000000000000        1.5359375766106051     
           0           0          93   2.6250000000000000        21.000000000000000        1.5352705376886022     
           0           0          94   14.000000000000000        31.500000000000000        1.5364331017719008     
           0           0          95   3.5000000000000000        21.000000000000000        1.5352908118293513     
           0           0          96   4.3750000000000000        21.000000000000000        1.5353565252570696     
           0           0          97   10.500000000000000        24.500000000000000        1.5362531875851928     
           0           0          98   13.125000000000000        28.000000000000000        1.5368186992994559     
           0           0          99   14.875000000000000        35.000000000000000        1.5353544485482278     
           0           0         100   14.000000000000000        29.750000000000000        1.5371499023469353     
           0           0         101   5.2500000000000000        21.000000000000000        1.5355093851703709     
           0           0         102   8.7500000000000000        22.750000000000000        1.5360900494475911     
           0           0         103   12.250000000000000        26.250000000000000        1.5369190044341221     
           0           0         104   6.1250000000000000        21.000000000000000        1.5356317448657892     
           0           0         105   14.875000000000000        31.500000000000000        1.5366588669376242     
           0           0         106   11.375000000000000        24.500000000000000        1.5365740663724692     
           0           0         107   14.000000000000000        28.000000000000000        1.5374240331643010     
           0           0         108   7.0000000000000000        21.000000000000000        1.5356406048418494     
           0           0         109   0.0000000000000000        19.250000000000000        1.5355461162946273     
           0           0         110   15.750000000000000        35.000000000000000        1.5336060769877657     
           0           0         111   15.750000000000000        33.250000000000000        1.5361500977140923     
           0           0         112   1.7500000000000000        19.250000000000000        1.5356765686168066     
           0           0         113   7.8750000000000000        21.000000000000000        1.5358979878320669     
           0           0         114   3.5000000000000000        19.250000000000000        1.5357482128983417     
           0           0         115   10.500000000000000        22.750000000000000        1.5366315818675811     
           0           0         116   15.750000000000000        31.500000000000000        1.5357806508648539     
           0           0         117   12.250000000000000        24.500000000000000        1.5367985421417123     
           0           0         118   14.875000000000000        28.000000000000000        1.5376793688766568     
           0           0         119   14.000000000000000        26.250000000000000        1.5375255980634177     
           0           0         120   8.7500000000000000        21.000000000000000        1.5361763473052792     
           0           0         121   15.750000000000000        29.750000000000000        1.5381435642092971     
           0           0         122   5.2500000000000000        19.250000000000000        1.5359569712598513     
           0           0         123   16.625000000000000        35.000000000000000        1.5267129460230957     
           0           0         124   13.125000000000000        24.500000000000000        1.5370769588423958     
           0           0         125   9.6250000000000000        21.000000000000000        1.5364392804007363     
           0           0         126   16.625000000000000        31.500000000000000        1.5369418894697717     
           0           0         127   7.0000000000000000        19.250000000000000        1.5360761851674654     
           0           0         128   15.750000000000000        28.000000000000000        1.5383159105516677     
           0           0         129   12.250000000000000        22.750000000000000        1.5368737179989478     
           0           0         130   14.000000000000000        24.500000000000000        1.5374562632108122     
           0           0         131   17.500000000000000        35.000000000000000        1.5189340560462656     
           0           0         132   0.0000000000000000        17.500000000000000        1.5357030756442511     
           0           0         133   10.500000000000000        21.000000000000000        1.5366849162329261     
           0           0         134  0.87500000000000000        17.500000000000000        1.5356861068897938     
           0           0         135   1.7500000000000000        17.500000000000000        1.5356737682203816     
           0           0         136   17.500000000000000        33.250000000000000        1.5334497356057009     
           0           0         137   2.6250000000000000        17.500000000000000        1.5357555948299821     
           0           0         138   17.500000000000000        31.500000000000000        1.5392954502176879     
           0           0         139   3.5000000000000000        17.500000000000000        1.5358969699988225     
           0           0         140   8.7500000000000000        19.250000000000000        1.5365064915880859     
           0           0         141   15.750000000000000        26.250000000000000        1.5383603761303848     
           0           0         142   4.3750000000000000        17.500000000000000        1.5359198896934185     
           0           0         143   11.375000000000000        21.000000000000000        1.5367085718128206     
           0           0         144   16.625000000000000        28.000000000000000        1.5387610364283499     
           0           0         145   14.875000000000000        24.500000000000000        1.5378916401855807     
           0           0         146   17.500000000000000        29.750000000000000        1.5401146395417131     
           0           0         147   5.2500000000000000        17.500000000000000        1.5359743437829216     
           0           0         148   6.1250000000000000        17.500000000000000        1.5361371684869400     
           0           0         149   14.000000000000000        22.750000000000000        1.5374460003938715     
           0           0         150   12.250000000000000        21.000000000000000        1.5367912771371879     
           0           0         151   7.0000000000000000        17.500000000000000        1.5363732735259965     
           0           0         152   17.500000000000000        28.000000000000000        1.5393757105779788     
           0           0         153   10.500000000000000        19.250000000000000        1.5367910465322634     
           0           0         154   15.750000000000000        24.500000000000000        1.5383395076558686     
           0           0         155   7.8750000000000000        17.500000000000000        1.5365053381941320     
           0           0         156   13.125000000000000        21.000000000000000        1.5370774079192613     
           0           0         157   0.0000000000000000        15.750000000000000        1.5362664926939171     
           0           0         158   1.7500000000000000        15.750000000000000        1.5360850106806379     
           0           0         159   3.5000000000000000        15.750000000000000        1.5363167800706525     
           0           0         160   17.500000000000000        26.250000000000000        1.5393613463925009     
           0           0         161   8.7500000000000000        17.500000000000000        1.5366198423863728     
           0           0         162   16.625000000000000        24.500000000000000        1.5387652852155835     
           0           0         163   14.000000000000000        21.000000000000000        1.5373634647796304     
           0           0         164   12.250000000000000        19.250000000000000        1.5370044891055665     
           0           0         165   15.750000000000000        22.750000000000000        1.5381357497204244     
           0           0         166   5.2500000000000000        15.750000000000000        1.5363971725625900     
           0           0         167   9.6250000000000000        17.500000000000000        1.5367368605924869     
           0           0         168   17.500000000000000        24.500000000000000        1.5392171208417227     
           0           0         169   10.500000000000000        17.500000000000000        1.5368363117444848     
           0           0         170   14.875000000000000        21.000000000000000        1.5376385549465992     
           0           0         171   7.0000000000000000        15.750000000000000        1.5366588253391331     
           0           0         172   11.375000000000000        17.500000000000000        1.5369390495444939     
           0           0         173   0.0000000000000000        14.000000000000000        1.5365973554054941     
           0           0         174  0.87500000000000000        14.000000000000000        1.5364198545397589     
           0           0         175   14.000000000000000        19.250000000000000        1.5373831261363109     
           0           0         176   1.7500000000000000        14.000000000000000        1.5363242206601411     
           0           0         177   15.750000000000000        21.000000000000000        1.5379882138950016     
           0           0         178   8.7500000000000000        15.750000000000000        1.5367988245759179     
           0           0         179   2.6250000000000000        14.000000000000000        1.5363638990747668     
           0           0         180   3.5000000000000000        14.000000000000000        1.5365017607522213     
           0           0         181   12.250000000000000        17.500000000000000        1.5371325115026573     
           0           0         182   17.500000000000000        22.750000000000000        1.5390089755959364     
           0           0         183   4.3750000000000000        14.000000000000000        1.5366672221145488     
           0           0         184   5.2500000000000000        14.000000000000000        1.5367451004796255     
           0           0         185   16.625000000000000        21.000000000000000        1.5382836912358517     
           0           0         186   6.1250000000000000        14.000000000000000        1.5367238638306129     
           0           0         187   13.125000000000000        17.500000000000000        1.5372527391492459     
           0           0         188   10.500000000000000        15.750000000000000        1.5369180620536131     
           0           0         189   7.0000000000000000        14.000000000000000        1.5367512981308804     
           0           0         190   15.750000000000000        19.250000000000000        1.5377482820300350     
           0           0         191   17.500000000000000        21.000000000000000        1.5385950202171552     
           0           0         192   14.000000000000000        17.500000000000000        1.5373468043147007     
           0           0         193   7.8750000000000000        14.000000000000000        1.5368484491862044     
           0           0         194   0.0000000000000000        12.250000000000000        1.5367811992114662     
           0           0         195   8.7500000000000000        14.000000000000000        1.5369334101516958     
           0           0         196   12.250000000000000        15.750000000000000        1.5371225986474819     
           0           0         197   1.7500000000000000        12.250000000000000        1.5366943164438052     
           0           0         198   14.875000000000000        17.500000000000000        1.5374540133959356     
           0           0         199   3.5000000000000000        12.250000000000000        1.5367700707646559     
           0           0         200   9.6250000000000000        14.000000000000000        1.5369972195808739     
           0           0         201   5.2500000000000000        12.250000000000000        1.5369277812127444     
           0           0         202   10.500000000000000        14.000000000000000        1.5370520409215400     
           0           0         203   15.750000000000000        17.500000000000000        1.5375451820139281     
           0           0         204   17.500000000000000        19.250000000000000        1.5382999757879467     
           0           0         205   7.0000000000000000        12.250000000000000        1.5369425057028487     
           0           0         206   14.000000000000000        15.750000000000000        1.5372941745438582     
           0           0         207   11.375000000000000        14.000000000000000        1.5370902135608016     
           0           0         208   16.625000000000000        17.500000000000000        1.5378404516253170     
           0           0         209   12.250000000000000        14.000000000000000        1.5371113239448466     
           0           0         210   8.7500000000000000        12.250000000000000        1.5370038120736977     
           0           0         211   0.0000000000000000        10.500000000000000        1.5369447046265639     
           0           0         212  0.87500000000000000        10.500000000000000        1.5368917788474070     
           0           0         213   1.7500000000000000        10.500000000000000        1.5368773121562491     
           0           0         214   2.6250000000000000        10.500000000000000        1.5369850993351593     
           0           0         215   3.5000000000000000        10.500000000000000        1.5370598836211840     
           0           0         216   17.500000000000000        17.500000000000000        1.5380846436563456     
           0           0         217   13.125000000000000        14.000000000000000        1.5371855104884042     
           0           0         218   15.750000000000000        15.750000000000000        1.5374898084596651     
           0           0         219   4.3750000000000000        10.500000000000000        1.5370609688043766     
           0           0         220   5.2500000000000000        10.500000000000000        1.5370693282309777     
           0           0         221   10.500000000000000        12.250000000000000        1.5370822832092206     
           0           0         222   14.000000000000000        14.000000000000000        1.5372207437012975     
           0           0         223   6.1250000000000000        10.500000000000000        1.5370561716744451     
           0           0         224   7.0000000000000000        10.500000000000000        1.5371069128606054     
           0           0         225   14.875000000000000        14.000000000000000        1.5372794660355920     
           0           0         226   7.8750000000000000        10.500000000000000        1.5371033290272285     
           0           0         227   12.250000000000000        12.250000000000000        1.5371448663563267     
           0           0         228   17.500000000000000        15.750000000000000        1.5378516756580551     
           0           0         229   8.7500000000000000        10.500000000000000        1.5370528061769406     
           0           0         230   15.750000000000000        14.000000000000000        1.5373762019652477     
           0           0         231   0.0000000000000000        8.7500000000000000        1.5370818149029035     
           0           0         232   1.7500000000000000        8.7500000000000000        1.5371332997192293     
           0           0         233   9.6250000000000000        10.500000000000000        1.5371125425471348     
           0           0         234   3.5000000000000000        8.7500000000000000        1.5372085190915574     
           0           0         235   10.500000000000000        10.500000000000000        1.5371373051882409     
           0           0         236   14.000000000000000        12.250000000000000        1.5372240925822460     
           0           0         237   5.2500000000000000        8.7500000000000000        1.5370714854531227     
           0           0         238   16.625000000000000        14.000000000000000        1.5375509371431346     
           0           0         239   11.375000000000000        10.500000000000000        1.5371379721413243     
           0           0         240   7.0000000000000000        8.7500000000000000        1.5371334268294419     
           0           0         241   17.500000000000000        14.000000000000000        1.5376397054636968     
           0           0         242   12.250000000000000        10.500000000000000        1.5371324251460299     
           0           0         243   15.750000000000000        12.250000000000000        1.5373076590941412     
           0           0         244   8.7500000000000000        8.7500000000000000        1.5371494676051696     
           0           0         245   13.125000000000000        10.500000000000000        1.5371542850725790     
           0           0         246   0.0000000000000000        7.0000000000000000        1.5372494427935377     
           0           0         247  0.87500000000000000        7.0000000000000000        1.5373133789560987     
           0           0         248   1.7500000000000000        7.0000000000000000        1.5373254780312937     
           0           0         249   2.6250000000000000        7.0000000000000000        1.5372606299111342     
           0           0         250   3.5000000000000000        7.0000000000000000        1.5372200406042356     
           0           0         251   14.000000000000000        10.500000000000000        1.5372387184482170     
           0           0         252   10.500000000000000        8.7500000000000000        1.5371926246812317     
           0           0         253   4.3750000000000000        7.0000000000000000        1.5372089853078805     
           0           0         254   5.2500000000000000        7.0000000000000000        1.5372237153299497     
           0           0         255   6.1250000000000000        7.0000000000000000        1.5372662081861204     
           0           0         256   14.875000000000000        10.500000000000000        1.5372436069638675     
           0           0         257   17.500000000000000        12.250000000000000        1.5375437020133746     
           0           0         258   7.0000000000000000        7.0000000000000000        1.5371621067558809     
           0           0         259   12.250000000000000        8.7500000000000000        1.5370980204114373     
           0           0         260   7.8750000000000000        7.0000000000000000        1.5371578884003103     
           0           0         261   15.750000000000000        10.500000000000000        1.5372343471020602     
           0           0         262   8.7500000000000000        7.0000000000000000        1.5371668058770647     
           0           0         263   16.625000000000000        10.500000000000000        1.5373185297569023     
           0           0         264   9.6250000000000000        7.0000000000000000        1.5371308384723528     
           0           0         265   14.000000000000000        8.7500000000000000        1.5372034537353945     
           0           0         266   0.0000000000000000        5.2500000000000000        1.5372361482498635     
           0           0         267   1.7500000000000000        5.2500000000000000        1.5372565462919587     
           0           0         268   10.500000000000000        7.0000000000000000        1.5371513282172917     
           0           0         269   3.5000000000000000        5.2500000000000000        1.5372384699977220     
           0           0         270   17.500000000000000        10.500000000000000        1.5374228022729934     
           0           0         271   5.2500000000000000        5.2500000000000000        1.5372568895931691     
           0           0         272   11.375000000000000        7.0000000000000000        1.5371186633098919     
           0           0         273   7.0000000000000000        5.2500000000000000        1.5372043649161979     
           0           0         274   12.250000000000000        7.0000000000000000        1.5370729428617478     
           0           0         275   15.750000000000000        8.7500000000000000        1.5372120175447415     
           0           0         276   13.125000000000000        7.0000000000000000        1.5371626931429079     
           0           0         277   8.7500000000000000        5.2500000000000000        1.5371766399091964     
           0           0         278   14.000000000000000        7.0000000000000000        1.5372272837113490     
           0           0         279   0.0000000000000000        3.5000000000000000        1.5373206140853366     
           0           0         280  0.87500000000000000        3.5000000000000000        1.5373082866390002     
           0           0         281   10.500000000000000        5.2500000000000000        1.5372002022810785     
           0           0         282   17.500000000000000        8.7500000000000000        1.5372996724109740     
           0           0         283   1.7500000000000000        3.5000000000000000        1.5373032481825368     
           0           0         284   2.6250000000000000        3.5000000000000000        1.5373378070440751     
           0           0         285   3.5000000000000000        3.5000000000000000        1.5373338781798358     
           0           0         286   14.875000000000000        7.0000000000000000        1.5372441140726600     
           0           0         287   4.3750000000000000        3.5000000000000000        1.5372821035457791     
           0           0         288   5.2500000000000000        3.5000000000000000        1.5372514630572640     
           0           0         289   6.1250000000000000        3.5000000000000000        1.5372563808513728     
           0           0         290   15.750000000000000        7.0000000000000000        1.5372221365225458     
           0           0         291   12.250000000000000        5.2500000000000000        1.5371329204896291     
           0           0         292   7.0000000000000000        3.5000000000000000        1.5372761899729177     
           0           0         293   7.8750000000000000        3.5000000000000000        1.5372074068468784     
           0           0         294   16.625000000000000        7.0000000000000000        1.5372572334589791     
           0           0         295   8.7500000000000000        3.5000000000000000        1.5371922989604236     
           0           0         296   14.000000000000000        5.2500000000000000        1.5371926365268196     
           0           0         297   9.6250000000000000        3.5000000000000000        1.5372378505728990     
           0           0         298   17.500000000000000        7.0000000000000000        1.5372783730770903     
           0           0         299   10.500000000000000        3.5000000000000000        1.5372711592870885     
           0           0         300   0.0000000000000000        1.7500000000000000        1.5373237840898035     
           0           0         301   1.7500000000000000        1.7500000000000000        1.5373333357985830     
           0           0         302   3.5000000000000000        1.7500000000000000        1.5373004592610293     
           0           0         303   11.375000000000000        3.5000000000000000        1.5372429704087134     
           0           0         304   15.750000000000000        5.2500000000000000        1.5372477427843385     
           0           0         305   5.2500000000000000        1.7500000000000000        1.5372737434252248     
           0           0         306   12.250000000000000        3.5000000000000000        1.5372006494470798     
           0           0         307   7.0000000000000000        1.7500000000000000        1.5372453448789736     
           0           0         308   13.125000000000000        3.5000000000000000        1.5371822517677369     
           0           0         309   8.7500000000000000        1.7500000000000000        1.5372523918772569     
           0           0         310   14.000000000000000        3.5000000000000000        1.5371517525856440     
           0           0         311   17.500000000000000        5.2500000000000000        1.5372795494600402     
           0           0         312   14.875000000000000        3.5000000000000000        1.5372148893709519     
           0           0         313   10.500000000000000        1.7500000000000000        1.5373035129073362     
           0           0         314   0.0000000000000000        0.0000000000000000        1.5373303018406781     
           0           0         315  0.87500000000000000        0.0000000000000000        1.5373547675436090     
           0           0         316   1.7500000000000000        0.0000000000000000        1.5373944374216357     
           0           0         317   2.6250000000000000        0.0000000000000000        1.5373373467027360     
           0           0         318   3.5000000000000000        0.0000000000000000        1.5373136712390516     
           0           0         319   15.750000000000000        3.5000000000000000        1.5372325030759537     
           0           0         320   4.3750000000000000        0.0000000000000000        1.5373210003466797     
           0           0         321   5.2500000000000000        0.0000000000000000        1.5373213817393352     
           0           0         322   12.250000000000000        1.7500000000000000        1.5372657970663179     
           0           0         323   6.1250000000000000        0.0000000000000000        1.5372712763790501     
           0           0         324   16.625000000000000        3.5000000000000000        1.5372432912586396     
           0           0         325   7.0000000000000000        0.0000000000000000        1.5372426848260241     
           0           0         326   7.8750000000000000        0.0000000000000000        1.5373124045696949     
           0           0         327   17.500000000000000        3.5000000000000000        1.5372674457160420     
           0           0         328   8.7500000000000000        0.0000000000000000        1.5373384943639499     
           0           0         329   14.000000000000000        1.7500000000000000        1.5372400042372081     
           0           0         330   9.6250000000000000        0.0000000000000000        1.5372629897924939     
           0           0         331   10.500000000000000        0.0000000000000000        1.5373393219012890     
           0           0         332   15.750000000000000        1.7500000000000000        1.5372436001585907     
           0           0         333   11.375000000000000        0.0000000000000000        1.5373593829154948     
           0           0         334   12.250000000000000        0.0000000000000000        1.5373134661802021     
           0           0         335   13.125000000000000        0.0000000000000000        1.5372643246104265     
           0           0         336   17.500000000000000        1.7500000000000000        1.5372881824364493     
           0           0         337   14.000000000000000        0.0000000000000000        1.5373390471453963     
           0           0         338   14.875000000000000        0.0000000000000000        1.5373728047350095     
           0           0         339   15.750000000000000        0.0000000000000000        1.5373525623551889     
           0           0         340   16.625000000000000        0.0000000000000000        1.5373089959427402     
           0           0         341   17.500000000000000        0.0000000000000000        1.5373328806087132     
