           0           0           1   0.0000000000000000        35.000000000000000        1.5307317596045869     
           0           0           2  0.87500000000000000        35.000000000000000        1.5309794980317966     
           0           0           3   0.0000000000000000        33.250000000000000        1.5301849482306205     
           0           0           4   1.7500000000000000        35.000000000000000        1.5312031395665688     
           0           0           5   1.7500000000000000        33.250000000000000        1.5302867969750982     
           0           0           6   2.6250000000000000        35.000000000000000        1.5313890862243327     
           0           0           7   0.0000000000000000        31.500000000000000        1.5295148246004282     
           0           0           8   3.5000000000000000        35.000000000000000        1.5315147130381099     
           0           0           9  0.87500000000000000        31.500000000000000        1.5295393166391529     
           0           0          10   3.5000000000000000        33.250000000000000        1.5303084369495044     
           0           0          11   1.7500000000000000        31.500000000000000        1.5295319900582141     
           0           0          12   2.6250000000000000        31.500000000000000        1.5295171640851399     
           0           0          13   4.3750000000000000        35.000000000000000        1.5314585571205002     
           0           0          14   3.5000000000000000        31.500000000000000        1.5294888074049169     
           0           0          15   0.0000000000000000        29.750000000000000        1.5282127588768839     
           0           0          16   5.2500000000000000        35.000000000000000        1.5313583209089749     
           0           0          17   1.7500000000000000        29.750000000000000        1.5284511618321837     
           0           0          18   5.2500000000000000        33.250000000000000        1.5303747796746610     
           0           0          19   4.3750000000000000        31.500000000000000        1.5295520366902320     
           0           0          20   6.1250000000000000        35.000000000000000        1.5313427505197863     
           0           0          21   3.5000000000000000        29.750000000000000        1.5285500309567608     
           0           0          22   5.2500000000000000        31.500000000000000        1.5296242108201765     
           0           0          23   0.0000000000000000        28.000000000000000        1.5271304838867170     
           0           0          24   7.0000000000000000        35.000000000000000        1.5312892824190221     
           0           0          25   6.1250000000000000        31.500000000000000        1.5296631521522248     
           0           0          26  0.87500000000000000        28.000000000000000        1.5272047622514493     
           0           0          27   7.0000000000000000        33.250000000000000        1.5303199322368450     
           0           0          28   1.7500000000000000        28.000000000000000        1.5272916366008340     
           0           0          29   5.2500000000000000        29.750000000000000        1.5285726798031436     
           0           0          30   2.6250000000000000        28.000000000000000        1.5273151672062317     
           0           0          31   7.0000000000000000        31.500000000000000        1.5296275116337370     
           0           0          32   3.5000000000000000        28.000000000000000        1.5272721196347081     
           0           0          33   7.8750000000000000        35.000000000000000        1.5311160041492939     
           0           0          34   4.3750000000000000        28.000000000000000        1.5273954581664571     
           0           0          35   7.8750000000000000        31.500000000000000        1.5297022242290987     
           0           0          36   8.7500000000000000        35.000000000000000        1.5308855650002584     
           0           0          37   0.0000000000000000        26.250000000000000        1.5264704512849683     
           0           0          38   7.0000000000000000        29.750000000000000        1.5286641153170226     
           0           0          39   5.2500000000000000        28.000000000000000        1.5274056558661970     
           0           0          40   8.7500000000000000        33.250000000000000        1.5302080063136676     
           0           0          41   1.7500000000000000        26.250000000000000        1.5264557930929277     
           0           0          42   6.1250000000000000        28.000000000000000        1.5274681787902789     
           0           0          43   8.7500000000000000        31.500000000000000        1.5296364151330732     
           0           0          44   3.5000000000000000        26.250000000000000        1.5265706502082379     
           0           0          45   9.6250000000000000        35.000000000000000        1.5307723867188958     
           0           0          46   7.0000000000000000        28.000000000000000        1.5275412905659835     
           0           0          47   8.7500000000000000        29.750000000000000        1.5286717253311883     
           0           0          48   5.2500000000000000        26.250000000000000        1.5268191654866374     
           0           0          49   9.6250000000000000        31.500000000000000        1.5295016978367844     
           0           0          50   10.500000000000000        35.000000000000000        1.5305990892112176     
           0           0          51   0.0000000000000000        24.500000000000000        1.5254403049345902     
           0           0          52   7.8750000000000000        28.000000000000000        1.5275295436236136     
           0           0          53  0.87500000000000000        24.500000000000000        1.5254359485224107     
           0           0          54   1.7500000000000000        24.500000000000000        1.5254421992822467     
           0           0          55   10.500000000000000        33.250000000000000        1.5297845213747916     
           0           0          56   2.6250000000000000        24.500000000000000        1.5255859402595375     
           0           0          57   3.5000000000000000        24.500000000000000        1.5255790263772162     
           0           0          58   10.500000000000000        31.500000000000000        1.5292520616364080     
           0           0          59   8.7500000000000000        28.000000000000000        1.5274638547145940     
           0           0          60   7.0000000000000000        26.250000000000000        1.5268642614417005     
           0           0          61   11.375000000000000        35.000000000000000        1.5302814185731071     
           0           0          62   4.3750000000000000        24.500000000000000        1.5256264355343505     
           0           0          63   10.500000000000000        29.750000000000000        1.5286280838807038     
           0           0          64   5.2500000000000000        24.500000000000000        1.5256925931549363     
           0           0          65   11.375000000000000        31.500000000000000        1.5292718362036311     
           0           0          66   9.6250000000000000        28.000000000000000        1.5273873458321245     
           0           0          67   6.1250000000000000        24.500000000000000        1.5257033097730168     
           0           0          68   0.0000000000000000        22.750000000000000        1.5252806232911995     
           0           0          69   12.250000000000000        35.000000000000000        1.5298179329295922     
           0           0          70   12.250000000000000        33.250000000000000        1.5292998582003703     
           0           0          71   1.7500000000000000        22.750000000000000        1.5253192803589934     
           0           0          72   8.7500000000000000        26.250000000000000        1.5268970601268976     
           0           0          73   7.0000000000000000        24.500000000000000        1.5256945050759441     
           0           0          74   10.500000000000000        28.000000000000000        1.5273098868622121     
           0           0          75   3.5000000000000000        22.750000000000000        1.5253522958434418     
           0           0          76   12.250000000000000        31.500000000000000        1.5290508479858476     
           0           0          77   7.8750000000000000        24.500000000000000        1.5256670708964033     
           0           0          78   13.125000000000000        35.000000000000000        1.5294161560807091     
           0           0          79   5.2500000000000000        22.750000000000000        1.5254619734939365     
           0           0          80   12.250000000000000        29.750000000000000        1.5285952244914314     
           0           0          81   11.375000000000000        28.000000000000000        1.5273165414686645     
           0           0          82   13.125000000000000        31.500000000000000        1.5284783226672332     
           0           0          83   10.500000000000000        26.250000000000000        1.5271782041464146     
           0           0          84   8.7500000000000000        24.500000000000000        1.5257995530529798     
           0           0          85   0.0000000000000000        21.000000000000000        1.5245257163579833     
           0           0          86   14.000000000000000        35.000000000000000        1.5284683444249501     
           0           0          87  0.87500000000000000        21.000000000000000        1.5245577363566691     
           0           0          88   14.000000000000000        33.250000000000000        1.5284106618621758     
           0           0          89   7.0000000000000000        22.750000000000000        1.5256691070604798     
           0           0          90   12.250000000000000        28.000000000000000        1.5273424964320643     
           0           0          91   1.7500000000000000        21.000000000000000        1.5245975906694487     
           0           0          92   9.6250000000000000        24.500000000000000        1.5260549977586555     
           0           0          93   2.6250000000000000        21.000000000000000        1.5246157665286373     
           0           0          94   14.000000000000000        31.500000000000000        1.5279286797156744     
           0           0          95   3.5000000000000000        21.000000000000000        1.5246192950857793     
           0           0          96   4.3750000000000000        21.000000000000000        1.5246797470146489     
           0           0          97   10.500000000000000        24.500000000000000        1.5264289145977865     
           0           0          98   13.125000000000000        28.000000000000000        1.5276604543504895     
           0           0          99   14.875000000000000        35.000000000000000        1.5272616891171582     
           0           0         100   14.000000000000000        29.750000000000000        1.5285107640489488     
           0           0         101   5.2500000000000000        21.000000000000000        1.5248452152235041     
           0           0         102   8.7500000000000000        22.750000000000000        1.5261198764745632     
           0           0         103   12.250000000000000        26.250000000000000        1.5277587897891727     
           0           0         104   6.1250000000000000        21.000000000000000        1.5249964093045856     
           0           0         105   14.875000000000000        31.500000000000000        1.5279158993881790     
           0           0         106   11.375000000000000        24.500000000000000        1.5267485467649371     
           0           0         107   14.000000000000000        28.000000000000000        1.5284275064534985     
           0           0         108   7.0000000000000000        21.000000000000000        1.5250506837643876     
           0           0         109   0.0000000000000000        19.250000000000000        1.5249166168504364     
           0           0         110   15.750000000000000        35.000000000000000        1.5249045088453932     
           0           0         111   15.750000000000000        33.250000000000000        1.5277609666370013     
           0           0         112   1.7500000000000000        19.250000000000000        1.5249525954799505     
           0           0         113   7.8750000000000000        21.000000000000000        1.5253584549147075     
           0           0         114   3.5000000000000000        19.250000000000000        1.5251061839594824     
           0           0         115   10.500000000000000        22.750000000000000        1.5268207258899889     
           0           0         116   15.750000000000000        31.500000000000000        1.5260636469831401     
           0           0         117   12.250000000000000        24.500000000000000        1.5271475537807266     
           0           0         118   14.875000000000000        28.000000000000000        1.5287217498103478     
           0           0         119   14.000000000000000        26.250000000000000        1.5285138036475658     
           0           0         120   8.7500000000000000        21.000000000000000        1.5257823513923694     
           0           0         121   15.750000000000000        29.750000000000000        1.5296219159647970     
           0           0         122   5.2500000000000000        19.250000000000000        1.5253494180484366     
           0           0         123   16.625000000000000        35.000000000000000        1.5147618637199076     
           0           0         124   13.125000000000000        24.500000000000000        1.5276095192928718     
           0           0         125   9.6250000000000000        21.000000000000000        1.5261585011196666     
           0           0         126   16.625000000000000        31.500000000000000        1.5272556935902593     
           0           0         127   7.0000000000000000        19.250000000000000        1.5256069302961681     
           0           0         128   15.750000000000000        28.000000000000000        1.5296961209928863     
           0           0         129   12.250000000000000        22.750000000000000        1.5272713311017569     
           0           0         130   14.000000000000000        24.500000000000000        1.5281980167585787     
           0           0         131   17.500000000000000        35.000000000000000        1.5029735766316579     
           0           0         132   0.0000000000000000        17.500000000000000        1.5247961567383863     
           0           0         133   10.500000000000000        21.000000000000000        1.5265669002756737     
           0           0         134  0.87500000000000000        17.500000000000000        1.5248111925474008     
           0           0         135   1.7500000000000000        17.500000000000000        1.5247821933705774     
           0           0         136   17.500000000000000        33.250000000000000        1.5232702517404664     
           0           0         137   2.6250000000000000        17.500000000000000        1.5249047244363541     
           0           0         138   17.500000000000000        31.500000000000000        1.5304562728162743     
           0           0         139   3.5000000000000000        17.500000000000000        1.5250723096659002     
           0           0         140   8.7500000000000000        19.250000000000000        1.5262420229945148     
           0           0         141   15.750000000000000        26.250000000000000        1.5296388306125355     
           0           0         142   4.3750000000000000        17.500000000000000        1.5250932126315631     
           0           0         143   11.375000000000000        21.000000000000000        1.5267509758742510     
           0           0         144   16.625000000000000        28.000000000000000        1.5302666209737739     
           0           0         145   14.875000000000000        24.500000000000000        1.5288496461252663     
           0           0         146   17.500000000000000        29.750000000000000        1.5322896510044497     
           0           0         147   5.2500000000000000        17.500000000000000        1.5251794412431332     
           0           0         148   6.1250000000000000        17.500000000000000        1.5254397631631429     
           0           0         149   14.000000000000000        22.750000000000000        1.5282323603450050     
           0           0         150   12.250000000000000        21.000000000000000        1.5270219197315511     
           0           0         151   7.0000000000000000        17.500000000000000        1.5257990190193496     
           0           0         152   17.500000000000000        28.000000000000000        1.5312055792271153     
           0           0         153   10.500000000000000        19.250000000000000        1.5267768423420089     
           0           0         154   15.750000000000000        24.500000000000000        1.5295646118518251     
           0           0         155   7.8750000000000000        17.500000000000000        1.5260348261141738     
           0           0         156   13.125000000000000        21.000000000000000        1.5274810896820352     
           0           0         157   0.0000000000000000        15.750000000000000        1.5257050083193282     
           0           0         158   1.7500000000000000        15.750000000000000        1.5255819744961858     
           0           0         159   3.5000000000000000        15.750000000000000        1.5257661378748841     
           0           0         160   17.500000000000000        26.250000000000000        1.5311300931866327     
           0           0         161   8.7500000000000000        17.500000000000000        1.5262878953669088     
           0           0         162   16.625000000000000        24.500000000000000        1.5302454856223018     
           0           0         163   14.000000000000000        21.000000000000000        1.5279709928428944     
           0           0         164   12.250000000000000        19.250000000000000        1.5272775529628357     
           0           0         165   15.750000000000000        22.750000000000000        1.5293238884394906     
           0           0         166   5.2500000000000000        15.750000000000000        1.5260015958697535     
           0           0         167   9.6250000000000000        17.500000000000000        1.5265334327572155     
           0           0         168   17.500000000000000        24.500000000000000        1.5309060547374489     
           0           0         169   10.500000000000000        17.500000000000000        1.5267457307432988     
           0           0         170   14.875000000000000        21.000000000000000        1.5284708125682913     
           0           0         171   7.0000000000000000        15.750000000000000        1.5263843688063052     
           0           0         172   11.375000000000000        17.500000000000000        1.5270203535577815     
           0           0         173   0.0000000000000000        14.000000000000000        1.5261524061367653     
           0           0         174  0.87500000000000000        14.000000000000000        1.5259531564291289     
           0           0         175   14.000000000000000        19.250000000000000        1.5280395903808039     
           0           0         176   1.7500000000000000        14.000000000000000        1.5258593783477714     
           0           0         177   15.750000000000000        21.000000000000000        1.5290637834634682     
           0           0         178   8.7500000000000000        15.750000000000000        1.5267242814464335     
           0           0         179   2.6250000000000000        14.000000000000000        1.5259428363201806     
           0           0         180   3.5000000000000000        14.000000000000000        1.5260942108573954     
           0           0         181   12.250000000000000        17.500000000000000        1.5273468245823563     
           0           0         182   17.500000000000000        22.750000000000000        1.5306504003073163     
           0           0         183   4.3750000000000000        14.000000000000000        1.5263308570789018     
           0           0         184   5.2500000000000000        14.000000000000000        1.5265015099463648     
           0           0         185   16.625000000000000        21.000000000000000        1.5296512661329587     
           0           0         186   6.1250000000000000        14.000000000000000        1.5265238096606291     
           0           0         187   13.125000000000000        17.500000000000000        1.5276643508513006     
           0           0         188   10.500000000000000        15.750000000000000        1.5270768472623260     
           0           0         189   7.0000000000000000        14.000000000000000        1.5266087409794669     
           0           0         190   15.750000000000000        19.250000000000000        1.5288881654628375     
           0           0         191   17.500000000000000        21.000000000000000        1.5302229838127801     
           0           0         192   14.000000000000000        17.500000000000000        1.5279792376307686     
           0           0         193   7.8750000000000000        14.000000000000000        1.5267997138680731     
           0           0         194   0.0000000000000000        12.250000000000000        1.5267571227453203     
           0           0         195   8.7500000000000000        14.000000000000000        1.5269803950231577     
           0           0         196   12.250000000000000        15.750000000000000        1.5275116109762261     
           0           0         197   1.7500000000000000        12.250000000000000        1.5265889006600868     
           0           0         198   14.875000000000000        17.500000000000000        1.5282852259232707     
           0           0         199   3.5000000000000000        12.250000000000000        1.5268103472901218     
           0           0         200   9.6250000000000000        14.000000000000000        1.5271290759403207     
           0           0         201   5.2500000000000000        12.250000000000000        1.5269463338735736     
           0           0         202   10.500000000000000        14.000000000000000        1.5272862341717632     
           0           0         203   15.750000000000000        17.500000000000000        1.5285757849873383     
           0           0         204   17.500000000000000        19.250000000000000        1.5298445675998198     
           0           0         205   7.0000000000000000        12.250000000000000        1.5271235304882693     
           0           0         206   14.000000000000000        15.750000000000000        1.5279631767161794     
           0           0         207   11.375000000000000        14.000000000000000        1.5274114105146539     
           0           0         208   16.625000000000000        17.500000000000000        1.5290294222748004     
           0           0         209   12.250000000000000        14.000000000000000        1.5275727873476734     
           0           0         210   8.7500000000000000        12.250000000000000        1.5272960781422262     
           0           0         211   0.0000000000000000        10.500000000000000        1.5270965066661319     
           0           0         212  0.87500000000000000        10.500000000000000        1.5270995019989249     
           0           0         213   1.7500000000000000        10.500000000000000        1.5271416958173707     
           0           0         214   2.6250000000000000        10.500000000000000        1.5272280664625704     
           0           0         215   3.5000000000000000        10.500000000000000        1.5273123192928624     
           0           0         216   17.500000000000000        17.500000000000000        1.5294666981964098     
           0           0         217   13.125000000000000        14.000000000000000        1.5277569971231590     
           0           0         218   15.750000000000000        15.750000000000000        1.5284530904999580     
           0           0         219   4.3750000000000000        10.500000000000000        1.5272866317102538     
           0           0         220   5.2500000000000000        10.500000000000000        1.5272960312398391     
           0           0         221   10.500000000000000        12.250000000000000        1.5275034374401413     
           0           0         222   14.000000000000000        14.000000000000000        1.5279141845188786     
           0           0         223   6.1250000000000000        10.500000000000000        1.5273576051282092     
           0           0         224   7.0000000000000000        10.500000000000000        1.5274579638111749     
           0           0         225   14.875000000000000        14.000000000000000        1.5280774203092848     
           0           0         226   7.8750000000000000        10.500000000000000        1.5275051500675105     
           0           0         227   12.250000000000000        12.250000000000000        1.5276935930975504     
           0           0         228   17.500000000000000        15.750000000000000        1.5290912195592479     
           0           0         229   8.7500000000000000        10.500000000000000        1.5275124865511682     
           0           0         230   15.750000000000000        14.000000000000000        1.5282749744686270     
           0           0         231   0.0000000000000000        8.7500000000000000        1.5274924419811362     
           0           0         232   1.7500000000000000        8.7500000000000000        1.5275839708965600     
           0           0         233   9.6250000000000000        10.500000000000000        1.5275960102499775     
           0           0         234   3.5000000000000000        8.7500000000000000        1.5276095878968388     
           0           0         235   10.500000000000000        10.500000000000000        1.5276737752640810     
           0           0         236   14.000000000000000        12.250000000000000        1.5279257889801472     
           0           0         237   5.2500000000000000        8.7500000000000000        1.5275782509945888     
           0           0         238   16.625000000000000        14.000000000000000        1.5285399103605737     
           0           0         239   11.375000000000000        10.500000000000000        1.5277024851856105     
           0           0         240   7.0000000000000000        8.7500000000000000        1.5276766421119494     
           0           0         241   17.500000000000000        14.000000000000000        1.5287146501827431     
           0           0         242   12.250000000000000        10.500000000000000        1.5277108413497653     
           0           0         243   15.750000000000000        12.250000000000000        1.5281479987884106     
           0           0         244   8.7500000000000000        8.7500000000000000        1.5277039654582216     
           0           0         245   13.125000000000000        10.500000000000000        1.5277954578324042     
           0           0         246   0.0000000000000000        7.0000000000000000        1.5279237179455092     
           0           0         247  0.87500000000000000        7.0000000000000000        1.5279481395380980     
           0           0         248   1.7500000000000000        7.0000000000000000        1.5279491975458170     
           0           0         249   2.6250000000000000        7.0000000000000000        1.5278953710978684     
           0           0         250   3.5000000000000000        7.0000000000000000        1.5278862907800996     
           0           0         251   14.000000000000000        10.500000000000000        1.5279240080826484     
           0           0         252   10.500000000000000        8.7500000000000000        1.5277546503669486     
           0           0         253   4.3750000000000000        7.0000000000000000        1.5278762360269840     
           0           0         254   5.2500000000000000        7.0000000000000000        1.5279317445510177     
           0           0         255   6.1250000000000000        7.0000000000000000        1.5279804008409497     
           0           0         256   14.875000000000000        10.500000000000000        1.5279670640869878     
           0           0         257   17.500000000000000        12.250000000000000        1.5285175678765575     
           0           0         258   7.0000000000000000        7.0000000000000000        1.5279017419829481     
           0           0         259   12.250000000000000        8.7500000000000000        1.5277172724210111     
           0           0         260   7.8750000000000000        7.0000000000000000        1.5278716338373242     
           0           0         261   15.750000000000000        10.500000000000000        1.5280024933718517     
           0           0         262   8.7500000000000000        7.0000000000000000        1.5278690972224733     
           0           0         263   16.625000000000000        10.500000000000000        1.5281176297932548     
           0           0         264   9.6250000000000000        7.0000000000000000        1.5278248937622794     
           0           0         265   14.000000000000000        8.7500000000000000        1.5278976409420668     
           0           0         266   0.0000000000000000        5.2500000000000000        1.5280629914741506     
           0           0         267   1.7500000000000000        5.2500000000000000        1.5280549651003668     
           0           0         268   10.500000000000000        7.0000000000000000        1.5278485277036795     
           0           0         269   3.5000000000000000        5.2500000000000000        1.5280523022224239     
           0           0         270   17.500000000000000        10.500000000000000        1.5282491595490886     
           0           0         271   5.2500000000000000        5.2500000000000000        1.5280449936661129     
           0           0         272   11.375000000000000        7.0000000000000000        1.5278153030378410     
           0           0         273   7.0000000000000000        5.2500000000000000        1.5279857016240685     
           0           0         274   12.250000000000000        7.0000000000000000        1.5277422768320319     
           0           0         275   15.750000000000000        8.7500000000000000        1.5279409948770297     
           0           0         276   13.125000000000000        7.0000000000000000        1.5278287730789248     
           0           0         277   8.7500000000000000        5.2500000000000000        1.5279365151246553     
           0           0         278   14.000000000000000        7.0000000000000000        1.5278915425313064     
           0           0         279   0.0000000000000000        3.5000000000000000        1.5283346098421733     
           0           0         280  0.87500000000000000        3.5000000000000000        1.5282801167382933     
           0           0         281   10.500000000000000        5.2500000000000000        1.5279554020662309     
           0           0         282   17.500000000000000        8.7500000000000000        1.5280944817517306     
           0           0         283   1.7500000000000000        3.5000000000000000        1.5282591754224346     
           0           0         284   2.6250000000000000        3.5000000000000000        1.5282941789147109     
           0           0         285   3.5000000000000000        3.5000000000000000        1.5282666732446857     
           0           0         286   14.875000000000000        7.0000000000000000        1.5279095054629313     
           0           0         287   4.3750000000000000        3.5000000000000000        1.5282202270680325     
           0           0         288   5.2500000000000000        3.5000000000000000        1.5281888053651789     
           0           0         289   6.1250000000000000        3.5000000000000000        1.5281514968031682     
           0           0         290   15.750000000000000        7.0000000000000000        1.5278916471025403     
           0           0         291   12.250000000000000        5.2500000000000000        1.5278475573924171     
           0           0         292   7.0000000000000000        3.5000000000000000        1.5281594813419324     
           0           0         293   7.8750000000000000        3.5000000000000000        1.5280688123511017     
           0           0         294   16.625000000000000        7.0000000000000000        1.5279462957509500     
           0           0         295   8.7500000000000000        3.5000000000000000        1.5280034367930502     
           0           0         296   14.000000000000000        5.2500000000000000        1.5278595491151057     
           0           0         297   9.6250000000000000        3.5000000000000000        1.5280267852461709     
           0           0         298   17.500000000000000        7.0000000000000000        1.5279852860029988     
           0           0         299   10.500000000000000        3.5000000000000000        1.5280464891757957     
           0           0         300   0.0000000000000000        1.7500000000000000        1.5283048898066514     
           0           0         301   1.7500000000000000        1.7500000000000000        1.5283097878232197     
           0           0         302   3.5000000000000000        1.7500000000000000        1.5282594267420744     
           0           0         303   11.375000000000000        3.5000000000000000        1.5279954361612180     
           0           0         304   15.750000000000000        5.2500000000000000        1.5278575941458117     
           0           0         305   5.2500000000000000        1.7500000000000000        1.5282111728674517     
           0           0         306   12.250000000000000        3.5000000000000000        1.5279681335213908     
           0           0         307   7.0000000000000000        1.7500000000000000        1.5281512564038391     
           0           0         308   13.125000000000000        3.5000000000000000        1.5279112653363662     
           0           0         309   8.7500000000000000        1.7500000000000000        1.5281030700224534     
           0           0         310   14.000000000000000        3.5000000000000000        1.5278276570169851     
           0           0         311   17.500000000000000        5.2500000000000000        1.5278786025180739     
           0           0         312   14.875000000000000        3.5000000000000000        1.5278727450077785     
           0           0         313   10.500000000000000        1.7500000000000000        1.5281021192686857     
           0           0         314   0.0000000000000000        0.0000000000000000        1.5283466151036016     
           0           0         315  0.87500000000000000        0.0000000000000000        1.5284157649616714     
           0           0         316   1.7500000000000000        0.0000000000000000        1.5284810651254563     
           0           0         317   2.6250000000000000        0.0000000000000000        1.5284111658567316     
           0           0         318   3.5000000000000000        0.0000000000000000        1.5283599007120521     
           0           0         319   15.750000000000000        3.5000000000000000        1.5278416271776176     
           0           0         320   4.3750000000000000        0.0000000000000000        1.5283680300757474     
           0           0         321   5.2500000000000000        0.0000000000000000        1.5283380663997181     
           0           0         322   12.250000000000000        1.7500000000000000        1.5279998600520130     
           0           0         323   6.1250000000000000        0.0000000000000000        1.5282996006848928     
           0           0         324   16.625000000000000        3.5000000000000000        1.5277891350299726     
           0           0         325   7.0000000000000000        0.0000000000000000        1.5282405026957255     
           0           0         326   7.8750000000000000        0.0000000000000000        1.5282968895256293     
           0           0         327   17.500000000000000        3.5000000000000000        1.5277507728657262     
           0           0         328   8.7500000000000000        0.0000000000000000        1.5283013662542004     
           0           0         329   14.000000000000000        1.7500000000000000        1.5278946516298686     
           0           0         330   9.6250000000000000        0.0000000000000000        1.5281988646807796     
           0           0         331   10.500000000000000        0.0000000000000000        1.5281886919003858     
           0           0         332   15.750000000000000        1.7500000000000000        1.5278275152027772     
           0           0         333   11.375000000000000        0.0000000000000000        1.5281754647766854     
           0           0         334   12.250000000000000        0.0000000000000000        1.5280458654773514     
           0           0         335   13.125000000000000        0.0000000000000000        1.5279615515527636     
           0           0         336   17.500000000000000        1.7500000000000000        1.5277686200345220     
           0           0         337   14.000000000000000        0.0000000000000000        1.5279675695563686     
           0           0         338   14.875000000000000        0.0000000000000000        1.5279580979356968     
           0           0         339   15.750000000000000        0.0000000000000000        1.5278776654712110     
           0           0         340   16.625000000000000        0.0000000000000000        1.5278338455129932     
           0           0         341   17.500000000000000        0.0000000000000000        1.5278309207273169     
