           0           0           1   0.0000000000000000        35.000000000000000        1.3831220625609955     
           0           0           2  0.87500000000000000        35.000000000000000        1.3831222351044778     
           0           0           3   0.0000000000000000        33.250000000000000        1.3831771166797153     
           0           0           4   1.7500000000000000        35.000000000000000        1.3831219531164018     
           0           0           5   1.7500000000000000        33.250000000000000        1.3831775245859981     
           0           0           6   2.6250000000000000        35.000000000000000        1.3831218590406746     
           0           0           7   0.0000000000000000        31.500000000000000        1.3832231148959666     
           0           0           8   3.5000000000000000        35.000000000000000        1.3831212401365334     
           0           0           9  0.87500000000000000        31.500000000000000        1.3832240473728150     
           0           0          10   3.5000000000000000        33.250000000000000        1.3831781050509593     
           0           0          11   1.7500000000000000        31.500000000000000        1.3832239997705900     
           0           0          12   2.6250000000000000        31.500000000000000        1.3832250406667967     
           0           0          13   4.3750000000000000        35.000000000000000        1.3831208529331305     
           0           0          14   3.5000000000000000        31.500000000000000        1.3832254474550219     
           0           0          15   0.0000000000000000        29.750000000000000        1.3832790378410640     
           0           0          16   5.2500000000000000        35.000000000000000        1.3831197730691844     
           0           0          17   1.7500000000000000        29.750000000000000        1.3832805670879718     
           0           0          18   5.2500000000000000        33.250000000000000        1.3831789617674830     
           0           0          19   4.3750000000000000        31.500000000000000        1.3832270767594950     
           0           0          20   6.1250000000000000        35.000000000000000        1.3831188752940349     
           0           0          21   3.5000000000000000        29.750000000000000        1.3832837340650947     
           0           0          22   5.2500000000000000        31.500000000000000        1.3832278620861695     
           0           0          23   0.0000000000000000        28.000000000000000        1.3833146885721714     
           0           0          24   7.0000000000000000        35.000000000000000        1.3831169474355605     
           0           0          25   6.1250000000000000        31.500000000000000        1.3832301863935732     
           0           0          26  0.87500000000000000        28.000000000000000        1.3833161827291320     
           0           0          27   7.0000000000000000        33.250000000000000        1.3831799052259559     
           0           0          28   1.7500000000000000        28.000000000000000        1.3833164124258797     
           0           0          29   5.2500000000000000        29.750000000000000        1.3832893078738029     
           0           0          30   2.6250000000000000        28.000000000000000        1.3833184375800573     
           0           0          31   7.0000000000000000        31.500000000000000        1.3832312692773563     
           0           0          32   3.5000000000000000        28.000000000000000        1.3833198140470404     
           0           0          33   7.8750000000000000        35.000000000000000        1.3831151078151773     
           0           0          34   4.3750000000000000        28.000000000000000        1.3833231576109020     
           0           0          35   7.8750000000000000        31.500000000000000        1.3832344703010444     
           0           0          36   8.7500000000000000        35.000000000000000        1.3831115570023225     
           0           0          37   0.0000000000000000        26.250000000000000        1.3833650899568206     
           0           0          38   7.0000000000000000        29.750000000000000        1.3832978772281177     
           0           0          39   5.2500000000000000        28.000000000000000        1.3833257959586303     
           0           0          40   8.7500000000000000        33.250000000000000        1.3831805361108478     
           0           0          41   1.7500000000000000        26.250000000000000        1.3833670108130531     
           0           0          42   6.1250000000000000        28.000000000000000        1.3833307435410944     
           0           0          43   8.7500000000000000        31.500000000000000        1.3832357541799765     
           0           0          44   3.5000000000000000        26.250000000000000        1.3833713581005700     
           0           0          45   9.6250000000000000        35.000000000000000        1.3831076163244433     
           0           0          46   7.0000000000000000        28.000000000000000        1.3833349847064678     
           0           0          47   8.7500000000000000        29.750000000000000        1.3833105013793356     
           0           0          48   5.2500000000000000        26.250000000000000        1.3833788932829432     
           0           0          49   9.6250000000000000        31.500000000000000        1.3832402126734515     
           0           0          50   10.500000000000000        35.000000000000000        1.3831005085763541     
           0           0          51   0.0000000000000000        24.500000000000000        1.3833909540147074     
           0           0          52   7.8750000000000000        28.000000000000000        1.3833419943184349     
           0           0          53  0.87500000000000000        24.500000000000000        1.3833921515608598     
           0           0          54   1.7500000000000000        24.500000000000000        1.3833927779079414     
           0           0          55   10.500000000000000        33.250000000000000        1.3831804058502892     
           0           0          56   2.6250000000000000        24.500000000000000        1.3833949703761401     
           0           0          57   3.5000000000000000        24.500000000000000        1.3833970887122222     
           0           0          58   10.500000000000000        31.500000000000000        1.3832415967966842     
           0           0          59   8.7500000000000000        28.000000000000000        1.3833485176392346     
           0           0          60   7.0000000000000000        26.250000000000000        1.3833901140469735     
           0           0          61   11.375000000000000        35.000000000000000        1.3830926887631698     
           0           0          62   4.3750000000000000        24.500000000000000        1.3834007772085768     
           0           0          63   10.500000000000000        29.750000000000000        1.3833289971370868     
           0           0          64   5.2500000000000000        24.500000000000000        1.3834045919340443     
           0           0          65   11.375000000000000        31.500000000000000        1.3832483917506484     
           0           0          66   9.6250000000000000        28.000000000000000        1.3833583539635204     
           0           0          67   6.1250000000000000        24.500000000000000        1.3834099484713664     
           0           0          68   0.0000000000000000        22.750000000000000        1.3834287815363395     
           0           0          69   12.250000000000000        35.000000000000000        1.3830782643013149     
           0           0          70   12.250000000000000        33.250000000000000        1.3831783582456261     
           0           0          71   1.7500000000000000        22.750000000000000        1.3834304049599966     
           0           0          72   8.7500000000000000        26.250000000000000        1.3834057745046140     
           0           0          73   7.0000000000000000        24.500000000000000        1.3834158390913023     
           0           0          74   10.500000000000000        28.000000000000000        1.3833687723879984     
           0           0          75   3.5000000000000000        22.750000000000000        1.3834344737202140     
           0           0          76   12.250000000000000        31.500000000000000        1.3832509175381340     
           0           0          77   7.8750000000000000        24.500000000000000        1.3834231025389072     
           0           0          78   13.125000000000000        35.000000000000000        1.3830559636677797     
           0           0          79   5.2500000000000000        22.750000000000000        1.3834413925402633     
           0           0          80   12.250000000000000        29.750000000000000        1.3833564818438522     
           0           0          81   11.375000000000000        28.000000000000000        1.3833825898791972     
           0           0          82   13.125000000000000        31.500000000000000        1.3832629419594309     
           0           0          83   10.500000000000000        26.250000000000000        1.3834268770679032     
           0           0          84   8.7500000000000000        24.500000000000000        1.3834316008767269     
           0           0          85   0.0000000000000000        21.000000000000000        1.3834468947249003     
           0           0          86   14.000000000000000        35.000000000000000        1.3830184924178746     
           0           0          87  0.87500000000000000        21.000000000000000        1.3834475211590167     
           0           0          88   14.000000000000000        33.250000000000000        1.3831820790436034     
           0           0          89   7.0000000000000000        22.750000000000000        1.3834513729206961     
           0           0          90   12.250000000000000        28.000000000000000        1.3833992490075266     
           0           0          91   1.7500000000000000        21.000000000000000        1.3834483197226128     
           0           0          92   9.6250000000000000        24.500000000000000        1.3834410804228763     
           0           0          93   2.6250000000000000        21.000000000000000        1.3834500696084913     
           0           0          94   14.000000000000000        31.500000000000000        1.3832713006121820     
           0           0          95   3.5000000000000000        21.000000000000000        1.3834521988645068     
           0           0          96   4.3750000000000000        21.000000000000000        1.3834552089383207     
           0           0          97   10.500000000000000        24.500000000000000        1.3834530323735676     
           0           0          98   13.125000000000000        28.000000000000000        1.3834186564433508     
           0           0          99   14.875000000000000        35.000000000000000        1.3829785599495614     
           0           0         100   14.000000000000000        29.750000000000000        1.3833906931779185     
           0           0         101   5.2500000000000000        21.000000000000000        1.3834587693111100     
           0           0         102   8.7500000000000000        22.750000000000000        1.3834646922077838     
           0           0         103   12.250000000000000        26.250000000000000        1.3834559683491037     
           0           0         104   6.1250000000000000        21.000000000000000        1.3834630664446992     
           0           0         105   14.875000000000000        31.500000000000000        1.3833047417604001     
           0           0         106   11.375000000000000        24.500000000000000        1.3834650363697276     
           0           0         107   14.000000000000000        28.000000000000000        1.3834582299742437     
           0           0         108   7.0000000000000000        21.000000000000000        1.3834681709772461     
           0           0         109   0.0000000000000000        19.250000000000000        1.3834711003211073     
           0           0         110   15.750000000000000        35.000000000000000        1.3828983183969261     
           0           0         111   15.750000000000000        33.250000000000000        1.3832297914117127     
           0           0         112   1.7500000000000000        19.250000000000000        1.3834721910568710     
           0           0         113   7.8750000000000000        21.000000000000000        1.3834737797900660     
           0           0         114   3.5000000000000000        19.250000000000000        1.3834753043291146     
           0           0         115   10.500000000000000        22.750000000000000        1.3834815012628130     
           0           0         116   15.750000000000000        31.500000000000000        1.3832569247484823     
           0           0         117   12.250000000000000        24.500000000000000        1.3834796774470042     
           0           0         118   14.875000000000000        28.000000000000000        1.3834796611070050     
           0           0         119   14.000000000000000        26.250000000000000        1.3834930254505720     
           0           0         120   8.7500000000000000        21.000000000000000        1.3834804767588165     
           0           0         121   15.750000000000000        29.750000000000000        1.3834786629893583     
           0           0         122   5.2500000000000000        19.250000000000000        1.3834805032670228     
           0           0         123   16.625000000000000        35.000000000000000        1.3824134648377862     
           0           0         124   13.125000000000000        24.500000000000000        1.3834948589658329     
           0           0         125   9.6250000000000000        21.000000000000000        1.3834873877963367     
           0           0         126   16.625000000000000        31.500000000000000        1.3833651884721927     
           0           0         127   7.0000000000000000        19.250000000000000        1.3834877866227002     
           0           0         128   15.750000000000000        28.000000000000000        1.3835219934671017     
           0           0         129   12.250000000000000        22.750000000000000        1.3835019327078255     
           0           0         130   14.000000000000000        24.500000000000000        1.3835121477931123     
           0           0         131   17.500000000000000        35.000000000000000        1.3818405577158910     
           0           0         132   0.0000000000000000        17.500000000000000        1.3834832470728800     
           0           0         133   10.500000000000000        21.000000000000000        1.3834957333582429     
           0           0         134  0.87500000000000000        17.500000000000000        1.3834834201842499     
           0           0         135   1.7500000000000000        17.500000000000000        1.3834841480484239     
           0           0         136   17.500000000000000        33.250000000000000        1.3831108483310495     
           0           0         137   2.6250000000000000        17.500000000000000        1.3834852789309011     
           0           0         138   17.500000000000000        31.500000000000000        1.3835678753185057     
           0           0         139   3.5000000000000000        17.500000000000000        1.3834869523289930     
           0           0         140   8.7500000000000000        19.250000000000000        1.3834971231077644     
           0           0         141   15.750000000000000        26.250000000000000        1.3835346418178911     
           0           0         142   4.3750000000000000        17.500000000000000        1.3834889659964071     
           0           0         143   11.375000000000000        21.000000000000000        1.3835038003676867     
           0           0         144   16.625000000000000        28.000000000000000        1.3835407710376542     
           0           0         145   14.875000000000000        24.500000000000000        1.3835311512373669     
           0           0         146   17.500000000000000        29.750000000000000        1.3836246983899252     
           0           0         147   5.2500000000000000        17.500000000000000        1.3834915936346979     
           0           0         148   6.1250000000000000        17.500000000000000        1.3834944446618298     
           0           0         149   14.000000000000000        22.750000000000000        1.3835256456800558     
           0           0         150   12.250000000000000        21.000000000000000        1.3835135639914298     
           0           0         151   7.0000000000000000        17.500000000000000        1.3834979982987521     
           0           0         152   17.500000000000000        28.000000000000000        1.3835840150422622     
           0           0         153   10.500000000000000        19.250000000000000        1.3835083992525552     
           0           0         154   15.750000000000000        24.500000000000000        1.3835489957391360     
           0           0         155   7.8750000000000000        17.500000000000000        1.3835016201775101     
           0           0         156   13.125000000000000        21.000000000000000        1.3835223250622737     
           0           0         157   0.0000000000000000        15.750000000000000        1.3834967858140554     
           0           0         158   1.7500000000000000        15.750000000000000        1.3834974162131999     
           0           0         159   3.5000000000000000        15.750000000000000        1.3834995065902214     
           0           0         160   17.500000000000000        26.250000000000000        1.3835772615434352     
           0           0         161   8.7500000000000000        17.500000000000000        1.3835060056248065     
           0           0         162   16.625000000000000        24.500000000000000        1.3835685344810091     
           0           0         163   14.000000000000000        21.000000000000000        1.3835333764657927     
           0           0         164   12.250000000000000        19.250000000000000        1.3835213892914207     
           0           0         165   15.750000000000000        22.750000000000000        1.3835533152790409     
           0           0         166   5.2500000000000000        15.750000000000000        1.3835029480902596     
           0           0         167   9.6250000000000000        17.500000000000000        1.3835102970032220     
           0           0         168   17.500000000000000        24.500000000000000        1.3835916812752760     
           0           0         169   10.500000000000000        17.500000000000000        1.3835153362367099     
           0           0         170   14.875000000000000        21.000000000000000        1.3835424002430554     
           0           0         171   7.0000000000000000        15.750000000000000        1.3835076623250120     
           0           0         172   11.375000000000000        17.500000000000000        1.3835201733966498     
           0           0         173   0.0000000000000000        14.000000000000000        1.3835045042545793     
           0           0         174  0.87500000000000000        14.000000000000000        1.3835044396986163     
           0           0         175   14.000000000000000        19.250000000000000        1.3835356550732107     
           0           0         176   1.7500000000000000        14.000000000000000        1.3835049877855456     
           0           0         177   15.750000000000000        21.000000000000000        1.3835531613729186     
           0           0         178   8.7500000000000000        15.750000000000000        1.3835135224694275     
           0           0         179   2.6250000000000000        14.000000000000000        1.3835056125862737     
           0           0         180   3.5000000000000000        14.000000000000000        1.3835067399636913     
           0           0         181   12.250000000000000        17.500000000000000        1.3835255299224363     
           0           0         182   17.500000000000000        22.750000000000000        1.3835845441827859     
           0           0         183   4.3750000000000000        14.000000000000000        1.3835079147229299     
           0           0         184   5.2500000000000000        14.000000000000000        1.3835095903305612     
           0           0         185   16.625000000000000        21.000000000000000        1.3835626907365550     
           0           0         186   6.1250000000000000        14.000000000000000        1.3835112641540739     
           0           0         187   13.125000000000000        17.500000000000000        1.3835307678078113     
           0           0         188   10.500000000000000        15.750000000000000        1.3835203316209406     
           0           0         189   7.0000000000000000        14.000000000000000        1.3835134188087954     
           0           0         190   15.750000000000000        19.250000000000000        1.3835502864293905     
           0           0         191   17.500000000000000        21.000000000000000        1.3835714978230127     
           0           0         192   14.000000000000000        17.500000000000000        1.3835360369481569     
           0           0         193   7.8750000000000000        14.000000000000000        1.3835155238607539     
           0           0         194   0.0000000000000000        12.250000000000000        1.3835111747734263     
           0           0         195   8.7500000000000000        14.000000000000000        1.3835180492288965     
           0           0         196   12.250000000000000        15.750000000000000        1.3835278125954040     
           0           0         197   1.7500000000000000        12.250000000000000        1.3835114949650535     
           0           0         198   14.875000000000000        17.500000000000000        1.3835414732426341     
           0           0         199   3.5000000000000000        12.250000000000000        1.3835127685857049     
           0           0         200   9.6250000000000000        14.000000000000000        1.3835204921586099     
           0           0         201   5.2500000000000000        12.250000000000000        1.3835148390685441     
           0           0         202   10.500000000000000        14.000000000000000        1.3835232407516216     
           0           0         203   15.750000000000000        17.500000000000000        1.3835462512306409     
           0           0         204   17.500000000000000        19.250000000000000        1.3835638245038626     
           0           0         205   7.0000000000000000        12.250000000000000        1.3835176173704631     
           0           0         206   14.000000000000000        15.750000000000000        1.3835355424689613     
           0           0         207   11.375000000000000        14.000000000000000        1.3835258998576849     
           0           0         208   16.625000000000000        17.500000000000000        1.3835515475483622     
           0           0         209   12.250000000000000        14.000000000000000        1.3835286729019491     
           0           0         210   8.7500000000000000        12.250000000000000        1.3835209765816761     
           0           0         211   0.0000000000000000        10.500000000000000        1.3835158255757534     
           0           0         212  0.87500000000000000        10.500000000000000        1.3835156763468972     
           0           0         213   1.7500000000000000        10.500000000000000        1.3835160442058232     
           0           0         214   2.6250000000000000        10.500000000000000        1.3835163407247646     
           0           0         215   3.5000000000000000        10.500000000000000        1.3835170261040930     
           0           0         216   17.500000000000000        17.500000000000000        1.3835560676387204     
           0           0         217   13.125000000000000        14.000000000000000        1.3835313962414448     
           0           0         218   15.750000000000000        15.750000000000000        1.3835430375971376     
           0           0         219   4.3750000000000000        10.500000000000000        1.3835176351489820     
           0           0         220   5.2500000000000000        10.500000000000000        1.3835186012932816     
           0           0         221   10.500000000000000        12.250000000000000        1.3835247414852112     
           0           0         222   14.000000000000000        14.000000000000000        1.3835339904905601     
           0           0         223   6.1250000000000000        10.500000000000000        1.3835194849724795     
           0           0         224   7.0000000000000000        10.500000000000000        1.3835206696429219     
           0           0         225   14.875000000000000        14.000000000000000        1.3835366179609820     
           0           0         226   7.8750000000000000        10.500000000000000        1.3835217768692734     
           0           0         227   12.250000000000000        12.250000000000000        1.3835286853672926     
           0           0         228   17.500000000000000        15.750000000000000        1.3835498256209529     
           0           0         229   8.7500000000000000        10.500000000000000        1.3835230949665973     
           0           0         230   15.750000000000000        14.000000000000000        1.3835387685949827     
           0           0         231   0.0000000000000000        8.7500000000000000        1.3835186186843329     
           0           0         232   1.7500000000000000        8.7500000000000000        1.3835187570914818     
           0           0         233   9.6250000000000000        10.500000000000000        1.3835243591577200     
           0           0         234   3.5000000000000000        8.7500000000000000        1.3835194744385921     
           0           0         235   10.500000000000000        10.500000000000000        1.3835257039572733     
           0           0         236   14.000000000000000        12.250000000000000        1.3835325280424726     
           0           0         237   5.2500000000000000        8.7500000000000000        1.3835206254784900     
           0           0         238   16.625000000000000        14.000000000000000        1.3835412526237247     
           0           0         239   11.375000000000000        10.500000000000000        1.3835270456442548     
           0           0         240   7.0000000000000000        8.7500000000000000        1.3835221355195022     
           0           0         241   17.500000000000000        14.000000000000000        1.3835426956171146     
           0           0         242   12.250000000000000        10.500000000000000        1.3835282904512891     
           0           0         243   15.750000000000000        12.250000000000000        1.3835359284430853     
           0           0         244   8.7500000000000000        8.7500000000000000        1.3835239040588216     
           0           0         245   13.125000000000000        10.500000000000000        1.3835296187312005     
           0           0         246   0.0000000000000000        7.0000000000000000        1.3835213144244709     
           0           0         247  0.87500000000000000        7.0000000000000000        1.3835211546732871     
           0           0         248   1.7500000000000000        7.0000000000000000        1.3835213875944032     
           0           0         249   2.6250000000000000        7.0000000000000000        1.3835214998914225     
           0           0         250   3.5000000000000000        7.0000000000000000        1.3835218903366413     
           0           0         251   14.000000000000000        10.500000000000000        1.3835306376893570     
           0           0         252   10.500000000000000        8.7500000000000000        1.3835258012417913     
           0           0         253   4.3750000000000000        7.0000000000000000        1.3835221676151017     
           0           0         254   5.2500000000000000        7.0000000000000000        1.3835226836959631     
           0           0         255   6.1250000000000000        7.0000000000000000        1.3835231018262037     
           0           0         256   14.875000000000000        10.500000000000000        1.3835318512903216     
           0           0         257   17.500000000000000        12.250000000000000        1.3835384940352813     
           0           0         258   7.0000000000000000        7.0000000000000000        1.3835236968375833     
           0           0         259   12.250000000000000        8.7500000000000000        1.3835276715734732     
           0           0         260   7.8750000000000000        7.0000000000000000        1.3835242217887993     
           0           0         261   15.750000000000000        10.500000000000000        1.3835325364355600     
           0           0         262   8.7500000000000000        7.0000000000000000        1.3835248377022948     
           0           0         263   16.625000000000000        10.500000000000000        1.3835335667921003     
           0           0         264   9.6250000000000000        7.0000000000000000        1.3835254244989257     
           0           0         265   14.000000000000000        8.7500000000000000        1.3835293304348117     
           0           0         266   0.0000000000000000        5.2500000000000000        1.3835221172994661     
           0           0         267   1.7500000000000000        5.2500000000000000        1.3835221609901849     
           0           0         268   10.500000000000000        7.0000000000000000        1.3835259945161920     
           0           0         269   3.5000000000000000        5.2500000000000000        1.3835225490913350     
           0           0         270   17.500000000000000        10.500000000000000        1.3835338590062629     
           0           0         271   5.2500000000000000        5.2500000000000000        1.3835231612699384     
           0           0         272   11.375000000000000        7.0000000000000000        1.3835265891627628     
           0           0         273   7.0000000000000000        5.2500000000000000        1.3835239399298729     
           0           0         274   12.250000000000000        7.0000000000000000        1.3835270398634796     
           0           0         275   15.750000000000000        8.7500000000000000        1.3835305723169264     
           0           0         276   13.125000000000000        7.0000000000000000        1.3835275818190036     
           0           0         277   8.7500000000000000        5.2500000000000000        1.3835248106963602     
           0           0         278   14.000000000000000        7.0000000000000000        1.3835278463347482     
           0           0         279   0.0000000000000000        3.5000000000000000        1.3835236508499238     
           0           0         280  0.87500000000000000        3.5000000000000000        1.3835235020690952     
           0           0         281   10.500000000000000        5.2500000000000000        1.3835256811475634     
           0           0         282   17.500000000000000        8.7500000000000000        1.3835312239611328     
           0           0         283   1.7500000000000000        3.5000000000000000        1.3835236555133263     
           0           0         284   2.6250000000000000        3.5000000000000000        1.3835236791507377     
           0           0         285   3.5000000000000000        3.5000000000000000        1.3835239075393881     
           0           0         286   14.875000000000000        7.0000000000000000        1.3835282727675371     
           0           0         287   4.3750000000000000        3.5000000000000000        1.3835240182744326     
           0           0         288   5.2500000000000000        3.5000000000000000        1.3835242954009650     
           0           0         289   6.1250000000000000        3.5000000000000000        1.3835244776378108     
           0           0         290   15.750000000000000        7.0000000000000000        1.3835283023947886     
           0           0         291   12.250000000000000        5.2500000000000000        1.3835264452496649     
           0           0         292   7.0000000000000000        3.5000000000000000        1.3835247685197907     
           0           0         293   7.8750000000000000        3.5000000000000000        1.3835249990805072     
           0           0         294   16.625000000000000        7.0000000000000000        1.3835285845682808     
           0           0         295   8.7500000000000000        3.5000000000000000        1.3835252627079317     
           0           0         296   14.000000000000000        5.2500000000000000        1.3835269874312877     
           0           0         297   9.6250000000000000        3.5000000000000000        1.3835255107392221     
           0           0         298   17.500000000000000        7.0000000000000000        1.3835283092080972     
           0           0         299   10.500000000000000        3.5000000000000000        1.3835257025678711     
           0           0         300   0.0000000000000000        1.7500000000000000        1.3835234580329687     
           0           0         301   1.7500000000000000        1.7500000000000000        1.3835234623900872     
           0           0         302   3.5000000000000000        1.7500000000000000        1.3835237006057042     
           0           0         303   11.375000000000000        3.5000000000000000        1.3835259313119714     
           0           0         304   15.750000000000000        5.2500000000000000        1.3835271843238650     
           0           0         305   5.2500000000000000        1.7500000000000000        1.3835240689552497     
           0           0         306   12.250000000000000        3.5000000000000000        1.3835260063344463     
           0           0         307   7.0000000000000000        1.7500000000000000        1.3835245199126867     
           0           0         308   13.125000000000000        3.5000000000000000        1.3835261752090076     
           0           0         309   8.7500000000000000        1.7500000000000000        1.3835249936277538     
           0           0         310   14.000000000000000        3.5000000000000000        1.3835260953093231     
           0           0         311   17.500000000000000        5.2500000000000000        1.3835269343071812     
           0           0         312   14.875000000000000        3.5000000000000000        1.3835261632311551     
           0           0         313   10.500000000000000        1.7500000000000000        1.3835254176935692     
           0           0         314   0.0000000000000000        0.0000000000000000        1.3835242797396921     
           0           0         315  0.87500000000000000        0.0000000000000000        1.3835241371545117     
           0           0         316   1.7500000000000000        0.0000000000000000        1.3835242646920580     
           0           0         317   2.6250000000000000        0.0000000000000000        1.3835242624758424     
           0           0         318   3.5000000000000000        0.0000000000000000        1.3835244397910968     
           0           0         319   15.750000000000000        3.5000000000000000        1.3835259112791565     
           0           0         320   4.3750000000000000        0.0000000000000000        1.3835245006531505     
           0           0         321   5.2500000000000000        0.0000000000000000        1.3835247037439113     
           0           0         322   12.250000000000000        1.7500000000000000        1.3835257119740696     
           0           0         323   6.1250000000000000        0.0000000000000000        1.3835248149227457     
           0           0         324   16.625000000000000        3.5000000000000000        1.3835258586730348     
           0           0         325   7.0000000000000000        0.0000000000000000        1.3835250129756815     
           0           0         326   7.8750000000000000        0.0000000000000000        1.3835251548758833     
           0           0         327   17.500000000000000        3.5000000000000000        1.3835253963881866     
           0           0         328   8.7500000000000000        0.0000000000000000        1.3835253127969533     
           0           0         329   14.000000000000000        1.7500000000000000        1.3835257927116302     
           0           0         330   9.6250000000000000        0.0000000000000000        1.3835254590649588     
           0           0         331   10.500000000000000        0.0000000000000000        1.3835255398872368     
           0           0         332   15.750000000000000        1.7500000000000000        1.3835255739351537     
           0           0         333   11.375000000000000        0.0000000000000000        1.3835256591238385     
           0           0         334   12.250000000000000        0.0000000000000000        1.3835256267525629     
           0           0         335   13.125000000000000        0.0000000000000000        1.3835256846909241     
           0           0         336   17.500000000000000        1.7500000000000000        1.3835249980148312     
           0           0         337   14.000000000000000        0.0000000000000000        1.3835255100636039     
           0           0         338   14.875000000000000        0.0000000000000000        1.3835254727692194     
           0           0         339   15.750000000000000        0.0000000000000000        1.3835251476403674     
           0           0         340   16.625000000000000        0.0000000000000000        1.3835250007254496     
           0           0         341   17.500000000000000        0.0000000000000000        1.3835244890274376     
