           0           0           1   0.0000000000000000        35.000000000000000        1.5307656452759757     
           0           0           2  0.87500000000000000        35.000000000000000        1.5307897638678798     
           0           0           3   0.0000000000000000        33.250000000000000        1.5296932960571992     
           0           0           4   1.7500000000000000        35.000000000000000        1.5307974195896357     
           0           0           5   1.7500000000000000        33.250000000000000        1.5297529667661534     
           0           0           6   2.6250000000000000        35.000000000000000        1.5307825289633268     
           0           0           7   0.0000000000000000        31.500000000000000        1.5286973174480984     
           0           0           8   3.5000000000000000        35.000000000000000        1.5307668214582844     
           0           0           9  0.87500000000000000        31.500000000000000        1.5288391565592425     
           0           0          10   3.5000000000000000        33.250000000000000        1.5297680161463290     
           0           0          11   1.7500000000000000        31.500000000000000        1.5289825856392572     
           0           0          12   2.6250000000000000        31.500000000000000        1.5290114748838299     
           0           0          13   4.3750000000000000        35.000000000000000        1.5307910115476351     
           0           0          14   3.5000000000000000        31.500000000000000        1.5289963755532527     
           0           0          15   0.0000000000000000        29.750000000000000        1.5275643913086818     
           0           0          16   5.2500000000000000        35.000000000000000        1.5308489773118845     
           0           0          17   1.7500000000000000        29.750000000000000        1.5277819774081345     
           0           0          18   5.2500000000000000        33.250000000000000        1.5297523338021199     
           0           0          19   4.3750000000000000        31.500000000000000        1.5290232089410236     
           0           0          20   6.1250000000000000        35.000000000000000        1.5307974058378213     
           0           0          21   3.5000000000000000        29.750000000000000        1.5278818534861438     
           0           0          22   5.2500000000000000        31.500000000000000        1.5290316178796208     
           0           0          23   0.0000000000000000        28.000000000000000        1.5265770152664337     
           0           0          24   7.0000000000000000        35.000000000000000        1.5307069428407696     
           0           0          25   6.1250000000000000        31.500000000000000        1.5290921099873584     
           0           0          26  0.87500000000000000        28.000000000000000        1.5265792536396172     
           0           0          27   7.0000000000000000        33.250000000000000        1.5297687445816772     
           0           0          28   1.7500000000000000        28.000000000000000        1.5265896600112918     
           0           0          29   5.2500000000000000        29.750000000000000        1.5280508545676419     
           0           0          30   2.6250000000000000        28.000000000000000        1.5266444765400911     
           0           0          31   7.0000000000000000        31.500000000000000        1.5290397214967846     
           0           0          32   3.5000000000000000        28.000000000000000        1.5266132439180951     
           0           0          33   7.8750000000000000        35.000000000000000        1.5306097359319857     
           0           0          34   4.3750000000000000        28.000000000000000        1.5267430501678494     
           0           0          35   7.8750000000000000        31.500000000000000        1.5290905957242855     
           0           0          36   8.7500000000000000        35.000000000000000        1.5304653565425945     
           0           0          37   0.0000000000000000        26.250000000000000        1.5257239057633156     
           0           0          38   7.0000000000000000        29.750000000000000        1.5280578447342570     
           0           0          39   5.2500000000000000        28.000000000000000        1.5267459403841608     
           0           0          40   8.7500000000000000        33.250000000000000        1.5297156427277141     
           0           0          41   1.7500000000000000        26.250000000000000        1.5257962773435696     
           0           0          42   6.1250000000000000        28.000000000000000        1.5268438214570283     
           0           0          43   8.7500000000000000        31.500000000000000        1.5290194326246196     
           0           0          44   3.5000000000000000        26.250000000000000        1.5258930937580983     
           0           0          45   9.6250000000000000        35.000000000000000        1.5302763566308482     
           0           0          46   7.0000000000000000        28.000000000000000        1.5269109262331633     
           0           0          47   8.7500000000000000        29.750000000000000        1.5279685929729154     
           0           0          48   5.2500000000000000        26.250000000000000        1.5260365215120564     
           0           0          49   9.6250000000000000        31.500000000000000        1.5289737937453716     
           0           0          50   10.500000000000000        35.000000000000000        1.5300185295455000     
           0           0          51   0.0000000000000000        24.500000000000000        1.5246370756872385     
           0           0          52   7.8750000000000000        28.000000000000000        1.5268631968579549     
           0           0          53  0.87500000000000000        24.500000000000000        1.5246500626797623     
           0           0          54   1.7500000000000000        24.500000000000000        1.5246642295531301     
           0           0          55   10.500000000000000        33.250000000000000        1.5292814831116492     
           0           0          56   2.6250000000000000        24.500000000000000        1.5248005929347774     
           0           0          57   3.5000000000000000        24.500000000000000        1.5247810050260775     
           0           0          58   10.500000000000000        31.500000000000000        1.5287780235749906     
           0           0          59   8.7500000000000000        28.000000000000000        1.5267900224973319     
           0           0          60   7.0000000000000000        26.250000000000000        1.5261263163668457     
           0           0          61   11.375000000000000        35.000000000000000        1.5298720817364593     
           0           0          62   4.3750000000000000        24.500000000000000        1.5248505408739317     
           0           0          63   10.500000000000000        29.750000000000000        1.5279217657291828     
           0           0          64   5.2500000000000000        24.500000000000000        1.5249302860787601     
           0           0          65   11.375000000000000        31.500000000000000        1.5287251127832695     
           0           0          66   9.6250000000000000        28.000000000000000        1.5266727648757217     
           0           0          67   6.1250000000000000        24.500000000000000        1.5249173919337349     
           0           0          68   0.0000000000000000        22.750000000000000        1.5244844826358084     
           0           0          69   12.250000000000000        35.000000000000000        1.5295392047568566     
           0           0          70   12.250000000000000        33.250000000000000        1.5287670660240900     
           0           0          71   1.7500000000000000        22.750000000000000        1.5244449030971450     
           0           0          72   8.7500000000000000        26.250000000000000        1.5262313948464383     
           0           0          73   7.0000000000000000        24.500000000000000        1.5249068630728737     
           0           0          74   10.500000000000000        28.000000000000000        1.5265502676751528     
           0           0          75   3.5000000000000000        22.750000000000000        1.5244912834134821     
           0           0          76   12.250000000000000        31.500000000000000        1.5284417493156308     
           0           0          77   7.8750000000000000        24.500000000000000        1.5248838329055170     
           0           0          78   13.125000000000000        35.000000000000000        1.5291242095328714     
           0           0          79   5.2500000000000000        22.750000000000000        1.5246809718525036     
           0           0          80   12.250000000000000        29.750000000000000        1.5279415734553830     
           0           0          81   11.375000000000000        28.000000000000000        1.5265710785256432     
           0           0          82   13.125000000000000        31.500000000000000        1.5278289869721318     
           0           0          83   10.500000000000000        26.250000000000000        1.5264438857388409     
           0           0          84   8.7500000000000000        24.500000000000000        1.5249991158120060     
           0           0          85   0.0000000000000000        21.000000000000000        1.5236557975409952     
           0           0          86   14.000000000000000        35.000000000000000        1.5281564866541211     
           0           0          87  0.87500000000000000        21.000000000000000        1.5236789395657264     
           0           0          88   14.000000000000000        33.250000000000000        1.5278754295823824     
           0           0          89   7.0000000000000000        22.750000000000000        1.5248458149216937     
           0           0          90   12.250000000000000        28.000000000000000        1.5266136145336255     
           0           0          91   1.7500000000000000        21.000000000000000        1.5237110508656064     
           0           0          92   9.6250000000000000        24.500000000000000        1.5252372112714698     
           0           0          93   2.6250000000000000        21.000000000000000        1.5237482742817161     
           0           0          94   14.000000000000000        31.500000000000000        1.5272002216023839     
           0           0          95   3.5000000000000000        21.000000000000000        1.5237489835758655     
           0           0          96   4.3750000000000000        21.000000000000000        1.5238132310687371     
           0           0          97   10.500000000000000        24.500000000000000        1.5256419386749500     
           0           0          98   13.125000000000000        28.000000000000000        1.5269059933024094     
           0           0          99   14.875000000000000        35.000000000000000        1.5268744159568008     
           0           0         100   14.000000000000000        29.750000000000000        1.5277859507124969     
           0           0         101   5.2500000000000000        21.000000000000000        1.5239579740986733     
           0           0         102   8.7500000000000000        22.750000000000000        1.5252864283373198     
           0           0         103   12.250000000000000        26.250000000000000        1.5270162188628293     
           0           0         104   6.1250000000000000        21.000000000000000        1.5241100690998410     
           0           0         105   14.875000000000000        31.500000000000000        1.5271724767248487     
           0           0         106   11.375000000000000        24.500000000000000        1.5260027993767880     
           0           0         107   14.000000000000000        28.000000000000000        1.5276986567256450     
           0           0         108   7.0000000000000000        21.000000000000000        1.5241743735185813     
           0           0         109   0.0000000000000000        19.250000000000000        1.5240638248980682     
           0           0         110   15.750000000000000        35.000000000000000        1.5244325568567576     
           0           0         111   15.750000000000000        33.250000000000000        1.5271304402518495     
           0           0         112   1.7500000000000000        19.250000000000000        1.5240826490281290     
           0           0         113   7.8750000000000000        21.000000000000000        1.5245022755340965     
           0           0         114   3.5000000000000000        19.250000000000000        1.5242313410802897     
           0           0         115   10.500000000000000        22.750000000000000        1.5260075540318616     
           0           0         116   15.750000000000000        31.500000000000000        1.5252780325267468     
           0           0         117   12.250000000000000        24.500000000000000        1.5264004104719524     
           0           0         118   14.875000000000000        28.000000000000000        1.5279723420364282     
           0           0         119   14.000000000000000        26.250000000000000        1.5277997263130216     
           0           0         120   8.7500000000000000        21.000000000000000        1.5249236915313433     
           0           0         121   15.750000000000000        29.750000000000000        1.5289576268688554     
           0           0         122   5.2500000000000000        19.250000000000000        1.5244653955272673     
           0           0         123   16.625000000000000        35.000000000000000        1.5140245051870214     
           0           0         124   13.125000000000000        24.500000000000000        1.5268610699991509     
           0           0         125   9.6250000000000000        21.000000000000000        1.5253151028311214     
           0           0         126   16.625000000000000        31.500000000000000        1.5264330929126384     
           0           0         127   7.0000000000000000        19.250000000000000        1.5247426060257525     
           0           0         128   15.750000000000000        28.000000000000000        1.5289526838819187     
           0           0         129   12.250000000000000        22.750000000000000        1.5265184330943535     
           0           0         130   14.000000000000000        24.500000000000000        1.5274633500892827     
           0           0         131   17.500000000000000        35.000000000000000        1.5019604217306650     
           0           0         132   0.0000000000000000        17.500000000000000        1.5239088417557869     
           0           0         133   10.500000000000000        21.000000000000000        1.5257237031237845     
           0           0         134  0.87500000000000000        17.500000000000000        1.5238931600836561     
           0           0         135   1.7500000000000000        17.500000000000000        1.5238648377450623     
           0           0         136   17.500000000000000        33.250000000000000        1.5225233693590139     
           0           0         137   2.6250000000000000        17.500000000000000        1.5239785092315203     
           0           0         138   17.500000000000000        31.500000000000000        1.5296175159960359     
           0           0         139   3.5000000000000000        17.500000000000000        1.5241544183389042     
           0           0         140   8.7500000000000000        19.250000000000000        1.5254053255373483     
           0           0         141   15.750000000000000        26.250000000000000        1.5289472669061073     
           0           0         142   4.3750000000000000        17.500000000000000        1.5241985068093535     
           0           0         143   11.375000000000000        21.000000000000000        1.5259212165545306     
           0           0         144   16.625000000000000        28.000000000000000        1.5295846152668686     
           0           0         145   14.875000000000000        24.500000000000000        1.5281262638309734     
           0           0         146   17.500000000000000        29.750000000000000        1.5315845217089437     
           0           0         147   5.2500000000000000        17.500000000000000        1.5242813459708997     
           0           0         148   6.1250000000000000        17.500000000000000        1.5245391614459101     
           0           0         149   14.000000000000000        22.750000000000000        1.5274837942778285     
           0           0         150   12.250000000000000        21.000000000000000        1.5262347347257934     
           0           0         151   7.0000000000000000        17.500000000000000        1.5249196267312990     
           0           0         152   17.500000000000000        28.000000000000000        1.5305703681629617     
           0           0         153   10.500000000000000        19.250000000000000        1.5259539341709352     
           0           0         154   15.750000000000000        24.500000000000000        1.5288638229743268     
           0           0         155   7.8750000000000000        17.500000000000000        1.5251569227049471     
           0           0         156   13.125000000000000        21.000000000000000        1.5267136346949517     
           0           0         157   0.0000000000000000        15.750000000000000        1.5248092863795522     
           0           0         158   1.7500000000000000        15.750000000000000        1.5246860204723038     
           0           0         159   3.5000000000000000        15.750000000000000        1.5248839744943985     
           0           0         160   17.500000000000000        26.250000000000000        1.5304974184454165     
           0           0         161   8.7500000000000000        17.500000000000000        1.5254316229272944     
           0           0         162   16.625000000000000        24.500000000000000        1.5295547840592163     
           0           0         163   14.000000000000000        21.000000000000000        1.5272186323447510     
           0           0         164   12.250000000000000        19.250000000000000        1.5264901084838898     
           0           0         165   15.750000000000000        22.750000000000000        1.5286235682360196     
           0           0         166   5.2500000000000000        15.750000000000000        1.5251303058193719     
           0           0         167   9.6250000000000000        17.500000000000000        1.5256877539288716     
           0           0         168   17.500000000000000        24.500000000000000        1.5302565707778251     
           0           0         169   10.500000000000000        17.500000000000000        1.5259048904122707     
           0           0         170   14.875000000000000        21.000000000000000        1.5277336361172769     
           0           0         171   7.0000000000000000        15.750000000000000        1.5255192259997097     
           0           0         172   11.375000000000000        17.500000000000000        1.5262031240384961     
           0           0         173   0.0000000000000000        14.000000000000000        1.5252481807642029     
           0           0         174  0.87500000000000000        14.000000000000000        1.5250604784243036     
           0           0         175   14.000000000000000        19.250000000000000        1.5272858511770466     
           0           0         176   1.7500000000000000        14.000000000000000        1.5249691822102716     
           0           0         177   15.750000000000000        21.000000000000000        1.5283444041402980     
           0           0         178   8.7500000000000000        15.750000000000000        1.5258895173867797     
           0           0         179   2.6250000000000000        14.000000000000000        1.5250526970227205     
           0           0         180   3.5000000000000000        14.000000000000000        1.5252184300547762     
           0           0         181   12.250000000000000        17.500000000000000        1.5265521461029656     
           0           0         182   17.500000000000000        22.750000000000000        1.5300110537925180     
           0           0         183   4.3750000000000000        14.000000000000000        1.5254527236878730     
           0           0         184   5.2500000000000000        14.000000000000000        1.5256347834383377     
           0           0         185   16.625000000000000        21.000000000000000        1.5289612030597222     
           0           0         186   6.1250000000000000        14.000000000000000        1.5256653954431791     
           0           0         187   13.125000000000000        17.500000000000000        1.5268866081187833     
           0           0         188   10.500000000000000        15.750000000000000        1.5262612479230027     
           0           0         189   7.0000000000000000        14.000000000000000        1.5257500411221396     
           0           0         190   15.750000000000000        19.250000000000000        1.5281716875277549     
           0           0         191   17.500000000000000        21.000000000000000        1.5295611826467983     
           0           0         192   14.000000000000000        17.500000000000000        1.5272231422873506     
           0           0         193   7.8750000000000000        14.000000000000000        1.5259587562770447     
           0           0         194   0.0000000000000000        12.250000000000000        1.5259023789427517     
           0           0         195   8.7500000000000000        14.000000000000000        1.5261538835388777     
           0           0         196   12.250000000000000        15.750000000000000        1.5267251966802147     
           0           0         197   1.7500000000000000        12.250000000000000        1.5257414513559673     
           0           0         198   14.875000000000000        17.500000000000000        1.5275418520805204     
           0           0         199   3.5000000000000000        12.250000000000000        1.5259704051017742     
           0           0         200   9.6250000000000000        14.000000000000000        1.5263068176232562     
           0           0         201   5.2500000000000000        12.250000000000000        1.5261122499395765     
           0           0         202   10.500000000000000        14.000000000000000        1.5264794397390165     
           0           0         203   15.750000000000000        17.500000000000000        1.5278478593864548     
           0           0         204   17.500000000000000        19.250000000000000        1.5291788202967831     
           0           0         205   7.0000000000000000        12.250000000000000        1.5263007310887633     
           0           0         206   14.000000000000000        15.750000000000000        1.5272077808848150     
           0           0         207   11.375000000000000        14.000000000000000        1.5266151302151529     
           0           0         208   16.625000000000000        17.500000000000000        1.5283296146538825     
           0           0         209   12.250000000000000        14.000000000000000        1.5267870348450054     
           0           0         210   8.7500000000000000        12.250000000000000        1.5264944303259094     
           0           0         211   0.0000000000000000        10.500000000000000        1.5262702035612628     
           0           0         212  0.87500000000000000        10.500000000000000        1.5262721580727097     
           0           0         213   1.7500000000000000        10.500000000000000        1.5263167477939188     
           0           0         214   2.6250000000000000        10.500000000000000        1.5264024006506656     
           0           0         215   3.5000000000000000        10.500000000000000        1.5264904829716743     
           0           0         216   17.500000000000000        17.500000000000000        1.5287861429986715     
           0           0         217   13.125000000000000        14.000000000000000        1.5269883328062084     
           0           0         218   15.750000000000000        15.750000000000000        1.5277268029167688     
           0           0         219   4.3750000000000000        10.500000000000000        1.5264796417813613     
           0           0         220   5.2500000000000000        10.500000000000000        1.5264870358988736     
           0           0         221   10.500000000000000        12.250000000000000        1.5267087853648122     
           0           0         222   14.000000000000000        14.000000000000000        1.5271516370756766     
           0           0         223   6.1250000000000000        10.500000000000000        1.5265468400877373     
           0           0         224   7.0000000000000000        10.500000000000000        1.5266608326297413     
           0           0         225   14.875000000000000        14.000000000000000        1.5273306582106954     
           0           0         226   7.8750000000000000        10.500000000000000        1.5267045468348837     
           0           0         227   12.250000000000000        12.250000000000000        1.5269192048944982     
           0           0         228   17.500000000000000        15.750000000000000        1.5284070076188239     
           0           0         229   8.7500000000000000        10.500000000000000        1.5267250361829958     
           0           0         230   15.750000000000000        14.000000000000000        1.5275413503422250     
           0           0         231   0.0000000000000000        8.7500000000000000        1.5267026666981587     
           0           0         232   1.7500000000000000        8.7500000000000000        1.5267917477667865     
           0           0         233   9.6250000000000000        10.500000000000000        1.5268176123194235     
           0           0         234   3.5000000000000000        8.7500000000000000        1.5268199351462424     
           0           0         235   10.500000000000000        10.500000000000000        1.5268875981085452     
           0           0         236   14.000000000000000        12.250000000000000        1.5271727182941177     
           0           0         237   5.2500000000000000        8.7500000000000000        1.5267927196841491     
           0           0         238   16.625000000000000        14.000000000000000        1.5278222808583986     
           0           0         239   11.375000000000000        10.500000000000000        1.5269346218070527     
           0           0         240   7.0000000000000000        8.7500000000000000        1.5268988790723637     
           0           0         241   17.500000000000000        14.000000000000000        1.5280178361505987     
           0           0         242   12.250000000000000        10.500000000000000        1.5269471274059281     
           0           0         243   15.750000000000000        12.250000000000000        1.5274127018329280     
           0           0         244   8.7500000000000000        8.7500000000000000        1.5269341498722770     
           0           0         245   13.125000000000000        10.500000000000000        1.5270287730112631     
           0           0         246   0.0000000000000000        7.0000000000000000        1.5271688491861815     
           0           0         247  0.87500000000000000        7.0000000000000000        1.5271845695188386     
           0           0         248   1.7500000000000000        7.0000000000000000        1.5271823843040380     
           0           0         249   2.6250000000000000        7.0000000000000000        1.5271286649752811     
           0           0         250   3.5000000000000000        7.0000000000000000        1.5271198341222034     
           0           0         251   14.000000000000000        10.500000000000000        1.5271733010653650     
           0           0         252   10.500000000000000        8.7500000000000000        1.5269876126156743     
           0           0         253   4.3750000000000000        7.0000000000000000        1.5271173524833750     
           0           0         254   5.2500000000000000        7.0000000000000000        1.5271746979238618     
           0           0         255   6.1250000000000000        7.0000000000000000        1.5272238781782499     
           0           0         256   14.875000000000000        10.500000000000000        1.5272224575863595     
           0           0         257   17.500000000000000        12.250000000000000        1.5278063443835614     
           0           0         258   7.0000000000000000        7.0000000000000000        1.5271382932884126     
           0           0         259   12.250000000000000        8.7500000000000000        1.5269604132138896     
           0           0         260   7.8750000000000000        7.0000000000000000        1.5271158744854578     
           0           0         261   15.750000000000000        10.500000000000000        1.5272550195947912     
           0           0         262   8.7500000000000000        7.0000000000000000        1.5271128824831723     
           0           0         263   16.625000000000000        10.500000000000000        1.5273785971908376     
           0           0         264   9.6250000000000000        7.0000000000000000        1.5270720127275221     
           0           0         265   14.000000000000000        8.7500000000000000        1.5271449333850176     
           0           0         266   0.0000000000000000        5.2500000000000000        1.5273102943724925     
           0           0         267   1.7500000000000000        5.2500000000000000        1.5273056308518869     
           0           0         268   10.500000000000000        7.0000000000000000        1.5270977225013715     
           0           0         269   3.5000000000000000        5.2500000000000000        1.5273092022787464     
           0           0         270   17.500000000000000        10.500000000000000        1.5275177805302227     
           0           0         271   5.2500000000000000        5.2500000000000000        1.5272999515131205     
           0           0         272   11.375000000000000        7.0000000000000000        1.5270607832419185     
           0           0         273   7.0000000000000000        5.2500000000000000        1.5272344669061275     
           0           0         274   12.250000000000000        7.0000000000000000        1.5269853020324218     
           0           0         275   15.750000000000000        8.7500000000000000        1.5271933752578657     
           0           0         276   13.125000000000000        7.0000000000000000        1.5270781884206366     
           0           0         277   8.7500000000000000        5.2500000000000000        1.5271933138326963     
           0           0         278   14.000000000000000        7.0000000000000000        1.5271391658086415     
           0           0         279   0.0000000000000000        3.5000000000000000        1.5276063023128865     
           0           0         280  0.87500000000000000        3.5000000000000000        1.5275575294357202     
           0           0         281   10.500000000000000        5.2500000000000000        1.5272075885793854     
           0           0         282   17.500000000000000        8.7500000000000000        1.5273586290316690     
           0           0         283   1.7500000000000000        3.5000000000000000        1.5275396674414876     
           0           0         284   2.6250000000000000        3.5000000000000000        1.5275668533273419     
           0           0         285   3.5000000000000000        3.5000000000000000        1.5275431659158478     
           0           0         286   14.875000000000000        7.0000000000000000        1.5271627958508678     
           0           0         287   4.3750000000000000        3.5000000000000000        1.5274969815914949     
           0           0         288   5.2500000000000000        3.5000000000000000        1.5274649452397997     
           0           0         289   6.1250000000000000        3.5000000000000000        1.5274323695149639     
           0           0         290   15.750000000000000        7.0000000000000000        1.5271421186008827     
           0           0         291   12.250000000000000        5.2500000000000000        1.5270974533399415     
           0           0         292   7.0000000000000000        3.5000000000000000        1.5274289060120678     
           0           0         293   7.8750000000000000        3.5000000000000000        1.5273353566268950     
           0           0         294   16.625000000000000        7.0000000000000000        1.5271871236580343     
           0           0         295   8.7500000000000000        3.5000000000000000        1.5272737526134503     
           0           0         296   14.000000000000000        5.2500000000000000        1.5271079652662780     
           0           0         297   9.6250000000000000        3.5000000000000000        1.5272945617638609     
           0           0         298   17.500000000000000        7.0000000000000000        1.5272281368261316     
           0           0         299   10.500000000000000        3.5000000000000000        1.5273070415251366     
           0           0         300   0.0000000000000000        1.7500000000000000        1.5275905846562072     
           0           0         301   1.7500000000000000        1.7500000000000000        1.5275934222153760     
           0           0         302   3.5000000000000000        1.7500000000000000        1.5275456855095546     
           0           0         303   11.375000000000000        3.5000000000000000        1.5272592555878113     
           0           0         304   15.750000000000000        5.2500000000000000        1.5271086826179188     
           0           0         305   5.2500000000000000        1.7500000000000000        1.5274933096720953     
           0           0         306   12.250000000000000        3.5000000000000000        1.5272290698794377     
           0           0         307   7.0000000000000000        1.7500000000000000        1.5274278144302107     
           0           0         308   13.125000000000000        3.5000000000000000        1.5271637776489222     
           0           0         309   8.7500000000000000        1.7500000000000000        1.5273787316906537     
           0           0         310   14.000000000000000        3.5000000000000000        1.5270817410719921     
           0           0         311   17.500000000000000        5.2500000000000000        1.5271235248916770     
           0           0         312   14.875000000000000        3.5000000000000000        1.5271179538964073     
           0           0         313   10.500000000000000        1.7500000000000000        1.5273722503900338     
           0           0         314   0.0000000000000000        0.0000000000000000        1.5276438274613993     
           0           0         315  0.87500000000000000        0.0000000000000000        1.5277053991933205     
           0           0         316   1.7500000000000000        0.0000000000000000        1.5277641506275428     
           0           0         317   2.6250000000000000        0.0000000000000000        1.5277042898888391     
           0           0         318   3.5000000000000000        0.0000000000000000        1.5276540635649551     
           0           0         319   15.750000000000000        3.5000000000000000        1.5270835262731861     
           0           0         320   4.3750000000000000        0.0000000000000000        1.5276614855565900     
           0           0         321   5.2500000000000000        0.0000000000000000        1.5276397070935381     
           0           0         322   12.250000000000000        1.7500000000000000        1.5272663567534339     
           0           0         323   6.1250000000000000        0.0000000000000000        1.5275956167241527     
           0           0         324   16.625000000000000        3.5000000000000000        1.5270239973130679     
           0           0         325   7.0000000000000000        0.0000000000000000        1.5275340710730334     
           0           0         326   7.8750000000000000        0.0000000000000000        1.5275745311965956     
           0           0         327   17.500000000000000        3.5000000000000000        1.5269693212583302     
           0           0         328   8.7500000000000000        0.0000000000000000        1.5275849768672531     
           0           0         329   14.000000000000000        1.7500000000000000        1.5271465601421319     
           0           0         330   9.6250000000000000        0.0000000000000000        1.5274929806811262     
           0           0         331   10.500000000000000        0.0000000000000000        1.5274748248613861     
           0           0         332   15.750000000000000        1.7500000000000000        1.5270798461116200     
           0           0         333   11.375000000000000        0.0000000000000000        1.5274334074073204     
           0           0         334   12.250000000000000        0.0000000000000000        1.5273233772196821     
           0           0         335   13.125000000000000        0.0000000000000000        1.5272363319210940     
           0           0         336   17.500000000000000        1.7500000000000000        1.5269969154244389     
           0           0         337   14.000000000000000        0.0000000000000000        1.5272197815582760     
           0           0         338   14.875000000000000        0.0000000000000000        1.5271993566911006     
           0           0         339   15.750000000000000        0.0000000000000000        1.5271187591472148     
           0           0         340   16.625000000000000        0.0000000000000000        1.5270666800574404     
           0           0         341   17.500000000000000        0.0000000000000000        1.5270470878708693     
