           0           0           1   0.0000000000000000        35.000000000000000        1.3805018691290671     
           0           0           2  0.87500000000000000        35.000000000000000        1.3805024718848162     
           0           0           3   0.0000000000000000        33.250000000000000        1.3806942035477747     
           0           0           4   1.7500000000000000        35.000000000000000        1.3805014867908225     
           0           0           5   1.7500000000000000        33.250000000000000        1.3806956286576522     
           0           0           6   2.6250000000000000        35.000000000000000        1.3805011581389501     
           0           0           7   0.0000000000000000        31.500000000000000        1.3808549144874041     
           0           0           8   3.5000000000000000        35.000000000000000        1.3804989960648291     
           0           0           9  0.87500000000000000        31.500000000000000        1.3808581725680258     
           0           0          10   3.5000000000000000        33.250000000000000        1.3806976566405740     
           0           0          11   1.7500000000000000        31.500000000000000        1.3808580062302456     
           0           0          12   2.6250000000000000        31.500000000000000        1.3808616431083145     
           0           0          13   4.3750000000000000        35.000000000000000        1.3804976434009864     
           0           0          14   3.5000000000000000        31.500000000000000        1.3808630643951911     
           0           0          15   0.0000000000000000        29.750000000000000        1.3810503200623634     
           0           0          16   5.2500000000000000        35.000000000000000        1.3804938710214758     
           0           0          17   1.7500000000000000        29.750000000000000        1.3810556638111853     
           0           0          18   5.2500000000000000        33.250000000000000        1.3807006497734025     
           0           0          19   4.3750000000000000        31.500000000000000        1.3808687571705360     
           0           0          20   6.1250000000000000        35.000000000000000        1.3804907347385955     
           0           0          21   3.5000000000000000        29.750000000000000        1.3810667304338551     
           0           0          22   5.2500000000000000        31.500000000000000        1.3808715010507169     
           0           0          23   0.0000000000000000        28.000000000000000        1.3811749004490230     
           0           0          24   7.0000000000000000        35.000000000000000        1.3804840000160674     
           0           0          25   6.1250000000000000        31.500000000000000        1.3808796221796631     
           0           0          26  0.87500000000000000        28.000000000000000        1.3811801219213184     
           0           0          27   7.0000000000000000        33.250000000000000        1.3807039459641151     
           0           0          28   1.7500000000000000        28.000000000000000        1.3811809246218041     
           0           0          29   5.2500000000000000        29.750000000000000        1.3810862075957355     
           0           0          30   2.6250000000000000        28.000000000000000        1.3811880017398170     
           0           0          31   7.0000000000000000        31.500000000000000        1.3808834056907946     
           0           0          32   3.5000000000000000        28.000000000000000        1.3811928119729919     
           0           0          33   7.8750000000000000        35.000000000000000        1.3804775735406141     
           0           0          34   4.3750000000000000        28.000000000000000        1.3812044965075390     
           0           0          35   7.8750000000000000        31.500000000000000        1.3808945901050032     
           0           0          36   8.7500000000000000        35.000000000000000        1.3804651693286285     
           0           0          37   0.0000000000000000        26.250000000000000        1.3813510405905749     
           0           0          38   7.0000000000000000        29.750000000000000        1.3811161527993367     
           0           0          39   5.2500000000000000        28.000000000000000        1.3812137166361875     
           0           0          40   8.7500000000000000        33.250000000000000        1.3807061501095228     
           0           0          41   1.7500000000000000        26.250000000000000        1.3813577538120305     
           0           0          42   6.1250000000000000        28.000000000000000        1.3812310068591098     
           0           0          43   8.7500000000000000        31.500000000000000        1.3808990758247830     
           0           0          44   3.5000000000000000        26.250000000000000        1.3813729472784466     
           0           0          45   9.6250000000000000        35.000000000000000        1.3804514032305173     
           0           0          46   7.0000000000000000        28.000000000000000        1.3812458285451386     
           0           0          47   8.7500000000000000        29.750000000000000        1.3811602681462116     
           0           0          48   5.2500000000000000        26.250000000000000        1.3813992824983983     
           0           0          49   9.6250000000000000        31.500000000000000        1.3809146539391917     
           0           0          50   10.500000000000000        35.000000000000000        1.3804265737238928     
           0           0          51   0.0000000000000000        24.500000000000000        1.3814414352282025     
           0           0          52   7.8750000000000000        28.000000000000000        1.3812703253963430     
           0           0          53  0.87500000000000000        24.500000000000000        1.3814456207382115     
           0           0          54   1.7500000000000000        24.500000000000000        1.3814478098777923     
           0           0          55   10.500000000000000        33.250000000000000        1.3807056950148988     
           0           0          56   2.6250000000000000        24.500000000000000        1.3814554727544450     
           0           0          57   3.5000000000000000        24.500000000000000        1.3814628765694483     
           0           0          58   10.500000000000000        31.500000000000000        1.3809194898343391     
           0           0          59   8.7500000000000000        28.000000000000000        1.3812931231548788     
           0           0          60   7.0000000000000000        26.250000000000000        1.3814384993735684     
           0           0          61   11.375000000000000        35.000000000000000        1.3803992569620585     
           0           0          62   4.3750000000000000        24.500000000000000        1.3814757683210765     
           0           0          63   10.500000000000000        29.750000000000000        1.3812249037664774     
           0           0          64   5.2500000000000000        24.500000000000000        1.3814891013595836     
           0           0          65   11.375000000000000        31.500000000000000        1.3809432319633723     
           0           0          66   9.6250000000000000        28.000000000000000        1.3813274996681613     
           0           0          67   6.1250000000000000        24.500000000000000        1.3815078234029476     
           0           0          68   0.0000000000000000        22.750000000000000        1.3815736493796968     
           0           0          69   12.250000000000000        35.000000000000000        1.3803488692967305     
           0           0          70   12.250000000000000        33.250000000000000        1.3806985412661044     
           0           0          71   1.7500000000000000        22.750000000000000        1.3815793237519063     
           0           0          72   8.7500000000000000        26.250000000000000        1.3814932344312205     
           0           0          73   7.0000000000000000        24.500000000000000        1.3815284123800029     
           0           0          74   10.500000000000000        28.000000000000000        1.3813639113974596     
           0           0          75   3.5000000000000000        22.750000000000000        1.3815935454107118     
           0           0          76   12.250000000000000        31.500000000000000        1.3809520572481462     
           0           0          77   7.8750000000000000        24.500000000000000        1.3815537999645435     
           0           0          78   13.125000000000000        35.000000000000000        1.3802709703818379     
           0           0          79   5.2500000000000000        22.750000000000000        1.3816177292089322     
           0           0          80   12.250000000000000        29.750000000000000        1.3813209563876470     
           0           0          81   11.375000000000000        28.000000000000000        1.3814122035521386     
           0           0          82   13.125000000000000        31.500000000000000        1.3809940731787289     
           0           0          83   10.500000000000000        26.250000000000000        1.3815669927144674     
           0           0          84   8.7500000000000000        24.500000000000000        1.3815835042328444     
           0           0          85   0.0000000000000000        21.000000000000000        1.3816369616962754     
           0           0          86   14.000000000000000        35.000000000000000        1.3801400815106455     
           0           0          87  0.87500000000000000        21.000000000000000        1.3816391513466066     
           0           0          88   14.000000000000000        33.250000000000000        1.3807115421674696     
           0           0          89   7.0000000000000000        22.750000000000000        1.3816526148094854     
           0           0          90   12.250000000000000        28.000000000000000        1.3814704289816084     
           0           0          91   1.7500000000000000        21.000000000000000        1.3816419426703574     
           0           0          92   9.6250000000000000        24.500000000000000        1.3816166386290807     
           0           0          93   2.6250000000000000        21.000000000000000        1.3816480592851212     
           0           0          94   14.000000000000000        31.500000000000000        1.3810232863077163     
           0           0          95   3.5000000000000000        21.000000000000000        1.3816555019923409     
           0           0          96   4.3750000000000000        21.000000000000000        1.3816660235991682     
           0           0          97   10.500000000000000        24.500000000000000        1.3816584157661371     
           0           0          98   13.125000000000000        28.000000000000000        1.3815382618543819     
           0           0          99   14.875000000000000        35.000000000000000        1.3800006008556185     
           0           0         100   14.000000000000000        29.750000000000000        1.3814405249477644     
           0           0         101   5.2500000000000000        21.000000000000000        1.3816784688319217     
           0           0         102   8.7500000000000000        22.750000000000000        1.3816991722639784     
           0           0         103   12.250000000000000        26.250000000000000        1.3816686779811400     
           0           0         104   6.1250000000000000        21.000000000000000        1.3816934895040931     
           0           0         105   14.875000000000000        31.500000000000000        1.3811401540138812     
           0           0         106   11.375000000000000        24.500000000000000        1.3817003756833772     
           0           0         107   14.000000000000000        28.000000000000000        1.3816765860027702     
           0           0         108   7.0000000000000000        21.000000000000000        1.3817113325988297     
           0           0         109   0.0000000000000000        19.250000000000000        1.3817215721644744     
           0           0         110   15.750000000000000        35.000000000000000        1.3797203010857095     
           0           0         111   15.750000000000000        33.250000000000000        1.3808782817120249     
           0           0         112   1.7500000000000000        19.250000000000000        1.3817253849157978     
           0           0         113   7.8750000000000000        21.000000000000000        1.3817309386098902     
           0           0         114   3.5000000000000000        19.250000000000000        1.3817362676412728     
           0           0         115   10.500000000000000        22.750000000000000        1.3817579297711933     
           0           0         116   15.750000000000000        31.500000000000000        1.3809730894922174     
           0           0         117   12.250000000000000        24.500000000000000        1.3817515547548576     
           0           0         118   14.875000000000000        28.000000000000000        1.3817514978141552     
           0           0         119   14.000000000000000        26.250000000000000        1.3817982145646539     
           0           0         120   8.7500000000000000        21.000000000000000        1.3817543486077748     
           0           0         121   15.750000000000000        29.750000000000000        1.3817480108488751     
           0           0         122   5.2500000000000000        19.250000000000000        1.3817544411367013     
           0           0         123   16.625000000000000        35.000000000000000        1.3780274258708276     
           0           0         124   13.125000000000000        24.500000000000000        1.3818046244273527     
           0           0         125   9.6250000000000000        21.000000000000000        1.3817785071992137     
           0           0         126   16.625000000000000        31.500000000000000        1.3813515154309548     
           0           0         127   7.0000000000000000        19.250000000000000        1.3817799012452019     
           0           0         128   15.750000000000000        28.000000000000000        1.3818994852887869     
           0           0         129   12.250000000000000        22.750000000000000        1.3818293520591400     
           0           0         130   14.000000000000000        24.500000000000000        1.3818650621756541     
           0           0         131   17.500000000000000        35.000000000000000        1.3760291531811779     
           0           0         132   0.0000000000000000        17.500000000000000        1.3817640325673453     
           0           0         133   10.500000000000000        21.000000000000000        1.3818076807880391     
           0           0         134  0.87500000000000000        17.500000000000000        1.3817646377032418     
           0           0         135   1.7500000000000000        17.500000000000000        1.3817671820643280     
           0           0         136   17.500000000000000        33.250000000000000        1.3804626794163797     
           0           0         137   2.6250000000000000        17.500000000000000        1.3817711352432109     
           0           0         138   17.500000000000000        31.500000000000000        1.3820602264449231     
           0           0         139   3.5000000000000000        17.500000000000000        1.3817769848871782     
           0           0         140   8.7500000000000000        19.250000000000000        1.3818125388782341     
           0           0         141   15.750000000000000        26.250000000000000        1.3819436988814404     
           0           0         142   4.3750000000000000        17.500000000000000        1.3817840240219654     
           0           0         143   11.375000000000000        21.000000000000000        1.3818358810530436     
           0           0         144   16.625000000000000        28.000000000000000        1.3819651304879486     
           0           0         145   14.875000000000000        24.500000000000000        1.3819314960404179     
           0           0         146   17.500000000000000        29.750000000000000        1.3822585471625786     
           0           0         147   5.2500000000000000        17.500000000000000        1.3817932094411549     
           0           0         148   6.1250000000000000        17.500000000000000        1.3818031758073850     
           0           0         149   14.000000000000000        22.750000000000000        1.3819122489033817     
           0           0         150   12.250000000000000        21.000000000000000        1.3818700128207413     
           0           0         151   7.0000000000000000        17.500000000000000        1.3818155983668758     
           0           0         152   17.500000000000000        28.000000000000000        1.3821163134048533     
           0           0         153   10.500000000000000        19.250000000000000        1.3818519577302451     
           0           0         154   15.750000000000000        24.500000000000000        1.3819938805845997     
           0           0         155   7.8750000000000000        17.500000000000000        1.3818282595622509     
           0           0         156   13.125000000000000        21.000000000000000        1.3819006403617118     
           0           0         157   0.0000000000000000        15.750000000000000        1.3818113597874484     
           0           0         158   1.7500000000000000        15.750000000000000        1.3818135634978208     
           0           0         159   3.5000000000000000        15.750000000000000        1.3818208709265352     
           0           0         160   17.500000000000000        26.250000000000000        1.3820927023467184     
           0           0         161   8.7500000000000000        17.500000000000000        1.3818435901172117     
           0           0         162   16.625000000000000        24.500000000000000        1.3820621905085801     
           0           0         163   14.000000000000000        21.000000000000000        1.3819392753073863     
           0           0         164   12.250000000000000        19.250000000000000        1.3818973689630072     
           0           0         165   15.750000000000000        22.750000000000000        1.3820089819843104     
           0           0         166   5.2500000000000000        15.750000000000000        1.3818329015992525     
           0           0         167   9.6250000000000000        17.500000000000000        1.3818585919450161     
           0           0         168   17.500000000000000        24.500000000000000        1.3821431178505974     
           0           0         169   10.500000000000000        17.500000000000000        1.3818762082789702     
           0           0         170   14.875000000000000        21.000000000000000        1.3819708223790170     
           0           0         171   7.0000000000000000        15.750000000000000        1.3818493815738262     
           0           0         172   11.375000000000000        17.500000000000000        1.3818931183485756     
           0           0         173   0.0000000000000000        14.000000000000000        1.3818383416307889     
           0           0         174  0.87500000000000000        14.000000000000000        1.3818381159567561     
           0           0         175   14.000000000000000        19.250000000000000        1.3819472412302443     
           0           0         176   1.7500000000000000        14.000000000000000        1.3818400319510422     
           0           0         177   15.750000000000000        21.000000000000000        1.3820084439155778     
           0           0         178   8.7500000000000000        15.750000000000000        1.3818698676035479     
           0           0         179   2.6250000000000000        14.000000000000000        1.3818422161220631     
           0           0         180   3.5000000000000000        14.000000000000000        1.3818461572017242     
           0           0         181   12.250000000000000        17.500000000000000        1.3819118442251335     
           0           0         182   17.500000000000000        22.750000000000000        1.3821181641531024     
           0           0         183   4.3750000000000000        14.000000000000000        1.3818502639265491     
           0           0         184   5.2500000000000000        14.000000000000000        1.3818561215335450     
           0           0         185   16.625000000000000        21.000000000000000        1.3820417597255961     
           0           0         186   6.1250000000000000        14.000000000000000        1.3818619729209547     
           0           0         187   13.125000000000000        17.500000000000000        1.3819301555252539     
           0           0         188   10.500000000000000        15.750000000000000        1.3818936714668530     
           0           0         189   7.0000000000000000        14.000000000000000        1.3818695052348149     
           0           0         190   15.750000000000000        19.250000000000000        1.3819983928589443     
           0           0         191   17.500000000000000        21.000000000000000        1.3820725508695528     
           0           0         192   14.000000000000000        17.500000000000000        1.3819485762629546     
           0           0         193   7.8750000000000000        14.000000000000000        1.3818768641739143     
           0           0         194   0.0000000000000000        12.250000000000000        1.3818616604470280     
           0           0         195   8.7500000000000000        14.000000000000000        1.3818856925113501     
           0           0         196   12.250000000000000        15.750000000000000        1.3819198242690134     
           0           0         197   1.7500000000000000        12.250000000000000        1.3818627797819472     
           0           0         198   14.875000000000000        17.500000000000000        1.3819675815553918     
           0           0         199   3.5000000000000000        12.250000000000000        1.3818672321471830     
           0           0         200   9.6250000000000000        14.000000000000000        1.3818942326940893     
           0           0         201   5.2500000000000000        12.250000000000000        1.3818744702314834     
           0           0         202   10.500000000000000        14.000000000000000        1.3819038414834621     
           0           0         203   15.750000000000000        17.500000000000000        1.3819842855573665     
           0           0         204   17.500000000000000        19.250000000000000        1.3820457235683246     
           0           0         205   7.0000000000000000        12.250000000000000        1.3818841827831618     
           0           0         206   14.000000000000000        15.750000000000000        1.3819468475709538     
           0           0         207   11.375000000000000        14.000000000000000        1.3819131374821401     
           0           0         208   16.625000000000000        17.500000000000000        1.3820028018315105     
           0           0         209   12.250000000000000        14.000000000000000        1.3819228318460259     
           0           0         210   8.7500000000000000        12.250000000000000        1.3818959261769097     
           0           0         211   0.0000000000000000        10.500000000000000        1.3818779189215404     
           0           0         212  0.87500000000000000        10.500000000000000        1.3818773972389349     
           0           0         213   1.7500000000000000        10.500000000000000        1.3818786832208259     
           0           0         214   2.6250000000000000        10.500000000000000        1.3818797198088029     
           0           0         215   3.5000000000000000        10.500000000000000        1.3818821157998258     
           0           0         216   17.500000000000000        17.500000000000000        1.3820186045114458     
           0           0         217   13.125000000000000        14.000000000000000        1.3819323524939757     
           0           0         218   15.750000000000000        15.750000000000000        1.3819730505738752     
           0           0         219   4.3750000000000000        10.500000000000000        1.3818842449385629     
           0           0         220   5.2500000000000000        10.500000000000000        1.3818876224537318     
           0           0         221   10.500000000000000        12.250000000000000        1.3819090879063696     
           0           0         222   14.000000000000000        14.000000000000000        1.3819414218917196     
           0           0         223   6.1250000000000000        10.500000000000000        1.3818907116866967     
           0           0         224   7.0000000000000000        10.500000000000000        1.3818948531556652     
           0           0         225   14.875000000000000        14.000000000000000        1.3819506074743837     
           0           0         226   7.8750000000000000        10.500000000000000        1.3818987238972584     
           0           0         227   12.250000000000000        12.250000000000000        1.3819228754231214     
           0           0         228   17.500000000000000        15.750000000000000        1.3819967818487933     
           0           0         229   8.7500000000000000        10.500000000000000        1.3819033318307421     
           0           0         230   15.750000000000000        14.000000000000000        1.3819581260779392     
           0           0         231   0.0000000000000000        8.7500000000000000        1.3818876832472364     
           0           0         232   1.7500000000000000        8.7500000000000000        1.3818881671012968     
           0           0         233   9.6250000000000000        10.500000000000000        1.3819077513241902     
           0           0         234   3.5000000000000000        8.7500000000000000        1.3818906748587183     
           0           0         235   10.500000000000000        10.500000000000000        1.3819124526281286     
           0           0         236   14.000000000000000        12.250000000000000        1.3819363092226831     
           0           0         237   5.2500000000000000        8.7500000000000000        1.3818946987596603     
           0           0         238   16.625000000000000        14.000000000000000        1.3819668102652893     
           0           0         239   11.375000000000000        10.500000000000000        1.3819171430625095     
           0           0         240   7.0000000000000000        8.7500000000000000        1.3818999776992273     
           0           0         241   17.500000000000000        14.000000000000000        1.3819718550029698     
           0           0         242   12.250000000000000        10.500000000000000        1.3819214948219738     
           0           0         243   15.750000000000000        12.250000000000000        1.3819481969304497     
           0           0         244   8.7500000000000000        8.7500000000000000        1.3819061603391525     
           0           0         245   13.125000000000000        10.500000000000000        1.3819261384080364     
           0           0         246   0.0000000000000000        7.0000000000000000        1.3818971072387101     
           0           0         247  0.87500000000000000        7.0000000000000000        1.3818965487660797     
           0           0         248   1.7500000000000000        7.0000000000000000        1.3818973630328404     
           0           0         249   2.6250000000000000        7.0000000000000000        1.3818977556110308     
           0           0         250   3.5000000000000000        7.0000000000000000        1.3818991205658695     
           0           0         251   14.000000000000000        10.500000000000000        1.3819297006311888     
           0           0         252   10.500000000000000        8.7500000000000000        1.3819127927266297     
           0           0         253   4.3750000000000000        7.0000000000000000        1.3819000899023590     
           0           0         254   5.2500000000000000        7.0000000000000000        1.3819018940683911     
           0           0         255   6.1250000000000000        7.0000000000000000        1.3819033558103020     
           0           0         256   14.875000000000000        10.500000000000000        1.3819339433241098     
           0           0         257   17.500000000000000        12.250000000000000        1.3819571662206309     
           0           0         258   7.0000000000000000        7.0000000000000000        1.3819054359130556     
           0           0         259   12.250000000000000        8.7500000000000000        1.3819193312665980     
           0           0         260   7.8750000000000000        7.0000000000000000        1.3819072710941080     
           0           0         261   15.750000000000000        10.500000000000000        1.3819363385640242     
           0           0         262   8.7500000000000000        7.0000000000000000        1.3819094242730796     
           0           0         263   16.625000000000000        10.500000000000000        1.3819399406546389     
           0           0         264   9.6250000000000000        7.0000000000000000        1.3819114756643900     
           0           0         265   14.000000000000000        8.7500000000000000        1.3819251305405371     
           0           0         266   0.0000000000000000        5.2500000000000000        1.3818999140038888     
           0           0         267   1.7500000000000000        5.2500000000000000        1.3819000667421379     
           0           0         268   10.500000000000000        7.0000000000000000        1.3819134683984771     
           0           0         269   3.5000000000000000        5.2500000000000000        1.3819014235040488     
           0           0         270   17.500000000000000        10.500000000000000        1.3819409622268137     
           0           0         271   5.2500000000000000        5.2500000000000000        1.3819035636197405     
           0           0         272   11.375000000000000        7.0000000000000000        1.3819155472368883     
           0           0         273   7.0000000000000000        5.2500000000000000        1.3819062857410827     
           0           0         274   12.250000000000000        7.0000000000000000        1.3819171228531324     
           0           0         275   15.750000000000000        8.7500000000000000        1.3819294720929904     
           0           0         276   13.125000000000000        7.0000000000000000        1.3819190174911746     
           0           0         277   8.7500000000000000        5.2500000000000000        1.3819093298627421     
           0           0         278   14.000000000000000        7.0000000000000000        1.3819199422200235     
           0           0         279   0.0000000000000000        3.5000000000000000        1.3819052751439078     
           0           0         280  0.87500000000000000        3.5000000000000000        1.3819047550202392     
           0           0         281   10.500000000000000        5.2500000000000000        1.3819123728869882     
           0           0         282   17.500000000000000        8.7500000000000000        1.3819317502098341     
           0           0         283   1.7500000000000000        3.5000000000000000        1.3819052914467704     
           0           0         284   2.6250000000000000        3.5000000000000000        1.3819053740809728     
           0           0         285   3.5000000000000000        3.5000000000000000        1.3819061725064310     
           0           0         286   14.875000000000000        7.0000000000000000        1.3819214330007228     
           0           0         287   4.3750000000000000        3.5000000000000000        1.3819065596260010     
           0           0         288   5.2500000000000000        3.5000000000000000        1.3819075284352025     
           0           0         289   6.1250000000000000        3.5000000000000000        1.3819081655189882     
           0           0         290   15.750000000000000        7.0000000000000000        1.3819215365756146     
           0           0         291   12.250000000000000        5.2500000000000000        1.3819150441276649     
           0           0         292   7.0000000000000000        3.5000000000000000        1.3819091824168495     
           0           0         293   7.8750000000000000        3.5000000000000000        1.3819099884372983     
           0           0         294   16.625000000000000        7.0000000000000000        1.3819225230360841     
           0           0         295   8.7500000000000000        3.5000000000000000        1.3819109100564766     
           0           0         296   14.000000000000000        5.2500000000000000        1.3819169395540984     
           0           0         297   9.6250000000000000        3.5000000000000000        1.3819117771533205     
           0           0         298   17.500000000000000        7.0000000000000000        1.3819215603943162     
           0           0         299   10.500000000000000        3.5000000000000000        1.3819124477706304     
           0           0         300   0.0000000000000000        1.7500000000000000        1.3819046010747136     
           0           0         301   1.7500000000000000        1.7500000000000000        1.3819046163068052     
           0           0         302   3.5000000000000000        1.7500000000000000        1.3819054490860736     
           0           0         303   11.375000000000000        3.5000000000000000        1.3819132474416504     
           0           0         304   15.750000000000000        5.2500000000000000        1.3819176278763059     
           0           0         305   5.2500000000000000        1.7500000000000000        1.3819067368019562     
           0           0         306   12.250000000000000        3.5000000000000000        1.3819135097142676     
           0           0         307   7.0000000000000000        1.7500000000000000        1.3819083133085406     
           0           0         308   13.125000000000000        3.5000000000000000        1.3819141000864374     
           0           0         309   8.7500000000000000        1.7500000000000000        1.3819099693751382     
           0           0         310   14.000000000000000        3.5000000000000000        1.3819138207633825     
           0           0         311   17.500000000000000        5.2500000000000000        1.3819167538359867     
           0           0         312   14.875000000000000        3.5000000000000000        1.3819140582127274     
           0           0         313   10.500000000000000        1.7500000000000000        1.3819114518734812     
           0           0         314   0.0000000000000000        0.0000000000000000        1.3819074736844823     
           0           0         315  0.87500000000000000        0.0000000000000000        1.3819069752196420     
           0           0         316   1.7500000000000000        0.0000000000000000        1.3819074210793603     
           0           0         317   2.6250000000000000        0.0000000000000000        1.3819074133317213     
           0           0         318   3.5000000000000000        0.0000000000000000        1.3819080332099907     
           0           0         319   15.750000000000000        3.5000000000000000        1.3819131774084492     
           0           0         320   4.3750000000000000        0.0000000000000000        1.3819082459783942     
           0           0         321   5.2500000000000000        0.0000000000000000        1.3819089559658657     
           0           0         322   12.250000000000000        1.7500000000000000        1.3819124806539762     
           0           0         323   6.1250000000000000        0.0000000000000000        1.3819093446374788     
           0           0         324   16.625000000000000        3.5000000000000000        1.3819129935016370     
           0           0         325   7.0000000000000000        0.0000000000000000        1.3819100370135562     
           0           0         326   7.8750000000000000        0.0000000000000000        1.3819105330846821     
           0           0         327   17.500000000000000        3.5000000000000000        1.3819113773913414     
           0           0         328   8.7500000000000000        0.0000000000000000        1.3819110851635255     
           0           0         329   14.000000000000000        1.7500000000000000        1.3819127629059678     
           0           0         330   9.6250000000000000        0.0000000000000000        1.3819115965043833     
           0           0         331   10.500000000000000        0.0000000000000000        1.3819118790524487     
           0           0         332   15.750000000000000        1.7500000000000000        1.3819119980811951     
           0           0         333   11.375000000000000        0.0000000000000000        1.3819122958938914     
           0           0         334   12.250000000000000        0.0000000000000000        1.3819121827265664     
           0           0         335   13.125000000000000        0.0000000000000000        1.3819123852743507     
           0           0         336   17.500000000000000        1.7500000000000000        1.3819099847118261     
           0           0         337   14.000000000000000        0.0000000000000000        1.3819117747915164     
           0           0         338   14.875000000000000        0.0000000000000000        1.3819116444133850     
           0           0         339   15.750000000000000        0.0000000000000000        1.3819105077901122     
           0           0         340   16.625000000000000        0.0000000000000000        1.3819099941880530     
           0           0         341   17.500000000000000        0.0000000000000000        1.3819082053362233     
